  5.910 2164 Alaska-slab2-v3                                                                  195.5985   53.0359 15.8
  5.024 2165 Alaska-slab2-v3                                                                  195.5310   53.1146 17.7
  3.947 2166 Alaska-slab2-v3                                                                  195.4640   53.1926 19.9
  5.876 2179 Alaska-slab2-v3                                                                  195.3277   52.9711 15.9
  4.999 2180 Alaska-slab2-v3                                                                  195.2615   53.0502 17.7
  3.954 2181 Alaska-slab2-v3                                                                  195.1957   53.1287 19.9
  2.957 2182 Alaska-slab2-v3                                                                  195.1300   53.2075 22.0
  5.833 2194 Alaska-slab2-v3                                                                  195.0595   52.9040 15.9
  4.971 2195 Alaska-slab2-v3                                                                  194.9946   52.9835 17.7
  3.969 2196 Alaska-slab2-v3                                                                  194.9299   53.0626 19.8
  2.996 2197 Alaska-slab2-v3                                                                  194.8651   53.1418 21.8
  5.843 2209 Alaska-slab2-v3                                                                  194.7952   52.8344 15.7
  4.998 2210 Alaska-slab2-v3                                                                  194.7309   52.9142 17.5
  4.017 2211 Alaska-slab2-v3                                                                  194.6671   52.9936 19.5
  3.050 2212 Alaska-slab2-v3                                                                  194.6032   53.0731 21.5
  5.936 2224 Alaska-slab2-v3                                                                  194.5343   52.7630 15.4
  5.113 2225 Alaska-slab2-v3                                                                  194.4699   52.8428 17.1
  4.133 2226 Alaska-slab2-v3                                                                  194.4069   52.9224 19.1
  3.139 2227 Alaska-slab2-v3                                                                  194.3436   53.0020 21.1
  6.084 2239 Alaska-slab2-v3                                                                  194.2746   52.6905 15.0
  5.296 2240 Alaska-slab2-v3                                                                  194.2100   52.7703 16.6
  4.322 2241 Alaska-slab2-v3                                                                  194.1478   52.8502 18.6
  3.288 2242 Alaska-slab2-v3                                                                  194.0852   52.9298 20.7
  5.492 2255 Alaska-slab2-v3                                                                  193.9493   52.6979 16.2
  4.532 2256 Alaska-slab2-v3                                                                  193.8879   52.7780 18.2
  3.473 2257 Alaska-slab2-v3                                                                  193.8262   52.8577 20.3
  5.650 2270 Alaska-slab2-v3                                                                  193.6866   52.6267 16.0
  4.718 2271 Alaska-slab2-v3                                                                  193.6262   52.7072 17.9
  3.644 2272 Alaska-slab2-v3                                                                  193.5655   52.7871 20.1
  4.681 2284 Alaska-slab2-v3                                                                  193.4213   52.5583 15.9
  3.935 2285 Alaska-slab2-v3                                                                  193.3621   52.6391 17.8
  3.062 2286 Alaska-slab2-v3                                                                  193.3026   52.7192 20.0
  3.641 2298 Alaska-slab2-v3                                                                  193.1537   52.4933 15.9
  3.070 2299 Alaska-slab2-v3                                                                  193.0957   52.5744 17.8
  2.406 2300 Alaska-slab2-v3                                                                  193.0373   52.6548 20.0
  2.560 2312 Alaska-slab2-v3                                                                  192.8841   52.4317 16.0
  2.158 2313 Alaska-slab2-v3                                                                  192.8274   52.5130 18.0
  1.700 2314 Alaska-slab2-v3                                                                  192.7702   52.5937 20.2
  1.460 2326 Alaska-slab2-v3                                                                  192.6135   52.3730 16.1
  1.227 2327 Alaska-slab2-v3                                                                  192.5579   52.4546 18.1
  0.968 2328 Alaska-slab2-v3                                                                  192.5018   52.5356 20.3
  1.464 2340 Alaska-slab2-v3                                                                  192.3430   52.3171 16.0
  1.226 2341 Alaska-slab2-v3                                                                  192.2883   52.3988 18.0
  0.962 2342 Alaska-slab2-v3                                                                  192.2330   52.4799 20.2
  1.489 2354 Alaska-slab2-v3                                                                  192.0749   52.2635 15.6
  1.248 2355 Alaska-slab2-v3                                                                  192.0201   52.3451 17.7
  0.971 2356 Alaska-slab2-v3                                                                  191.9654   52.4262 20.0
  1.536 2368 Alaska-slab2-v3                                                                  191.8094   52.2105 15.1
  1.301 2369 Alaska-slab2-v3                                                                  191.7544   52.2923 17.0
  1.018 2370 Alaska-slab2-v3                                                                  191.7002   52.3734 19.4
  0.706 2371 Alaska-slab2-v3                                                                  191.6448   52.4536 21.9
  1.370 2383 Alaska-slab2-v3                                                                  191.4894   52.2379 16.3
  1.095 2384 Alaska-slab2-v3                                                                  191.4364   52.3195 18.6
  0.766 2385 Alaska-slab2-v3                                                                  191.3815   52.3995 21.3
  1.426 2397 Alaska-slab2-v3                                                                  191.2237   52.1804 15.8
  1.167 2398 Alaska-slab2-v3                                                                  191.1719   52.2625 17.9
  0.838 2399 Alaska-slab2-v3                                                                  191.1184   52.3428 20.6
  1.458 2410 Alaska-slab2-v3                                                                  190.9577   52.1189 15.5
  1.204 2411 Alaska-slab2-v3                                                                  190.9069   52.2013 17.6
  0.882 2412 Alaska-slab2-v3                                                                  190.8550   52.2822 20.2
  1.477 2423 Alaska-slab2-v3                                                                  190.6924   52.0543 15.4
  1.217 2424 Alaska-slab2-v3                                                                  190.6429   52.1369 17.5
  0.892 2425 Alaska-slab2-v3                                                                  190.5927   52.2181 20.1
  1.490 2436 Alaska-slab2-v3                                                                  190.4282   51.9881 15.3
  1.217 2437 Alaska-slab2-v3                                                                  190.3804   52.0708 17.6
  0.886 2438 Alaska-slab2-v3                                                                  190.3318   52.1522 20.3
  1.495 2449 Alaska-slab2-v3                                                                  190.1648   51.9215 15.4
  1.216 2450 Alaska-slab2-v3                                                                  190.1187   52.0044 17.6
  0.881 2451 Alaska-slab2-v3                                                                  190.0718   52.0861 20.4
  1.489 2462 Alaska-slab2-v3                                                                  189.9018   51.8558 15.5
  1.215 2463 Alaska-slab2-v3                                                                  189.8574   51.9391 17.8
  0.881 2464 Alaska-slab2-v3                                                                  189.8118   52.0210 20.5
