 41.990 2470 Alaska-slab2-v3                                                                  189.8891   51.3750  8.4
 41.990 2471 Alaska-slab2-v3                                                                  189.8380   51.4582  9.9
 41.990 2472 Alaska-slab2-v3                                                                  189.7873   51.5417 11.3
 41.990 2473 Alaska-slab2-v3                                                                  189.7369   51.6254 12.6
 41.990 2474 Alaska-slab2-v3                                                                  189.6864   51.7088 14.1
 41.990 2475 Alaska-slab2-v3                                                                  189.6395   51.7924 15.9
 37.490 2476 Alaska-slab2-v3                                                                  189.5966   51.8761 18.1
 30.387 2477 Alaska-slab2-v3                                                                  189.5517   51.9580 20.9
 41.990 2483 Alaska-slab2-v3                                                                  189.6196   51.3137  8.8
 41.990 2484 Alaska-slab2-v3                                                                  189.5703   51.3972 10.4
 41.990 2485 Alaska-slab2-v3                                                                  189.5211   51.4810 11.7
 41.990 2486 Alaska-slab2-v3                                                                  189.4718   51.5649 13.1
 41.990 2487 Alaska-slab2-v3                                                                  189.4233   51.6486 14.6
 41.990 2488 Alaska-slab2-v3                                                                  189.3786   51.7326 16.5
 36.820 2489 Alaska-slab2-v3                                                                  189.3368   51.8163 18.8
 29.742 2490 Alaska-slab2-v3                                                                  189.2920   51.8981 21.6
 41.990 2496 Alaska-slab2-v3                                                                  189.3493   51.2566  9.2
 41.990 2497 Alaska-slab2-v3                                                                  189.3020   51.3403 10.9
 41.990 2498 Alaska-slab2-v3                                                                  189.2542   51.4244 12.3
 41.990 2499 Alaska-slab2-v3                                                                  189.2063   51.5085 13.6
 41.276 2500 Alaska-slab2-v3                                                                  189.1606   51.5928 15.2
 35.560 2501 Alaska-slab2-v3                                                                  189.1191   51.6771 17.3
 28.554 2502 Alaska-slab2-v3                                                                  189.0776   51.7604 19.8
 20.400 2503 Alaska-slab2-v3                                                                  189.0325   51.8419 22.7
 41.990 2509 Alaska-slab2-v3                                                                  189.0781   51.2032  9.9
 41.990 2510 Alaska-slab2-v3                                                                  189.0329   51.2871 11.7
 41.990 2511 Alaska-slab2-v3                                                                  188.9866   51.3716 13.0
 41.990 2512 Alaska-slab2-v3                                                                  188.9407   51.4562 14.3
 40.834 2513 Alaska-slab2-v3                                                                  188.8984   51.5409 16.0
 34.754 2514 Alaska-slab2-v3                                                                  188.8598   51.6253 18.3
 27.572 2515 Alaska-slab2-v3                                                                  188.8181   51.7081 21.0
 19.556 2516 Alaska-slab2-v3                                                                  188.7724   51.7893 24.0
 41.990 2522 Alaska-slab2-v3                                                                  188.8060   51.1527 10.6
 41.990 2523 Alaska-slab2-v3                                                                  188.7626   51.2368 12.5
 41.990 2524 Alaska-slab2-v3                                                                  188.7182   51.3218 13.7
 41.990 2525 Alaska-slab2-v3                                                                  188.6752   51.4069 15.0
 40.282 2526 Alaska-slab2-v3                                                                  188.6360   51.4919 16.9
 33.991 2527 Alaska-slab2-v3                                                                  188.5981   51.5760 19.3
 26.820 2528 Alaska-slab2-v3                                                                  188.5557   51.6584 22.1
 41.990 2534 Alaska-slab2-v3                                                                  188.5701   51.0230  8.1
 41.990 2535 Alaska-slab2-v3                                                                  188.5329   51.1043 11.4
 41.990 2536 Alaska-slab2-v3                                                                  188.4913   51.1887 13.2
 41.990 2537 Alaska-slab2-v3                                                                  188.4488   51.2742 14.3
 41.990 2538 Alaska-slab2-v3                                                                  188.4086   51.3599 15.6
 39.686 2539 Alaska-slab2-v3                                                                  188.3715   51.4450 17.6
 33.341 2540 Alaska-slab2-v3                                                                  188.3330   51.5288 20.1
 26.290 2541 Alaska-slab2-v3                                                                  188.2902   51.6111 22.9
 41.990 2546 Alaska-slab2-v3                                                                  188.2929   50.9776  8.3
 41.990 2547 Alaska-slab2-v3                                                                  188.2584   51.0580 12.0
 41.990 2548 Alaska-slab2-v3                                                                  188.2186   51.1427 13.8
 41.990 2549 Alaska-slab2-v3                                                                  188.1783   51.2288 14.7
 41.990 2550 Alaska-slab2-v3                                                                  188.1402   51.3148 16.0
 39.133 2551 Alaska-slab2-v3                                                                  188.1045   51.3999 18.1
 32.900 2552 Alaska-slab2-v3                                                                  188.0659   51.4837 20.6
 25.998 2553 Alaska-slab2-v3                                                                  188.0232   51.5660 23.4
 41.990 2558 Alaska-slab2-v3                                                                  188.0151   50.9341  8.5
 41.990 2559 Alaska-slab2-v3                                                                  187.9829   51.0142 12.3
 41.990 2560 Alaska-slab2-v3                                                                  187.9448   51.0992 14.0
 41.990 2561 Alaska-slab2-v3                                                                  187.9064   51.1856 14.9
 38.974 2562 Alaska-slab2-v3                                                                  187.8701   51.2717 16.3
 32.915 2563 Alaska-slab2-v3                                                                  187.8356   51.3569 18.5
 25.946 2564 Alaska-slab2-v3                                                                  187.7975   51.4407 21.1
 18.372 2565 Alaska-slab2-v3                                                                  187.7555   51.5233 23.8
 41.990 2570 Alaska-slab2-v3                                                                  187.7371   50.8920  8.4
 41.990 2571 Alaska-slab2-v3                                                                  187.7070   50.9726 12.2
 41.990 2572 Alaska-slab2-v3                                                                  187.6702   51.0578 14.0
 41.990 2573 Alaska-slab2-v3                                                                  187.6335   51.1444 15.0
 38.712 2574 Alaska-slab2-v3                                                                  187.5990   51.2306 16.6
 32.401 2575 Alaska-slab2-v3                                                                  187.5659   51.3157 18.9
 25.380 2576 Alaska-slab2-v3                                                                  187.5286   51.3996 21.5
 41.990 2582 Alaska-slab2-v3                                                                  187.4593   50.8505  8.3
 41.990 2583 Alaska-slab2-v3                                                                  187.4311   50.9322 11.8
 41.990 2584 Alaska-slab2-v3                                                                  187.3957   51.0176 13.7
 41.990 2585 Alaska-slab2-v3                                                                  187.3605   51.1042 14.9
 38.700 2586 Alaska-slab2-v3                                                                  187.3276   51.1904 16.6
 32.200 2587 Alaska-slab2-v3                                                                  187.2958   51.2756 19.0
 24.993 2588 Alaska-slab2-v3                                                                  187.2596   51.3594 21.7
 41.990 2594 Alaska-slab2-v3                                                                  187.1815   50.8091  8.0
 41.990 2595 Alaska-slab2-v3                                                                  187.1553   50.8921 11.3
 41.990 2596 Alaska-slab2-v3                                                                  187.1217   50.9776 13.3
 41.990 2597 Alaska-slab2-v3                                                                  187.0879   51.0642 14.8
 38.863 2598 Alaska-slab2-v3                                                                  187.0563   51.1506 16.5
 32.500 2599 Alaska-slab2-v3                                                                  187.0262   51.2361 18.9
 25.153 2600 Alaska-slab2-v3                                                                  186.9916   51.3201 21.5
 41.990 2607 Alaska-slab2-v3                                                                  186.8792   50.8520 10.8
 41.990 2608 Alaska-slab2-v3                                                                  186.8480   50.9377 12.9
 41.990 2609 Alaska-slab2-v3                                                                  186.8157   51.0243 14.5
 38.968 2610 Alaska-slab2-v3                                                                  186.7857   51.1111 16.2
 33.091 2611 Alaska-slab2-v3                                                                  186.7578   51.1974 18.3
 26.016 2612 Alaska-slab2-v3                                                                  186.7261   51.2821 20.8
 18.077 2613 Alaska-slab2-v3                                                                  186.6892   51.3653 23.7
 41.990 2619 Alaska-slab2-v3                                                                  186.6029   50.8123 10.3
 41.990 2620 Alaska-slab2-v3                                                                  186.5747   50.8985 12.4
 41.990 2621 Alaska-slab2-v3                                                                  186.5444   50.9853 14.0
 41.990 2622 Alaska-slab2-v3                                                                  186.5161   51.0725 15.6
 39.155 2623 Alaska-slab2-v3                                                                  186.4904   51.1595 17.5
 33.433 2624 Alaska-slab2-v3                                                                  186.4633   51.2456 19.7
 26.659 2625 Alaska-slab2-v3                                                                  186.4304   51.3299 22.3
 41.990 2632 Alaska-slab2-v3                                                                  186.3261   50.7736  9.9
 41.990 2633 Alaska-slab2-v3                                                                  186.3013   50.8604 11.9
 41.990 2634 Alaska-slab2-v3                                                                  186.2741   50.9477 13.5
 41.990 2635 Alaska-slab2-v3                                                                  186.2478   51.0353 15.0
 38.769 2636 Alaska-slab2-v3                                                                  186.2236   51.1228 16.6
 33.440 2637 Alaska-slab2-v3                                                                  186.2002   51.2099 18.6
 27.241 2638 Alaska-slab2-v3                                                                  186.1726   51.2958 20.9
 19.765 2639 Alaska-slab2-v3                                                                  186.1398   51.3799 23.6
 41.990 2645 Alaska-slab2-v3                                                                  186.0487   50.7365  9.6
 41.990 2646 Alaska-slab2-v3                                                                  186.0271   50.8239 11.5
 41.990 2647 Alaska-slab2-v3                                                                  186.0035   50.9118 12.9
 41.990 2648 Alaska-slab2-v3                                                                  185.9799   50.9999 14.2
 41.990 2649 Alaska-slab2-v3                                                                  185.9571   51.0878 15.7
 38.723 2650 Alaska-slab2-v3                                                                  185.9348   51.1752 17.6
 33.371 2651 Alaska-slab2-v3                                                                  185.9110   51.2620 19.7
 27.350 2652 Alaska-slab2-v3                                                                  185.8833   51.3478 22.0
 41.990 2658 Alaska-slab2-v3                                                                  185.7703   50.7014  9.5
 41.990 2659 Alaska-slab2-v3                                                                  185.7512   50.7892 11.2
 41.990 2660 Alaska-slab2-v3                                                                  185.7307   50.8777 12.5
 41.990 2661 Alaska-slab2-v3                                                                  185.7100   50.9662 13.6
 41.990 2662 Alaska-slab2-v3                                                                  185.6891   51.0545 14.9
 38.173 2663 Alaska-slab2-v3                                                                  185.6675   51.1422 16.7
 32.516 2664 Alaska-slab2-v3                                                                  185.6451   51.2292 18.7
 26.502 2665 Alaska-slab2-v3                                                                  185.6203   51.3157 20.9
 19.553 2666 Alaska-slab2-v3                                                                  185.5928   51.4011 23.5
 41.990 2672 Alaska-slab2-v3                                                                  185.4912   50.6685  9.4
 41.990 2673 Alaska-slab2-v3                                                                  185.4736   50.7566 11.1
 41.990 2674 Alaska-slab2-v3                                                                  185.4549   50.8453 12.3
 41.990 2675 Alaska-slab2-v3                                                                  185.4362   50.9342 13.2
 41.990 2676 Alaska-slab2-v3                                                                  185.4172   51.0229 14.4
 41.990 2677 Alaska-slab2-v3                                                                  185.3969   51.1109 16.0
 38.090 2678 Alaska-slab2-v3                                                                  185.3752   51.1980 18.0
 32.455 2679 Alaska-slab2-v3                                                                  185.3522   51.2847 20.2
 26.387 2680 Alaska-slab2-v3                                                                  185.3272   51.3708 22.6
 41.990 2686 Alaska-slab2-v3                                                                  185.2117   50.6377  9.4
 41.990 2687 Alaska-slab2-v3                                                                  185.1952   50.7258 11.1
 41.990 2688 Alaska-slab2-v3                                                                  185.1776   50.8146 12.3
 41.990 2689 Alaska-slab2-v3                                                                  185.1598   50.9036 13.2
 41.990 2690 Alaska-slab2-v3                                                                  185.1420   50.9925 14.2
 41.990 2691 Alaska-slab2-v3                                                                  185.1230   51.0809 15.6
 37.505 2692 Alaska-slab2-v3                                                                  185.1026   51.1684 17.5
 31.692 2693 Alaska-slab2-v3                                                                  185.0813   51.2553 19.7
 25.401 2694 Alaska-slab2-v3                                                                  185.0579   51.3416 22.1
 41.990 2701 Alaska-slab2-v3                                                                  184.9321   50.6085  9.4
 41.990 2702 Alaska-slab2-v3                                                                  184.9167   50.6967 11.2
 41.990 2703 Alaska-slab2-v3                                                                  184.9002   50.7854 12.4
 41.990 2704 Alaska-slab2-v3                                                                  184.8836   50.8745 13.4
 41.990 2705 Alaska-slab2-v3                                                                  184.8668   50.9635 14.4
 41.351 2706 Alaska-slab2-v3                                                                  184.8487   51.0521 15.7
 36.890 2707 Alaska-slab2-v3                                                                  184.8291   51.1401 17.3
 31.367 2708 Alaska-slab2-v3                                                                  184.8091   51.2274 19.3
 24.974 2709 Alaska-slab2-v3                                                                  184.7869   51.3139 21.7
 41.990 2716 Alaska-slab2-v3                                                                  184.6522   50.5808  9.4
 41.990 2717 Alaska-slab2-v3                                                                  184.6381   50.6690 11.2
 41.990 2718 Alaska-slab2-v3                                                                  184.6230   50.7578 12.5
 41.990 2719 Alaska-slab2-v3                                                                  184.6078   50.8468 13.6
 41.990 2720 Alaska-slab2-v3                                                                  184.5923   50.9359 14.6
 40.462 2721 Alaska-slab2-v3                                                                  184.5748   51.0247 15.8
 36.385 2722 Alaska-slab2-v3                                                                  184.5556   51.1130 17.3
 31.317 2723 Alaska-slab2-v3                                                                  184.5363   51.2007 19.1
 25.120 2724 Alaska-slab2-v3                                                                  184.5152   51.2874 21.4
 17.903 2725 Alaska-slab2-v3                                                                  184.4923   51.3732 24.0
 41.990 2731 Alaska-slab2-v3                                                                  184.3720   50.5546  9.4
 41.990 2732 Alaska-slab2-v3                                                                  184.3591   50.6428 11.2
 41.990 2733 Alaska-slab2-v3                                                                  184.3452   50.7316 12.6
 41.990 2734 Alaska-slab2-v3                                                                  184.3312   50.8207 13.7
 41.990 2735 Alaska-slab2-v3                                                                  184.3167   50.9099 14.7
 40.070 2736 Alaska-slab2-v3                                                                  184.2999   50.9987 15.9
 36.173 2737 Alaska-slab2-v3                                                                  184.2813   51.0871 17.3
 31.365 2738 Alaska-slab2-v3                                                                  184.2627   51.1751 19.0
 25.451 2739 Alaska-slab2-v3                                                                  184.2425   51.2621 21.2
 18.349 2740 Alaska-slab2-v3                                                                  184.2209   51.3481 23.8
 41.990 2746 Alaska-slab2-v3                                                                  184.0914   50.5302  9.3
 41.990 2747 Alaska-slab2-v3                                                                  184.0794   50.6186 11.1
 41.990 2748 Alaska-slab2-v3                                                                  184.0666   50.7074 12.5
 41.990 2749 Alaska-slab2-v3                                                                  184.0536   50.7966 13.6
 41.990 2750 Alaska-slab2-v3                                                                  184.0402   50.8858 14.6
 40.298 2751 Alaska-slab2-v3                                                                  184.0244   50.9747 15.9
 36.279 2752 Alaska-slab2-v3                                                                  184.0065   51.0631 17.3
 31.489 2753 Alaska-slab2-v3                                                                  183.9887   51.1511 19.1
 25.764 2754 Alaska-slab2-v3                                                                  183.9695   51.2384 21.1
 18.828 2755 Alaska-slab2-v3                                                                  183.9490   51.3246 23.7
 41.990 2761 Alaska-slab2-v3                                                                  183.8105   50.5081  9.3
 41.990 2762 Alaska-slab2-v3                                                                  183.7994   50.5965 11.0
 41.990 2763 Alaska-slab2-v3                                                                  183.7875   50.6855 12.3
 41.990 2764 Alaska-slab2-v3                                                                  183.7755   50.7748 13.4
 41.990 2765 Alaska-slab2-v3                                                                  183.7633   50.8640 14.5
 40.968 2766 Alaska-slab2-v3                                                                  183.7487   50.9529 15.8
 36.658 2767 Alaska-slab2-v3                                                                  183.7317   51.0412 17.4
 31.585 2768 Alaska-slab2-v3                                                                  183.7146   51.1291 19.2
 25.857 2769 Alaska-slab2-v3                                                                  183.6962   51.2164 21.3
 18.984 2770 Alaska-slab2-v3                                                                  183.6768   51.3027 23.8
 41.990 2776 Alaska-slab2-v3                                                                  183.5292   50.4885  9.2
 41.990 2777 Alaska-slab2-v3                                                                  183.5191   50.5771 10.9
 41.990 2778 Alaska-slab2-v3                                                                  183.5081   50.6662 12.2
 41.990 2779 Alaska-slab2-v3                                                                  183.4970   50.7555 13.2
 41.990 2780 Alaska-slab2-v3                                                                  183.4859   50.8448 14.3
 41.842 2781 Alaska-slab2-v3                                                                  183.4725   50.9336 15.6
 37.184 2782 Alaska-slab2-v3                                                                  183.4566   51.0218 17.4
 31.772 2783 Alaska-slab2-v3                                                                  183.4403   51.1095 19.4
 25.741 2784 Alaska-slab2-v3                                                                  183.4229   51.1966 21.6
 41.990 2791 Alaska-slab2-v3                                                                  183.2476   50.4719  9.2
 41.990 2792 Alaska-slab2-v3                                                                  183.2383   50.5605 10.8
 41.990 2793 Alaska-slab2-v3                                                                  183.2282   50.6497 12.1
 41.990 2794 Alaska-slab2-v3                                                                  183.2180   50.7391 13.1
 41.990 2795 Alaska-slab2-v3                                                                  183.2078   50.8284 14.2
 41.990 2796 Alaska-slab2-v3                                                                  183.1956   50.9172 15.6
 37.729 2797 Alaska-slab2-v3                                                                  183.1809   51.0053 17.4
 31.994 2798 Alaska-slab2-v3                                                                  183.1656   51.0928 19.6
 25.622 2799 Alaska-slab2-v3                                                                  183.1494   51.1796 22.0
 41.990 2806 Alaska-slab2-v3                                                                  182.9656   50.4585  9.1
 41.990 2807 Alaska-slab2-v3                                                                  182.9573   50.5472 10.7
 41.990 2808 Alaska-slab2-v3                                                                  182.9481   50.6364 12.0
 41.990 2809 Alaska-slab2-v3                                                                  182.9388   50.7258 13.0
 41.990 2810 Alaska-slab2-v3                                                                  182.9294   50.8151 14.2
 41.990 2811 Alaska-slab2-v3                                                                  182.9181   50.9039 15.6
 38.314 2812 Alaska-slab2-v3                                                                  182.9046   50.9921 17.5
 32.478 2813 Alaska-slab2-v3                                                                  182.8905   51.0794 19.7
 25.778 2814 Alaska-slab2-v3                                                                  182.8754   51.1660 22.2
 41.990 2821 Alaska-slab2-v3                                                                  182.6836   50.4486  8.9
 41.990 2822 Alaska-slab2-v3                                                                  182.6763   50.5374 10.5
 41.990 2823 Alaska-slab2-v3                                                                  182.6679   50.6266 11.8
 41.990 2824 Alaska-slab2-v3                                                                  182.6593   50.7159 13.0
 41.990 2825 Alaska-slab2-v3                                                                  182.6507   50.8052 14.2
 41.990 2826 Alaska-slab2-v3                                                                  182.6403   50.8941 15.6
 38.985 2827 Alaska-slab2-v3                                                                  182.6279   50.9823 17.4
 33.205 2828 Alaska-slab2-v3                                                                  182.6151   51.0698 19.7
 26.342 2829 Alaska-slab2-v3                                                                  182.6012   51.1562 22.3
 41.990 2835 Alaska-slab2-v3                                                                  182.4019   50.4425  8.7
 41.990 2836 Alaska-slab2-v3                                                                  182.3958   50.5313 10.3
 41.990 2837 Alaska-slab2-v3                                                                  182.3882   50.6205 11.6
 41.990 2838 Alaska-slab2-v3                                                                  182.3801   50.7097 12.9
 41.990 2839 Alaska-slab2-v3                                                                  182.3720   50.7989 14.1
 41.990 2840 Alaska-slab2-v3                                                                  182.3624   50.8878 15.6
 39.585 2841 Alaska-slab2-v3                                                                  182.3512   50.9762 17.4
 33.908 2842 Alaska-slab2-v3                                                                  182.3395   51.0636 19.7
 27.060 2843 Alaska-slab2-v3                                                                  182.3269   51.1500 22.4
 41.990 2849 Alaska-slab2-v3                                                                  182.1201   50.4400  8.5
 41.990 2850 Alaska-slab2-v3                                                                  182.1156   50.5291 10.0
 41.990 2851 Alaska-slab2-v3                                                                  182.1090   50.6182 11.3
 41.990 2852 Alaska-slab2-v3                                                                  182.1013   50.7074 12.6
 41.990 2853 Alaska-slab2-v3                                                                  182.0936   50.7965 14.0
 41.990 2854 Alaska-slab2-v3                                                                  182.0847   50.8853 15.6
 40.172 2855 Alaska-slab2-v3                                                                  182.0745   50.9736 17.5
 34.480 2856 Alaska-slab2-v3                                                                  182.0637   51.0610 19.7
 27.684 2857 Alaska-slab2-v3                                                                  182.0522   51.1474 22.5
 41.990 2863 Alaska-slab2-v3                                                                  181.8380   50.4414  8.3
 41.990 2864 Alaska-slab2-v3                                                                  181.8349   50.5305  9.7
 41.990 2865 Alaska-slab2-v3                                                                  181.8294   50.6197 11.1
 41.990 2866 Alaska-slab2-v3                                                                  181.8222   50.7089 12.4
 41.990 2867 Alaska-slab2-v3                                                                  181.8150   50.7979 13.9
 40.190 2868 Alaska-slab2-v3                                                                  181.8068   50.8865 15.6
 34.481 2869 Alaska-slab2-v3                                                                  181.7974   50.9745 17.6
 27.787 2870 Alaska-slab2-v3                                                                  181.7875   51.0618 20.0
 19.969 2871 Alaska-slab2-v3                                                                  181.7772   51.1481 22.8
 41.990 2877 Alaska-slab2-v3                                                                  181.5553   50.4465  8.2
 41.990 2878 Alaska-slab2-v3                                                                  181.5532   50.5356  9.6
 41.990 2879 Alaska-slab2-v3                                                                  181.5486   50.6249 11.0
 41.990 2880 Alaska-slab2-v3                                                                  181.5422   50.7140 12.3
 41.990 2881 Alaska-slab2-v3                                                                  181.5358   50.8030 13.9
 41.158 2882 Alaska-slab2-v3                                                                  181.5284   50.8914 15.7
 35.149 2883 Alaska-slab2-v3                                                                  181.5199   50.9791 17.9
 28.185 2884 Alaska-slab2-v3                                                                  181.5111   51.0661 20.4
 20.183 2885 Alaska-slab2-v3                                                                  181.5020   51.1520 23.4
 41.990 2891 Alaska-slab2-v3                                                                  181.2723   50.4553  8.3
 41.990 2892 Alaska-slab2-v3                                                                  181.2705   50.5445  9.7
 41.990 2893 Alaska-slab2-v3                                                                  181.2666   50.6337 11.1
 41.990 2894 Alaska-slab2-v3                                                                  181.2612   50.7229 12.5
 41.990 2895 Alaska-slab2-v3                                                                  181.2558   50.8118 14.1
 41.990 2896 Alaska-slab2-v3                                                                  181.2495   50.9001 16.0
 35.913 2897 Alaska-slab2-v3                                                                  181.2423   50.9875 18.4
 28.710 2898 Alaska-slab2-v3                                                                  181.2349   51.0739 21.1
 41.990 2904 Alaska-slab2-v3                                                                  180.9893   50.4677  8.5
 41.990 2905 Alaska-slab2-v3                                                                  180.9876   50.5567 10.0
 41.990 2906 Alaska-slab2-v3                                                                  180.9842   50.6459 11.4
 41.990 2907 Alaska-slab2-v3                                                                  180.9801   50.7350 12.9
 41.990 2908 Alaska-slab2-v3                                                                  180.9758   50.8239 14.5
 41.990 2909 Alaska-slab2-v3                                                                  180.9708   50.9120 16.5
 36.637 2910 Alaska-slab2-v3                                                                  180.9650   50.9992 19.0
 29.275 2911 Alaska-slab2-v3                                                                  180.9593   51.0852 21.9
 34.117 2917 Alaska-slab2-v3                                                                  180.7065   50.4827  8.8
 34.117 2918 Alaska-slab2-v3                                                                  180.7050   50.5716 10.4
 34.117 2919 Alaska-slab2-v3                                                                  180.7024   50.6607 11.9
 34.117 2920 Alaska-slab2-v3                                                                  180.6995   50.7498 13.3
 34.117 2921 Alaska-slab2-v3                                                                  180.6963   50.8386 15.0
 30.188 2922 Alaska-slab2-v3                                                                  180.6925   50.9266 17.1
 24.444 2923 Alaska-slab2-v3                                                                  180.6884   51.0136 19.7
 17.521 2924 Alaska-slab2-v3                                                                  180.6843   51.0991 22.8
 26.244 2930 Alaska-slab2-v3                                                                  180.4238   50.4994  9.1
 26.244 2931 Alaska-slab2-v3                                                                  180.4228   50.5882 10.8
 26.244 2932 Alaska-slab2-v3                                                                  180.4212   50.6773 12.2
 26.244 2933 Alaska-slab2-v3                                                                  180.4195   50.7664 13.7
 26.244 2934 Alaska-slab2-v3                                                                  180.4175   50.8551 15.4
 23.368 2935 Alaska-slab2-v3                                                                  180.4150   50.9429 17.7
 18.902 2936 Alaska-slab2-v3                                                                  180.4124   51.0295 20.4
 13.563 2937 Alaska-slab2-v3                                                                  180.4099   51.1147 23.6
 18.371 2942 Alaska-slab2-v3                                                                  180.1413   50.5169  9.3
 18.371 2943 Alaska-slab2-v3                                                                  180.1410   50.6056 11.0
 18.371 2944 Alaska-slab2-v3                                                                  180.1405   50.6948 12.4
 18.371 2945 Alaska-slab2-v3                                                                  180.1401   50.7839 13.9
 18.371 2946 Alaska-slab2-v3                                                                  180.1393   50.8723 15.8
 16.297 2947 Alaska-slab2-v3                                                                  180.1382   50.9596 18.2
 13.103 2948 Alaska-slab2-v3                                                                  180.1372   51.0460 21.1
 10.498 2954 Alaska-slab2-v3                                                                  179.8595   50.5313  9.4
 10.498 2955 Alaska-slab2-v3                                                                  179.8612   50.6200 11.2
 10.498 2956 Alaska-slab2-v3                                                                  179.8629   50.7092 12.6
 10.498 2957 Alaska-slab2-v3                                                                  179.8646   50.7983 14.0
 10.498 2958 Alaska-slab2-v3                                                                  179.8659   50.8866 16.0
  9.399 2959 Alaska-slab2-v3                                                                  179.8669   50.9737 18.5
  7.503 2960 Alaska-slab2-v3                                                                  179.8678   51.0595 21.6
 10.498 2966 Alaska-slab2-v3                                                                  179.5790   50.5430  9.6
 10.498 2967 Alaska-slab2-v3                                                                  179.5835   50.6316 11.4
 10.498 2968 Alaska-slab2-v3                                                                  179.5878   50.7207 12.8
 10.498 2969 Alaska-slab2-v3                                                                  179.5922   50.8098 14.2
  9.558 2970 Alaska-slab2-v3                                                                  179.5964   50.8983 16.1
  7.756 2971 Alaska-slab2-v3                                                                  179.6002   50.9854 18.6
  5.470 2972 Alaska-slab2-v3                                                                  179.6037   51.0706 21.8
 10.498 2978 Alaska-slab2-v3                                                                  179.2990   50.5579  9.7
 10.498 2979 Alaska-slab2-v3                                                                  179.3064   50.6463 11.5
 10.498 2980 Alaska-slab2-v3                                                                  179.3134   50.7354 12.9
 10.498 2981 Alaska-slab2-v3                                                                  179.3204   50.8244 14.3
  9.664 2982 Alaska-slab2-v3                                                                  179.3273   50.9128 16.2
  7.871 2983 Alaska-slab2-v3                                                                  179.3340   50.9997 18.7
  5.567 2984 Alaska-slab2-v3                                                                  179.3400   51.0846 22.0
 10.498 2990 Alaska-slab2-v3                                                                  179.0199   50.5780  9.7
 10.498 2991 Alaska-slab2-v3                                                                  179.0302   50.6663 11.6
 10.498 2992 Alaska-slab2-v3                                                                  179.0398   50.7553 13.0
 10.498 2993 Alaska-slab2-v3                                                                  179.0494   50.8442 14.4
  9.740 2994 Alaska-slab2-v3                                                                  179.0591   50.9323 16.4
  7.930 2995 Alaska-slab2-v3                                                                  179.0686   51.0190 19.0
  5.652 2996 Alaska-slab2-v3                                                                  179.0772   51.1038 22.3
 10.498 3002 Alaska-slab2-v3                                                                  178.7420   50.6040  9.8
 10.498 3003 Alaska-slab2-v3                                                                  178.7552   50.6922 11.6
 10.498 3004 Alaska-slab2-v3                                                                  178.7674   50.7810 13.0
 10.498 3005 Alaska-slab2-v3                                                                  178.7798   50.8697 14.5
  9.797 3006 Alaska-slab2-v3                                                                  178.7922   50.9575 16.5
  7.964 3007 Alaska-slab2-v3                                                                  178.8044   51.0439 19.3
  5.724 3008 Alaska-slab2-v3                                                                  178.8155   51.1285 22.6
 10.498 3014 Alaska-slab2-v3                                                                  178.4654   50.6353  9.8
 10.498 3015 Alaska-slab2-v3                                                                  178.4815   50.7233 11.6
 10.498 3016 Alaska-slab2-v3                                                                  178.4964   50.8120 13.0
 10.498 3017 Alaska-slab2-v3                                                                  178.5114   50.9004 14.6
  9.844 3018 Alaska-slab2-v3                                                                  178.5266   50.9878 16.7
  7.985 3019 Alaska-slab2-v3                                                                  178.5414   51.0738 19.5
  5.765 3020 Alaska-slab2-v3                                                                  178.5549   51.1583 22.9
 10.498 3025 Alaska-slab2-v3                                                                  178.1902   50.6710  9.8
 10.498 3026 Alaska-slab2-v3                                                                  178.2094   50.7588 11.6
 10.498 3027 Alaska-slab2-v3                                                                  178.2269   50.8472 13.0
 10.498 3028 Alaska-slab2-v3                                                                  178.2445   50.9354 14.6
  9.881 3029 Alaska-slab2-v3                                                                  178.2624   51.0224 16.9
  7.996 3030 Alaska-slab2-v3                                                                  178.2798   51.1081 19.7
  5.775 3031 Alaska-slab2-v3                                                                  178.2957   51.1922 23.1
 10.498 3036 Alaska-slab2-v3                                                                  177.9160   50.7103  9.7
 10.498 3037 Alaska-slab2-v3                                                                  177.9384   50.7977 11.5
 10.498 3038 Alaska-slab2-v3                                                                  177.9585   50.8859 12.9
 10.498 3039 Alaska-slab2-v3                                                                  177.9788   50.9738 14.6
  9.911 3040 Alaska-slab2-v3                                                                  177.9995   51.0605 16.9
  8.002 3041 Alaska-slab2-v3                                                                  178.0197   51.1457 19.8
  5.752 3042 Alaska-slab2-v3                                                                  178.0379   51.2295 23.2
 10.498 3047 Alaska-slab2-v3                                                                  177.6429   50.7524  9.6
 10.498 3048 Alaska-slab2-v3                                                                  177.6686   50.8395 11.3
 10.498 3049 Alaska-slab2-v3                                                                  177.6915   50.9274 12.8
 10.498 3050 Alaska-slab2-v3                                                                  177.7145   51.0150 14.5
  9.940 3051 Alaska-slab2-v3                                                                  177.7381   51.1013 16.8
  8.009 3052 Alaska-slab2-v3                                                                  177.7610   51.1862 19.8
  5.738 3053 Alaska-slab2-v3                                                                  177.7817   51.2696 23.2
 10.498 3058 Alaska-slab2-v3                                                                  177.3704   50.7972  9.4
 10.498 3059 Alaska-slab2-v3                                                                  177.3997   50.8839 11.2
 10.498 3060 Alaska-slab2-v3                                                                  177.4254   50.9714 12.7
 10.498 3061 Alaska-slab2-v3                                                                  177.4512   51.0587 14.4
  9.966 3062 Alaska-slab2-v3                                                                  177.4776   51.1447 16.7
  8.023 3063 Alaska-slab2-v3                                                                  177.5036   51.2292 19.6
  5.730 3064 Alaska-slab2-v3                                                                  177.5268   51.3124 23.1
 10.498 3069 Alaska-slab2-v3                                                                  177.0983   50.8445  9.2
 10.498 3070 Alaska-slab2-v3                                                                  177.1313   50.9307 11.0
 10.498 3071 Alaska-slab2-v3                                                                  177.1599   51.0179 12.5
 10.498 3072 Alaska-slab2-v3                                                                  177.1886   51.1048 14.2
  9.994 3073 Alaska-slab2-v3                                                                  177.2180   51.1905 16.5
  8.031 3074 Alaska-slab2-v3                                                                  177.2470   51.2746 19.4
  5.721 3075 Alaska-slab2-v3                                                                  177.2728   51.3575 22.9
 10.498 3080 Alaska-slab2-v3                                                                  176.8266   50.8941  9.1
 10.498 3081 Alaska-slab2-v3                                                                  176.8631   50.9798 10.8
 10.498 3082 Alaska-slab2-v3                                                                  176.8947   51.0666 12.3
 10.498 3083 Alaska-slab2-v3                                                                  176.9263   51.1531 14.0
 10.026 3084 Alaska-slab2-v3                                                                  176.9587   51.2385 16.3
  8.057 3085 Alaska-slab2-v3                                                                  176.9909   51.3222 19.2
  5.711 3086 Alaska-slab2-v3                                                                  177.0194   51.4047 22.7
 10.498 3091 Alaska-slab2-v3                                                                  176.5551   50.9460  9.0
 10.498 3092 Alaska-slab2-v3                                                                  176.5947   51.0311 10.8
 10.498 3093 Alaska-slab2-v3                                                                  176.6293   51.1174 12.3
 10.498 3094 Alaska-slab2-v3                                                                  176.6639   51.2036 13.9
 10.074 3095 Alaska-slab2-v3                                                                  176.6995   51.2885 16.1
  8.116 3096 Alaska-slab2-v3                                                                  176.7350   51.3718 19.0
  5.725 3097 Alaska-slab2-v3                                                                  176.7662   51.4537 22.5
 10.498 3103 Alaska-slab2-v3                                                                  176.2839   50.9998  9.0
 10.498 3104 Alaska-slab2-v3                                                                  176.3264   51.0844 10.7
 10.498 3105 Alaska-slab2-v3                                                                  176.3640   51.1702 12.3
 10.498 3106 Alaska-slab2-v3                                                                  176.4015   51.2558 14.0
 10.144 3107 Alaska-slab2-v3                                                                  176.4402   51.3404 16.1
  8.221 3108 Alaska-slab2-v3                                                                  176.4791   51.4232 18.9
  5.800 3109 Alaska-slab2-v3                                                                  176.5128   51.5045 22.5
 10.498 3114 Alaska-slab2-v3                                                                  176.0134   51.0555  9.0
 10.498 3115 Alaska-slab2-v3                                                                  176.0587   51.1395 10.8
 10.498 3116 Alaska-slab2-v3                                                                  176.0991   51.2247 12.4
 10.498 3117 Alaska-slab2-v3                                                                  176.1396   51.3098 14.1
 10.235 3118 Alaska-slab2-v3                                                                  176.1814   51.3939 16.2
  8.361 3119 Alaska-slab2-v3                                                                  176.2234   51.4761 19.0
  5.928 3120 Alaska-slab2-v3                                                                  176.2596   51.5568 22.7
 10.498 3125 Alaska-slab2-v3                                                                  175.7436   51.1130  9.1
 10.498 3126 Alaska-slab2-v3                                                                  175.7917   51.1963 10.9
 10.498 3127 Alaska-slab2-v3                                                                  175.8350   51.2809 12.5
 10.498 3128 Alaska-slab2-v3                                                                  175.8786   51.3654 14.2
 10.325 3129 Alaska-slab2-v3                                                                  175.9236   51.4487 16.4
  8.449 3130 Alaska-slab2-v3                                                                  175.9682   51.5303 19.3
  6.052 3131 Alaska-slab2-v3                                                                  176.0069   51.6103 22.9
 10.498 3136 Alaska-slab2-v3                                                                  175.4744   51.1720  9.1
 10.498 3137 Alaska-slab2-v3                                                                  175.5253   51.2547 10.9
 10.498 3138 Alaska-slab2-v3                                                                  175.5718   51.3387 12.6
 10.498 3139 Alaska-slab2-v3                                                                  175.6186   51.4223 14.4
 10.360 3140 Alaska-slab2-v3                                                                  175.6667   51.5047 16.6
  8.475 3141 Alaska-slab2-v3                                                                  175.7139   51.5855 19.6
  6.110 3142 Alaska-slab2-v3                                                                  175.7550   51.6650 23.3
 10.498 3147 Alaska-slab2-v3                                                                  175.2060   51.2325  9.2
 10.498 3148 Alaska-slab2-v3                                                                  175.2598   51.3145 11.0
 10.498 3149 Alaska-slab2-v3                                                                  175.3094   51.3978 12.6
 10.498 3150 Alaska-slab2-v3                                                                  175.3593   51.4807 14.5
 10.353 3151 Alaska-slab2-v3                                                                  175.4107   51.5619 16.9
  8.423 3152 Alaska-slab2-v3                                                                  175.4603   51.6419 19.9
  6.078 3153 Alaska-slab2-v3                                                                  175.5040   51.7208 23.7
 10.498 3158 Alaska-slab2-v3                                                                  174.9384   51.2945  9.3
 10.498 3159 Alaska-slab2-v3                                                                  174.9951   51.3757 11.1
 10.498 3160 Alaska-slab2-v3                                                                  175.0477   51.4583 12.7
 10.498 3161 Alaska-slab2-v3                                                                  175.1008   51.5404 14.6
 10.300 3162 Alaska-slab2-v3                                                                  175.1555   51.6206 17.1
  8.336 3163 Alaska-slab2-v3                                                                  175.2076   51.6996 20.2
  5.989 3164 Alaska-slab2-v3                                                                  175.2538   51.7779 24.0
 10.498 3169 Alaska-slab2-v3                                                                  174.6719   51.3578  9.4
 10.498 3170 Alaska-slab2-v3                                                                  174.7314   51.4382 11.2
 10.498 3171 Alaska-slab2-v3                                                                  174.7868   51.5202 12.8
 10.498 3172 Alaska-slab2-v3                                                                  174.8430   51.6015 14.6
 10.238 3173 Alaska-slab2-v3                                                                  174.9009   51.6807 17.2
  8.233 3174 Alaska-slab2-v3                                                                  174.9558   51.7588 20.4
 10.498 3180 Alaska-slab2-v3                                                                  174.4062   51.4227  9.6
 10.498 3181 Alaska-slab2-v3                                                                  174.4684   51.5022 11.4
 10.498 3182 Alaska-slab2-v3                                                                  174.5268   51.5835 12.9
 10.498 3183 Alaska-slab2-v3                                                                  174.5859   51.6641 14.7
 10.184 3184 Alaska-slab2-v3                                                                  174.6470   51.7425 17.3
  8.161 3185 Alaska-slab2-v3                                                                  174.7046   51.8197 20.5
 10.498 3191 Alaska-slab2-v3                                                                  174.1411   51.4893  9.6
 10.498 3192 Alaska-slab2-v3                                                                  174.2062   51.5679 11.5
 10.498 3193 Alaska-slab2-v3                                                                  174.2673   51.6484 13.0
 10.498 3194 Alaska-slab2-v3                                                                  174.3294   51.7283 14.8
 10.131 3195 Alaska-slab2-v3                                                                  174.3935   51.8060 17.2
  8.124 3196 Alaska-slab2-v3                                                                  174.4542   51.8825 20.4
 10.498 3202 Alaska-slab2-v3                                                                  173.8768   51.5579  9.7
 10.498 3203 Alaska-slab2-v3                                                                  173.9447   51.6355 11.5
 10.498 3204 Alaska-slab2-v3                                                                  174.0086   51.7153 13.0
 10.498 3205 Alaska-slab2-v3                                                                  174.0735   51.7944 14.7
 10.068 3206 Alaska-slab2-v3                                                                  174.1404   51.8715 17.1
  8.109 3207 Alaska-slab2-v3                                                                  174.2045   51.9474 20.1
  5.758 3208 Alaska-slab2-v3                                                                  174.2612   52.0234 23.8
 10.498 3213 Alaska-slab2-v3                                                                  173.6131   51.6288  9.6
 10.498 3214 Alaska-slab2-v3                                                                  173.6840   51.7054 11.5
 10.498 3215 Alaska-slab2-v3                                                                  173.7507   51.7844 13.0
 10.498 3216 Alaska-slab2-v3                                                                  173.8182   51.8628 14.6
  9.957 3217 Alaska-slab2-v3                                                                  173.8879   51.9393 16.8
  8.062 3218 Alaska-slab2-v3                                                                  173.9558   52.0146 19.7
  5.755 3219 Alaska-slab2-v3                                                                  174.0157   52.0903 23.2
 10.498 3224 Alaska-slab2-v3                                                                  173.3505   51.7024  9.6
 10.498 3225 Alaska-slab2-v3                                                                  173.4244   51.7780 11.4
 10.498 3226 Alaska-slab2-v3                                                                  173.4938   51.8561 12.9
 10.498 3227 Alaska-slab2-v3                                                                  173.5637   51.9338 14.5
  9.780 3228 Alaska-slab2-v3                                                                  173.6359   52.0098 16.6
  7.946 3229 Alaska-slab2-v3                                                                  173.7078   52.0843 19.3
  5.706 3230 Alaska-slab2-v3                                                                  173.7717   52.1595 22.6
 10.498 3235 Alaska-slab2-v3                                                                  173.0895   51.7788  9.5
 10.498 3236 Alaska-slab2-v3                                                                  173.1663   51.8534 11.3
 10.498 3237 Alaska-slab2-v3                                                                  173.2383   51.9306 12.8
 10.498 3238 Alaska-slab2-v3                                                                  173.3105   52.0077 14.3
  9.578 3239 Alaska-slab2-v3                                                                  173.3851   52.0831 16.3
  7.780 3240 Alaska-slab2-v3                                                                  173.4610   52.1566 18.8
  5.596 3241 Alaska-slab2-v3                                                                  173.5291   52.2312 21.9
 10.498 3247 Alaska-slab2-v3                                                                  172.8302   51.8584  9.4
 10.498 3248 Alaska-slab2-v3                                                                  172.9099   51.9320 11.2
 10.498 3249 Alaska-slab2-v3                                                                  172.9845   52.0084 12.6
 10.498 3250 Alaska-slab2-v3                                                                  173.0592   52.0848 14.1
 10.498 3251 Alaska-slab2-v3                                                                  173.1361   52.1596 15.9
  9.444 3252 Alaska-slab2-v3                                                                  173.2150   52.2323 18.4
  7.596 3253 Alaska-slab2-v3                                                                  173.2872   52.3060 21.3
 10.498 3259 Alaska-slab2-v3                                                                  172.5730   51.9417  9.3
 10.498 3260 Alaska-slab2-v3                                                                  172.6557   52.0142 11.0
 10.498 3261 Alaska-slab2-v3                                                                  172.7327   52.0898 12.4
 10.498 3262 Alaska-slab2-v3                                                                  172.8100   52.1653 13.8
 10.498 3263 Alaska-slab2-v3                                                                  172.8891   52.2394 15.6
  9.356 3264 Alaska-slab2-v3                                                                  172.9702   52.3115 17.9
  7.526 3265 Alaska-slab2-v3                                                                  173.0462   52.3842 20.8
 10.498 3271 Alaska-slab2-v3                                                                  172.3179   52.0289  9.1
 10.498 3272 Alaska-slab2-v3                                                                  172.4036   52.1002 10.7
 10.498 3273 Alaska-slab2-v3                                                                  172.4834   52.1748 12.1
 10.498 3274 Alaska-slab2-v3                                                                  172.5631   52.2495 13.5
 10.498 3275 Alaska-slab2-v3                                                                  172.6443   52.3229 15.2
  9.319 3276 Alaska-slab2-v3                                                                  172.7276   52.3943 17.5
  7.489 3277 Alaska-slab2-v3                                                                  172.8074   52.4658 20.3
  5.379 3278 Alaska-slab2-v3                                                                  172.8796   52.5389 23.5
 10.498 3284 Alaska-slab2-v3                                                                  172.0646   52.1197  8.9
 10.498 3285 Alaska-slab2-v3                                                                  172.1533   52.1898 10.5
 10.498 3286 Alaska-slab2-v3                                                                  172.2361   52.2632 11.9
 10.498 3287 Alaska-slab2-v3                                                                  172.3183   52.3369 13.2
 10.498 3288 Alaska-slab2-v3                                                                  172.4015   52.4097 14.9
  9.315 3289 Alaska-slab2-v3                                                                  172.4871   52.4803 17.1
  7.482 3290 Alaska-slab2-v3                                                                  172.5705   52.5506 19.8
  5.356 3291 Alaska-slab2-v3                                                                  172.6457   52.6227 23.0
 10.498 3297 Alaska-slab2-v3                                                                  171.8132   52.2133  8.7
 10.498 3298 Alaska-slab2-v3                                                                  171.9045   52.2824 10.3
 10.498 3299 Alaska-slab2-v3                                                                  171.9905   52.3544 11.6
 10.498 3300 Alaska-slab2-v3                                                                  172.0751   52.4272 13.0
 10.498 3301 Alaska-slab2-v3                                                                  172.1604   52.4993 14.6
  9.316 3302 Alaska-slab2-v3                                                                  172.2482   52.5693 16.7
  7.499 3303 Alaska-slab2-v3                                                                  172.3355   52.6382 19.3
  5.333 3304 Alaska-slab2-v3                                                                  172.4142   52.7091 22.4
 10.498 3310 Alaska-slab2-v3                                                                  171.5637   52.3090  8.6
 10.498 3311 Alaska-slab2-v3                                                                  171.6574   52.3771 10.1
 10.498 3312 Alaska-slab2-v3                                                                  171.7461   52.4480 11.5
 10.498 3313 Alaska-slab2-v3                                                                  171.8331   52.5199 12.9
 10.498 3314 Alaska-slab2-v3                                                                  171.9204   52.5913 14.4
 10.498 3315 Alaska-slab2-v3                                                                  172.0105   52.6608 16.3
  9.340 3316 Alaska-slab2-v3                                                                  172.1019   52.7283 18.7
  7.462 3317 Alaska-slab2-v3                                                                  172.1846   52.7979 21.7
 10.498 3323 Alaska-slab2-v3                                                                  171.3160   52.4064  8.6
 10.498 3324 Alaska-slab2-v3                                                                  171.4118   52.4735 10.1
 10.498 3325 Alaska-slab2-v3                                                                  171.5029   52.5434 11.4
 10.498 3326 Alaska-slab2-v3                                                                  171.5921   52.6144 12.7
 10.498 3327 Alaska-slab2-v3                                                                  171.6816   52.6852 14.1
 10.498 3328 Alaska-slab2-v3                                                                  171.7737   52.7542 15.9
  9.297 3329 Alaska-slab2-v3                                                                  171.8682   52.8209 18.0
  7.500 3330 Alaska-slab2-v3                                                                  171.9560   52.8890 20.8
 10.498 3336 Alaska-slab2-v3                                                                  171.0693   52.5052  8.5
 10.498 3337 Alaska-slab2-v3                                                                  171.1672   52.5714 10.0
 10.498 3338 Alaska-slab2-v3                                                                  171.2605   52.6403 11.4
 10.498 3339 Alaska-slab2-v3                                                                  171.3519   52.7105 12.6
 10.498 3340 Alaska-slab2-v3                                                                  171.4435   52.7805 13.9
 10.443 3341 Alaska-slab2-v3                                                                  171.5373   52.8490 15.5
  9.081 3342 Alaska-slab2-v3                                                                  171.6337   52.9153 17.5
  7.398 3343 Alaska-slab2-v3                                                                  171.7269   52.9819 20.0
  5.361 3344 Alaska-slab2-v3                                                                  171.8119   53.0507 23.0
 10.498 3350 Alaska-slab2-v3                                                                  170.8230   52.6053  8.5
 10.498 3351 Alaska-slab2-v3                                                                  170.9229   52.6706 10.0
 10.498 3352 Alaska-slab2-v3                                                                  171.0184   52.7386 11.2
 10.498 3353 Alaska-slab2-v3                                                                  171.1118   52.8079 12.4
 10.498 3354 Alaska-slab2-v3                                                                  171.2054   52.8771 13.7
 10.498 3355 Alaska-slab2-v3                                                                  171.3008   52.9451 15.2
 10.304 3356 Alaska-slab2-v3                                                                  171.3989   53.0108 17.1
  8.896 3357 Alaska-slab2-v3                                                                  171.4965   53.0760 19.3
  7.263 3358 Alaska-slab2-v3                                                                  171.5870   53.1437 22.0
 10.498 3364 Alaska-slab2-v3                                                                  170.5766   52.7064  8.4
 10.498 3365 Alaska-slab2-v3                                                                  170.6783   52.7708  9.8
 10.498 3366 Alaska-slab2-v3                                                                  170.7761   52.8378 11.1
 10.498 3367 Alaska-slab2-v3                                                                  170.8716   52.9063 12.2
 10.498 3368 Alaska-slab2-v3                                                                  170.9672   52.9746 13.5
 10.498 3369 Alaska-slab2-v3                                                                  171.0642   53.0419 15.0
  9.859 3370 Alaska-slab2-v3                                                                  171.1639   53.1070 16.8
  8.442 3371 Alaska-slab2-v3                                                                  171.2647   53.1709 19.0
  6.866 3372 Alaska-slab2-v3                                                                  171.3591   53.2375 21.3
 10.498 3378 Alaska-slab2-v3                                                                  170.3296   52.8082  8.3
 10.498 3379 Alaska-slab2-v3                                                                  170.4332   52.8718  9.7
 10.498 3380 Alaska-slab2-v3                                                                  170.5333   52.9376 10.9
 10.498 3381 Alaska-slab2-v3                                                                  170.6308   53.0051 12.1
 10.498 3382 Alaska-slab2-v3                                                                  170.7285   53.0725 13.4
 10.498 3383 Alaska-slab2-v3                                                                  170.8273   53.1389 14.8
  9.472 3384 Alaska-slab2-v3                                                                  170.9288   53.2033 16.6
  8.017 3385 Alaska-slab2-v3                                                                  171.0319   53.2662 18.7
  6.403 3386 Alaska-slab2-v3                                                                  171.1289   53.3317 21.1
  4.601 3387 Alaska-slab2-v3                                                                  171.2194   53.3998 23.7
 10.498 3393 Alaska-slab2-v3                                                                  170.0819   52.9101  8.1
 10.498 3394 Alaska-slab2-v3                                                                  170.1869   52.9731  9.5
 10.498 3395 Alaska-slab2-v3                                                                  170.2892   53.0378 10.8
 10.498 3396 Alaska-slab2-v3                                                                  170.3890   53.1042 12.0
 10.498 3397 Alaska-slab2-v3                                                                  170.4890   53.1704 13.3
 10.498 3398 Alaska-slab2-v3                                                                  170.5899   53.2358 14.8
 10.498 3399 Alaska-slab2-v3                                                                  170.6933   53.2993 16.5
  9.302 3400 Alaska-slab2-v3                                                                  170.7981   53.3614 18.6
  7.823 3401 Alaska-slab2-v3                                                                  170.8972   53.4258 20.9
  6.199 3402 Alaska-slab2-v3                                                                  170.9897   53.4932 23.5
 10.498 3409 Alaska-slab2-v3                                                                  169.9321   53.0825  9.3
  9.161 3410 Alaska-slab2-v3                                                                  170.0337   53.1478 10.5
  7.773 3411 Alaska-slab2-v3                                                                  170.1322   53.2149 11.7
  6.261 3412 Alaska-slab2-v3                                                                  170.2304   53.2821 13.1
  4.490 3413 Alaska-slab2-v3                                                                  170.3293   53.3486 14.6
  2.380 3414 Alaska-slab2-v3                                                                  170.4308   53.4131 16.5
 10.498 3418 Alaska-slab2-v3                                                                  169.6686   53.1994  9.0
  9.457 3419 Alaska-slab2-v3                                                                  169.7667   53.2668 10.2
  8.066 3420 Alaska-slab2-v3                                                                  169.8603   53.3365 11.4
  6.527 3421 Alaska-slab2-v3                                                                  169.9523   53.4068 12.8
  4.706 3422 Alaska-slab2-v3                                                                  170.0447   53.4766 14.4
  2.500 3423 Alaska-slab2-v3                                                                  170.1399   53.5444 16.4
 10.498 3427 Alaska-slab2-v3                                                                  169.4050   53.3152  8.8
  9.541 3428 Alaska-slab2-v3                                                                  169.4998   53.3843 10.0
  8.167 3429 Alaska-slab2-v3                                                                  169.5885   53.4564 11.2
  6.632 3430 Alaska-slab2-v3                                                                  169.6739   53.5297 12.5
  4.788 3431 Alaska-slab2-v3                                                                  169.7594   53.6027 14.1
  2.566 3432 Alaska-slab2-v3                                                                  169.8477   53.6738 16.1
 10.498 3436 Alaska-slab2-v3                                                                  169.1410   53.4303  8.7
  9.436 3437 Alaska-slab2-v3                                                                  169.2331   53.5010  9.9
  8.062 3438 Alaska-slab2-v3                                                                  169.3171   53.5750 11.0
  6.525 3439 Alaska-slab2-v3                                                                  169.3959   53.6511 12.3
  4.718 3440 Alaska-slab2-v3                                                                  169.4747   53.7269 13.9
  2.535 3441 Alaska-slab2-v3                                                                  169.5560   53.8011 15.7
 10.498 3445 Alaska-slab2-v3                                                                  168.8772   53.5452  8.6
  9.258 3446 Alaska-slab2-v3                                                                  168.9678   53.6168  9.7
  7.885 3447 Alaska-slab2-v3                                                                  169.0484   53.6922 10.8
  6.354 3448 Alaska-slab2-v3                                                                  169.1204   53.7707 12.1
  4.593 3449 Alaska-slab2-v3                                                                  169.1926   53.8490 13.5
  2.466 3450 Alaska-slab2-v3                                                                  169.2666   53.9261 15.2
 10.338 3454 Alaska-slab2-v3                                                                  168.6148   53.6597  8.4
  9.065 3455 Alaska-slab2-v3                                                                  168.7047   53.7319  9.4
  7.703 3456 Alaska-slab2-v3                                                                  168.7843   53.8076 10.4
  6.213 3457 Alaska-slab2-v3                                                                  168.8518   53.8876 11.6
  4.494 3458 Alaska-slab2-v3                                                                  168.9174   53.9681 13.0
  2.432 3459 Alaska-slab2-v3                                                                  168.9837   54.0479 14.6
 10.498 3463 Alaska-slab2-v3                                                                  168.3536   53.7742  8.2
 10.152 3464 Alaska-slab2-v3                                                                  168.4421   53.8471  9.1
  9.008 3465 Alaska-slab2-v3                                                                  168.5235   53.9225 10.1
  7.781 3466 Alaska-slab2-v3                                                                  168.5906   54.0025 11.1
  6.351 3467 Alaska-slab2-v3                                                                  168.6510   54.0846 12.3
  4.623 3468 Alaska-slab2-v3                                                                  168.7115   54.1664 13.7
  2.502 3469 Alaska-slab2-v3                                                                  168.7728   54.2474 15.5
 10.498 3473 Alaska-slab2-v3                                                                  168.0922   53.8895  8.1
  9.655 3474 Alaska-slab2-v3                                                                  168.1790   53.9633  8.9
  8.553 3475 Alaska-slab2-v3                                                                  168.2618   54.0384  9.8
  7.412 3476 Alaska-slab2-v3                                                                  168.3297   54.1182 10.7
  6.120 3477 Alaska-slab2-v3                                                                  168.3866   54.2014 11.7
  4.536 3478 Alaska-slab2-v3                                                                  168.4436   54.2844 13.0
  2.509 3479 Alaska-slab2-v3                                                                  168.5002   54.3669 14.6
 10.498 3483 Alaska-slab2-v3                                                                  167.8302   54.0058  8.1
 10.498 3484 Alaska-slab2-v3                                                                  167.9147   54.0806  8.9
  9.597 3485 Alaska-slab2-v3                                                                  167.9964   54.1563  9.8
  8.592 3486 Alaska-slab2-v3                                                                  168.0623   54.2367 10.6
  7.505 3487 Alaska-slab2-v3                                                                  168.1154   54.3209 11.5
  6.196 3488 Alaska-slab2-v3                                                                  168.1686   54.4048 12.7
  4.547 3489 Alaska-slab2-v3                                                                  168.2219   54.4885 14.1
  2.467 3490 Alaska-slab2-v3                                                                  168.2713   54.5723 15.9
 10.498 3494 Alaska-slab2-v3                                                                  167.5675   54.1229  8.1
 10.226 3495 Alaska-slab2-v3                                                                  167.6494   54.1988  8.9
  9.201 3496 Alaska-slab2-v3                                                                  167.7277   54.2757  9.8
  8.140 3497 Alaska-slab2-v3                                                                  167.7888   54.3573 10.7
  6.994 3498 Alaska-slab2-v3                                                                  167.8365   54.4426 11.6
  5.692 3499 Alaska-slab2-v3                                                                  167.8844   54.5277 12.7
  4.112 3500 Alaska-slab2-v3                                                                  167.9324   54.6126 14.0
  2.219 3501 Alaska-slab2-v3                                                                  167.9794   54.6973 15.6
 10.498 3505 Alaska-slab2-v3                                                                  167.3044   54.2406  8.1
 10.498 3506 Alaska-slab2-v3                                                                  167.3837   54.3175  8.9
 10.034 3507 Alaska-slab2-v3                                                                  167.4581   54.3956  9.8
  9.017 3508 Alaska-slab2-v3                                                                  167.5138   54.4785 10.7
  7.922 3509 Alaska-slab2-v3                                                                  167.5557   54.5648 11.7
  6.704 3510 Alaska-slab2-v3                                                                  167.5977   54.6510 12.8
  5.330 3511 Alaska-slab2-v3                                                                  167.6398   54.7370 14.0
  3.732 3512 Alaska-slab2-v3                                                                  167.6835   54.8225 15.4
  1.933 3513 Alaska-slab2-v3                                                                  167.7293   54.9074 17.1
 10.498 3517 Alaska-slab2-v3                                                                  167.0410   54.3585  8.1
 10.498 3518 Alaska-slab2-v3                                                                  167.1176   54.4364  9.0
  9.712 3519 Alaska-slab2-v3                                                                  167.1884   54.5156  9.8
  8.669 3520 Alaska-slab2-v3                                                                  167.2394   54.5995 10.8
  7.568 3521 Alaska-slab2-v3                                                                  167.2765   54.6866 11.7
  6.364 3522 Alaska-slab2-v3                                                                  167.3137   54.7736 12.8
  5.022 3523 Alaska-slab2-v3                                                                  167.3511   54.8604 13.9
  3.509 3524 Alaska-slab2-v3                                                                  167.3907   54.9467 15.2
  1.823 3525 Alaska-slab2-v3                                                                  167.4339   55.0323 16.7
  8.398 3529 Alaska-slab2-v3                                                                  166.7761   54.4767  8.2
  8.300 3530 Alaska-slab2-v3                                                                  166.8495   54.5557  9.1
  7.486 3531 Alaska-slab2-v3                                                                  166.9145   54.6365  9.9
  6.653 3532 Alaska-slab2-v3                                                                  166.9596   54.7217 10.8
  5.792 3533 Alaska-slab2-v3                                                                  166.9933   54.8092 11.8
  4.866 3534 Alaska-slab2-v3                                                                  167.0272   54.8967 12.8
  3.836 3535 Alaska-slab2-v3                                                                  167.0612   54.9841 13.9
  2.686 3536 Alaska-slab2-v3                                                                  167.0971   55.0711 15.1
  1.394 3537 Alaska-slab2-v3                                                                  167.1367   55.1574 16.5
  6.299 3541 Alaska-slab2-v3                                                                  166.5086   54.5954  8.4
  5.988 3542 Alaska-slab2-v3                                                                  166.5778   54.6756  9.4
  5.345 3543 Alaska-slab2-v3                                                                  166.6319   54.7588 10.3
  4.717 3544 Alaska-slab2-v3                                                                  166.6665   54.8459 11.2
  4.081 3545 Alaska-slab2-v3                                                                  166.6966   54.9340 12.1
  3.411 3546 Alaska-slab2-v3                                                                  166.7269   55.0220 13.0
  2.683 3547 Alaska-slab2-v3                                                                  166.7572   55.1099 14.0
  1.878 3548 Alaska-slab2-v3                                                                  166.7907   55.1973 15.2
  0.974 3549 Alaska-slab2-v3                                                                  166.8288   55.2839 16.5
  4.199 3553 Alaska-slab2-v3                                                                  166.2376   54.7142  8.8
  3.821 3554 Alaska-slab2-v3                                                                  166.2954   54.7968  9.9
  3.375 3555 Alaska-slab2-v3                                                                  166.3336   54.8830 10.8
  2.953 3556 Alaska-slab2-v3                                                                  166.3587   54.9715 11.7
  2.539 3557 Alaska-slab2-v3                                                                  166.3840   55.0601 12.6
  2.112 3558 Alaska-slab2-v3                                                                  166.4093   55.1486 13.5
  1.653 3559 Alaska-slab2-v3                                                                  166.4358   55.2369 14.5
  1.142 3560 Alaska-slab2-v3                                                                  166.4681   55.3245 15.6
  0.590 3561 Alaska-slab2-v3                                                                  166.5055   55.4114 16.8
  2.100 3564 Alaska-slab2-v3                                                                  165.9035   54.7504  8.1
  2.100 3565 Alaska-slab2-v3                                                                  165.9582   54.8337  9.4
  1.848 3566 Alaska-slab2-v3                                                                  165.9972   54.9195 10.5
  1.625 3567 Alaska-slab2-v3                                                                  166.0196   55.0079 11.5
  1.421 3568 Alaska-slab2-v3                                                                  166.0385   55.0969 12.4
  1.225 3569 Alaska-slab2-v3                                                                  166.0575   55.1860 13.3
  1.021 3570 Alaska-slab2-v3                                                                  166.0767   55.2751 14.2
  0.798 3571 Alaska-slab2-v3                                                                  166.1011   55.3636 15.2
  0.550 3572 Alaska-slab2-v3                                                                  166.1329   55.4512 16.3
  0.282 3573 Alaska-slab2-v3                                                                  166.1671   55.5385 17.5
