  4.180 3350 Alaska-slab2-v3                                                                  170.8230   52.6053  8.5
  1.938 3351 Alaska-slab2-v3                                                                  170.9229   52.6706 10.0
  4.144 3364 Alaska-slab2-v3                                                                  170.5766   52.7064  8.4
  1.933 3365 Alaska-slab2-v3                                                                  170.6783   52.7708  9.8
  4.142 3378 Alaska-slab2-v3                                                                  170.3296   52.8082  8.3
  1.961 3379 Alaska-slab2-v3                                                                  170.4332   52.8718  9.7
  5.492 3393 Alaska-slab2-v3                                                                  170.0819   52.9101  8.1
  3.561 3394 Alaska-slab2-v3                                                                  170.1869   52.9731  9.5
  3.596 3409 Alaska-slab2-v3                                                                  169.9321   53.0825  9.3
  3.628 3418 Alaska-slab2-v3                                                                  169.6686   53.1994  9.0
  3.610 3427 Alaska-slab2-v3                                                                  169.4050   53.3152  8.8
  1.836 3428 Alaska-slab2-v3                                                                  169.4998   53.3843 10.0
  3.560 3436 Alaska-slab2-v3                                                                  169.1410   53.4303  8.7
  1.819 3437 Alaska-slab2-v3                                                                  169.2331   53.5010  9.9
  3.509 3445 Alaska-slab2-v3                                                                  168.8772   53.5452  8.6
  1.794 3446 Alaska-slab2-v3                                                                  168.9678   53.6168  9.7
  4.781 3454 Alaska-slab2-v3                                                                  168.6148   53.6597  8.4
  3.306 3455 Alaska-slab2-v3                                                                  168.7047   53.7319  9.4
  4.496 3463 Alaska-slab2-v3                                                                  168.3536   53.7742  8.2
  3.074 3464 Alaska-slab2-v3                                                                  168.4421   53.8471  9.1
  5.312 3473 Alaska-slab2-v3                                                                  168.0922   53.8895  8.1
  4.072 3474 Alaska-slab2-v3                                                                  168.1790   53.9633  8.9
  2.802 3475 Alaska-slab2-v3                                                                  168.2618   54.0384  9.8
  5.122 3483 Alaska-slab2-v3                                                                  167.8302   54.0058  8.1
  3.890 3484 Alaska-slab2-v3                                                                  167.9147   54.0806  8.9
  2.658 3485 Alaska-slab2-v3                                                                  167.9964   54.1563  9.8
  5.195 3494 Alaska-slab2-v3                                                                  167.5675   54.1229  8.1
  3.955 3495 Alaska-slab2-v3                                                                  167.6494   54.1988  8.9
  2.701 3496 Alaska-slab2-v3                                                                  167.7277   54.2757  9.8
  9.277 3505 Alaska-slab2-v3                                                                  167.3044   54.2406  8.1
  7.099 3506 Alaska-slab2-v3                                                                  167.3837   54.3175  8.9
  4.843 3507 Alaska-slab2-v3                                                                  167.4581   54.3956  9.8
 13.205 3517 Alaska-slab2-v3                                                                  167.0410   54.3585  8.1
 10.059 3518 Alaska-slab2-v3                                                                  167.1176   54.4364  9.0
  6.840 3519 Alaska-slab2-v3                                                                  167.1884   54.5156  9.8
 13.485 3529 Alaska-slab2-v3                                                                  166.7761   54.4767  8.2
 10.152 3530 Alaska-slab2-v3                                                                  166.8495   54.5557  9.1
  6.856 3531 Alaska-slab2-v3                                                                  166.9145   54.6365  9.9
 10.059 3541 Alaska-slab2-v3                                                                  166.5086   54.5954  8.4
  6.632 3542 Alaska-slab2-v3                                                                  166.5778   54.6756  9.4
  6.801 3553 Alaska-slab2-v3                                                                  166.2376   54.7142  8.8
  4.370 3554 Alaska-slab2-v3                                                                  166.2954   54.7968  9.9
  4.081 3564 Alaska-slab2-v3                                                                  165.9035   54.7504  8.1
  2.546 3565 Alaska-slab2-v3                                                                  165.9582   54.8337  9.4
