117.805 0770 Alaska-slab2-v3                                                                  212.7037   58.1232  9.6
 76.573 0771 Alaska-slab2-v3                                                                  212.5640   58.1721 11.5
 46.468 0772 Alaska-slab2-v3                                                                  212.4241   58.2223 12.9
 25.961 0773 Alaska-slab2-v3                                                                  212.2830   58.2726 13.8
 13.089 0774 Alaska-slab2-v3                                                                  212.1411   58.3229 14.4
  5.890 0775 Alaska-slab2-v3                                                                  211.9987   58.3731 14.7
  2.182 0776 Alaska-slab2-v3                                                                  211.8558   58.4231 14.9
122.248 0804 Alaska-slab2-v3                                                                  212.5018   57.9757  9.3
 82.962 0805 Alaska-slab2-v3                                                                  212.3630   58.0250 11.1
 53.333 0806 Alaska-slab2-v3                                                                  212.2250   58.0764 12.5
 32.263 0807 Alaska-slab2-v3                                                                  212.0860   58.1278 13.4
 18.436 0808 Alaska-slab2-v3                                                                  211.9461   58.1791 14.1
  9.437 0809 Alaska-slab2-v3                                                                  211.8057   58.2304 14.5
  4.170 0810 Alaska-slab2-v3                                                                  211.6649   58.2816 14.7
129.252 0838 Alaska-slab2-v3                                                                  212.2938   57.8339  8.9
 93.213 0839 Alaska-slab2-v3                                                                  212.1557   57.8839 10.5
 64.737 0840 Alaska-slab2-v3                                                                  212.0188   57.9358 11.8
 43.158 0841 Alaska-slab2-v3                                                                  211.8814   57.9880 12.8
 27.363 0842 Alaska-slab2-v3                                                                  211.7432   58.0402 13.5
 15.795 0843 Alaska-slab2-v3                                                                  211.6045   58.0922 14.0
  7.341 0844 Alaska-slab2-v3                                                                  211.4652   58.1442 14.4
141.716 0872 Alaska-slab2-v3                                                                  212.0783   57.6978  8.4
110.175 0873 Alaska-slab2-v3                                                                  211.9416   57.7490  9.9
 83.671 0874 Alaska-slab2-v3                                                                  211.8053   57.8010 11.1
 62.425 0875 Alaska-slab2-v3                                                                  211.6687   57.8535 12.1
 45.559 0876 Alaska-slab2-v3                                                                  211.5314   57.9059 12.8
 31.979 0877 Alaska-slab2-v3                                                                  211.3937   57.9582 13.5
 20.370 0878 Alaska-slab2-v3                                                                  211.2554   58.0104 14.0
 10.295 0879 Alaska-slab2-v3                                                                  211.1167   58.0625 14.4
148.705 0905 Alaska-slab2-v3                                                                  211.8526   57.5663  8.1
120.192 0906 Alaska-slab2-v3                                                                  211.7178   57.6189  9.4
 95.189 0907 Alaska-slab2-v3                                                                  211.5824   57.6714 10.6
 73.695 0908 Alaska-slab2-v3                                                                  211.4462   57.7238 11.5
 55.490 0909 Alaska-slab2-v3                                                                  211.3094   57.7761 12.4
 39.918 0910 Alaska-slab2-v3                                                                  211.1721   57.8283 13.1
 25.881 0911 Alaska-slab2-v3                                                                  211.0343   57.8803 13.7
 12.721 0912 Alaska-slab2-v3                                                                  210.8961   57.9322 14.3
119.023 0939 Alaska-slab2-v3                                                                  211.4814   57.4929  9.1
 93.762 0940 Alaska-slab2-v3                                                                  211.3469   57.5459 10.2
 71.232 0941 Alaska-slab2-v3                                                                  211.2112   57.5983 11.2
 50.977 0942 Alaska-slab2-v3                                                                  211.0747   57.6504 12.1
 32.771 0943 Alaska-slab2-v3                                                                  210.9378   57.7023 12.9
 15.930 0944 Alaska-slab2-v3                                                                  210.8003   57.7542 13.7
123.142 0972 Alaska-slab2-v3                                                                  211.2308   57.3710  9.0
 98.108 0973 Alaska-slab2-v3                                                                  211.0969   57.4240 10.1
 75.329 0974 Alaska-slab2-v3                                                                  210.9619   57.4765 11.1
 54.354 0975 Alaska-slab2-v3                                                                  210.8263   57.5288 12.1
 34.958 0976 Alaska-slab2-v3                                                                  210.6901   57.5810 12.9
 16.915 0977 Alaska-slab2-v3                                                                  210.5535   57.6331 13.7
119.782 1004 Alaska-slab2-v3                                                                  210.9669   57.2526  9.2
 94.469 1005 Alaska-slab2-v3                                                                  210.8334   57.3056 10.3
 71.869 1006 Alaska-slab2-v3                                                                  210.7011   57.3598 11.3
 51.755 1007 Alaska-slab2-v3                                                                  210.5684   57.4139 12.2
 33.222 1008 Alaska-slab2-v3                                                                  210.4353   57.4680 13.0
 16.272 1009 Alaska-slab2-v3                                                                  210.3017   57.5220 13.7
146.177 1035 Alaska-slab2-v3                                                                  210.8281   57.0879  8.2
117.251 1036 Alaska-slab2-v3                                                                  210.6921   57.1379  9.5
 92.299 1037 Alaska-slab2-v3                                                                  210.5617   57.1925 10.6
 71.543 1038 Alaska-slab2-v3                                                                  210.4359   57.2507 11.6
 54.320 1039 Alaska-slab2-v3                                                                  210.3097   57.3090 12.3
 39.525 1040 Alaska-slab2-v3                                                                  210.1830   57.3673 13.0
 26.056 1041 Alaska-slab2-v3                                                                  210.0559   57.4255 13.6
 13.249 1042 Alaska-slab2-v3                                                                  209.9283   57.4835 14.2
143.617 1066 Alaska-slab2-v3                                                                  210.5480   56.9808  8.4
113.233 1067 Alaska-slab2-v3                                                                  210.4119   57.0299  9.8
 88.531 1068 Alaska-slab2-v3                                                                  210.2868   57.0872 10.9
 69.732 1069 Alaska-slab2-v3                                                                  210.1685   57.1498 11.8
 55.086 1070 Alaska-slab2-v3                                                                  210.0496   57.2125 12.4
 43.719 1071 Alaska-slab2-v3                                                                  209.9302   57.2750 12.9
 33.882 1072 Alaska-slab2-v3                                                                  209.8103   57.3375 13.4
 24.264 1073 Alaska-slab2-v3                                                                  209.6901   57.3999 13.8
 13.334 1074 Alaska-slab2-v3                                                                  209.5694   57.4622 14.3
140.122 1096 Alaska-slab2-v3                                                                  210.2708   56.8864  8.3
110.208 1097 Alaska-slab2-v3                                                                  210.1362   56.9367  9.6
 85.917 1098 Alaska-slab2-v3                                                                  210.0128   56.9950 10.7
 67.924 1099 Alaska-slab2-v3                                                                  209.8978   57.0594 11.5
 54.429 1100 Alaska-slab2-v3                                                                  209.7823   57.1238 12.1
 43.858 1101 Alaska-slab2-v3                                                                  209.6663   57.1881 12.6
 34.862 1102 Alaska-slab2-v3                                                                  209.5498   57.2524 13.0
 25.640 1103 Alaska-slab2-v3                                                                  209.4329   57.3166 13.4
 14.619 1104 Alaska-slab2-v3                                                                  209.3157   57.3806 13.9
121.312 1126 Alaska-slab2-v3                                                                  209.8744   56.8602  9.1
 99.030 1127 Alaska-slab2-v3                                                                  209.7519   56.9196 10.1
 81.475 1128 Alaska-slab2-v3                                                                  209.6341   56.9823 10.9
 67.746 1129 Alaska-slab2-v3                                                                  209.5161   57.0452 11.5
 56.042 1130 Alaska-slab2-v3                                                                  209.3976   57.1080 12.0
 45.239 1131 Alaska-slab2-v3                                                                  209.2787   57.1707 12.5
 33.310 1132 Alaska-slab2-v3                                                                  209.1594   57.2333 13.0
 18.681 1133 Alaska-slab2-v3                                                                  209.0398   57.2957 13.7
126.015 1155 Alaska-slab2-v3                                                                  209.6138   56.7850  8.6
104.585 1156 Alaska-slab2-v3                                                                  209.4968   56.8478  9.5
 85.718 1157 Alaska-slab2-v3                                                                  209.3777   56.9096 10.4
 69.413 1158 Alaska-slab2-v3                                                                  209.2553   56.9697 11.1
 53.807 1159 Alaska-slab2-v3                                                                  209.1314   57.0291 11.7
 38.200 1160 Alaska-slab2-v3                                                                  209.0072   57.0883 12.4
 20.731 1161 Alaska-slab2-v3                                                                  208.8826   57.1474 13.1
116.668 1183 Alaska-slab2-v3                                                                  209.3362   56.6985  8.4
100.306 1184 Alaska-slab2-v3                                                                  209.2227   56.7631  9.3
 84.655 1185 Alaska-slab2-v3                                                                  209.1047   56.8252 10.2
 69.182 1186 Alaska-slab2-v3                                                                  208.9805   56.8838 11.0
 53.710 1187 Alaska-slab2-v3                                                                  208.8540   56.9412 11.9
 37.348 1188 Alaska-slab2-v3                                                                  208.7273   56.9984 12.8
 19.741 1189 Alaska-slab2-v3                                                                  208.6002   57.0555 13.8
 85.334 1210 Alaska-slab2-v3                                                                  209.0493   56.6043  8.6
 71.157 1211 Alaska-slab2-v3                                                                  208.9339   56.6675  9.7
 57.256 1212 Alaska-slab2-v3                                                                  208.8140   56.7282 10.7
 43.493 1213 Alaska-slab2-v3                                                                  208.6901   56.7867 11.7
 29.454 1214 Alaska-slab2-v3                                                                  208.5650   56.8445 12.7
 15.140 1215 Alaska-slab2-v3                                                                  208.4395   56.9022 13.7
 63.729 1236 Alaska-slab2-v3                                                                  208.8802   56.4447  8.1
 50.846 1237 Alaska-slab2-v3                                                                  208.7647   56.5072  9.4
 39.233 1238 Alaska-slab2-v3                                                                  208.6463   56.5684 10.6
 28.693 1239 Alaska-slab2-v3                                                                  208.5248   56.6279 11.7
 18.933 1240 Alaska-slab2-v3                                                                  208.4020   56.6869 12.7
  9.467 1241 Alaska-slab2-v3                                                                  208.2787   56.7458 13.7
 31.287 1262 Alaska-slab2-v3                                                                  208.5983   56.3460  8.8
 22.209 1263 Alaska-slab2-v3                                                                  208.4812   56.4069 10.4
 14.958 1264 Alaska-slab2-v3                                                                  208.3622   56.4673 11.7
  9.192 1265 Alaska-slab2-v3                                                                  208.2418   56.5275 12.7
  4.396 1266 Alaska-slab2-v3                                                                  208.1208   56.5876 13.5
 28.849 1287 Alaska-slab2-v3                                                                  208.3171   56.2446  9.4
 18.932 1288 Alaska-slab2-v3                                                                  208.2000   56.3048 11.1
 11.832 1289 Alaska-slab2-v3                                                                  208.0836   56.3666 12.4
  6.818 1290 Alaska-slab2-v3                                                                  207.9663   56.4286 13.3
  3.155 1291 Alaska-slab2-v3                                                                  207.8484   56.4905 13.9
 29.401 1312 Alaska-slab2-v3                                                                  208.0398   56.1434  9.6
 19.510 1313 Alaska-slab2-v3                                                                  207.9244   56.2042 11.4
 12.624 1314 Alaska-slab2-v3                                                                  207.8116   56.2679 12.6
  8.143 1315 Alaska-slab2-v3                                                                  207.6980   56.3317 13.5
  5.082 1316 Alaska-slab2-v3                                                                  207.5837   56.3957 14.0
  2.678 1317 Alaska-slab2-v3                                                                  207.4690   56.4595 14.5
 29.364 1336 Alaska-slab2-v3                                                                  207.7667   56.0430  9.5
 19.557 1337 Alaska-slab2-v3                                                                  207.6526   56.1043 11.3
 12.671 1338 Alaska-slab2-v3                                                                  207.5425   56.1693 12.5
  8.098 1339 Alaska-slab2-v3                                                                  207.4315   56.2344 13.4
  5.013 1340 Alaska-slab2-v3                                                                  207.3199   56.2996 13.9
  2.644 1341 Alaska-slab2-v3                                                                  207.2079   56.3648 14.4
 30.403 1360 Alaska-slab2-v3                                                                  207.4972   55.9427  9.3
 20.895 1361 Alaska-slab2-v3                                                                  207.3835   56.0042 11.0
 14.040 1362 Alaska-slab2-v3                                                                  207.2747   56.0698 12.2
  9.231 1363 Alaska-slab2-v3                                                                  207.1652   56.1355 13.1
  5.859 1364 Alaska-slab2-v3                                                                  207.0551   56.2013 13.7
  3.040 1365 Alaska-slab2-v3                                                                  206.9445   56.2670 14.2
 31.803 1384 Alaska-slab2-v3                                                                  207.2316   55.8425  9.0
 22.756 1385 Alaska-slab2-v3                                                                  207.1181   55.9043 10.6
 15.929 1386 Alaska-slab2-v3                                                                  207.0097   55.9699 11.9
 10.879 1387 Alaska-slab2-v3                                                                  206.9012   56.0360 12.8
  6.993 1388 Alaska-slab2-v3                                                                  206.7921   56.1021 13.5
  3.552 1389 Alaska-slab2-v3                                                                  206.6826   56.1682 14.1
 32.973 1407 Alaska-slab2-v3                                                                  206.9698   55.7423  8.7
 24.420 1408 Alaska-slab2-v3                                                                  206.8571   55.8047 10.2
 17.668 1409 Alaska-slab2-v3                                                                  206.7489   55.8703 11.4
 12.323 1410 Alaska-slab2-v3                                                                  206.6420   55.9370 12.3
  7.990 1411 Alaska-slab2-v3                                                                  206.5345   56.0037 13.1
  4.051 1412 Alaska-slab2-v3                                                                  206.4266   56.0704 13.8
 36.208 1430 Alaska-slab2-v3                                                                  206.7109   55.6415  8.3
 28.726 1431 Alaska-slab2-v3                                                                  206.5997   55.7049  9.7
 22.391 1432 Alaska-slab2-v3                                                                  206.4925   55.7709 10.9
 17.203 1433 Alaska-slab2-v3                                                                  206.3880   55.8387 11.8
 12.779 1434 Alaska-slab2-v3                                                                  206.2831   55.9065 12.6
  8.738 1435 Alaska-slab2-v3                                                                  206.1777   55.9743 13.4
  4.587 1436 Alaska-slab2-v3                                                                  206.0720   56.0420 14.1
 36.468 1453 Alaska-slab2-v3                                                                  206.4544   55.5398  8.0
 29.570 1454 Alaska-slab2-v3                                                                  206.3461   55.6049  9.2
 23.408 1455 Alaska-slab2-v3                                                                  206.2403   55.6716 10.3
 18.149 1456 Alaska-slab2-v3                                                                  206.1377   55.7402 11.2
 13.456 1457 Alaska-slab2-v3                                                                  206.0354   55.8091 12.1
  9.103 1458 Alaska-slab2-v3                                                                  205.9326   55.8780 12.8
  4.693 1459 Alaska-slab2-v3                                                                  205.8296   55.9468 13.6
 33.602 1477 Alaska-slab2-v3                                                                  206.0955   55.5043  8.8
 28.167 1478 Alaska-slab2-v3                                                                  205.9916   55.5720  9.8
 23.170 1479 Alaska-slab2-v3                                                                  205.8897   55.6408 10.7
 18.558 1480 Alaska-slab2-v3                                                                  205.7890   55.7103 11.5
 14.166 1481 Alaska-slab2-v3                                                                  205.6879   55.7798 12.3
  9.773 1482 Alaska-slab2-v3                                                                  205.5864   55.8492 13.1
  5.106 1483 Alaska-slab2-v3                                                                  205.4847   55.9185 13.9
 34.635 1500 Alaska-slab2-v3                                                                  205.8458   55.4021  8.3
 29.606 1501 Alaska-slab2-v3                                                                  205.7450   55.4712  9.2
 24.691 1502 Alaska-slab2-v3                                                                  205.6444   55.5406 10.1
 20.001 1503 Alaska-slab2-v3                                                                  205.5441   55.6102 10.9
 15.368 1504 Alaska-slab2-v3                                                                  205.4433   55.6797 11.7
 10.566 1505 Alaska-slab2-v3                                                                  205.3421   55.7491 12.6
  5.537 1506 Alaska-slab2-v3                                                                  205.2407   55.8184 13.5
 30.914 1524 Alaska-slab2-v3                                                                  205.4988   55.3689  8.7
 26.323 1525 Alaska-slab2-v3                                                                  205.4008   55.4394  9.5
 21.616 1526 Alaska-slab2-v3                                                                  205.3016   55.5095 10.3
 16.793 1527 Alaska-slab2-v3                                                                  205.2007   55.5787 11.2
 11.622 1528 Alaska-slab2-v3                                                                  205.0989   55.6477 12.1
  6.101 1529 Alaska-slab2-v3                                                                  204.9969   55.7165 13.0
 32.296 1547 Alaska-slab2-v3                                                                  205.2584   55.2577  8.5
 27.815 1548 Alaska-slab2-v3                                                                  205.1624   55.3289  9.3
 23.044 1549 Alaska-slab2-v3                                                                  205.0641   55.3994 10.1
 17.923 1550 Alaska-slab2-v3                                                                  204.9633   55.4688 11.0
 12.395 1551 Alaska-slab2-v3                                                                  204.8619   55.5377 11.9
  6.459 1552 Alaska-slab2-v3                                                                  204.7602   55.6064 12.9
 33.397 1570 Alaska-slab2-v3                                                                  205.0209   55.1392  8.5
 28.845 1571 Alaska-slab2-v3                                                                  204.9251   55.2105  9.3
 23.782 1572 Alaska-slab2-v3                                                                  204.8280   55.2811 10.2
 18.320 1573 Alaska-slab2-v3                                                                  204.7290   55.3509 11.1
 12.460 1574 Alaska-slab2-v3                                                                  204.6291   55.4202 12.2
  6.315 1575 Alaska-slab2-v3                                                                  204.5289   55.4895 13.2
 33.763 1593 Alaska-slab2-v3                                                                  204.7814   55.0242  8.6
 29.019 1594 Alaska-slab2-v3                                                                  204.6865   55.0957  9.4
 23.773 1595 Alaska-slab2-v3                                                                  204.5900   55.1664 10.4
 18.137 1596 Alaska-slab2-v3                                                                  204.4918   55.2363 11.4
 12.166 1597 Alaska-slab2-v3                                                                  204.3930   55.3061 12.5
  6.083 1598 Alaska-slab2-v3                                                                  204.2939   55.3757 13.6
 37.716 1615 Alaska-slab2-v3                                                                  204.6288   54.8438  8.0
 33.043 1616 Alaska-slab2-v3                                                                  204.5354   54.9157  8.9
 28.095 1617 Alaska-slab2-v3                                                                  204.4412   54.9874  9.8
 22.817 1618 Alaska-slab2-v3                                                                  204.3449   55.0581 10.7
 17.264 1619 Alaska-slab2-v3                                                                  204.2470   55.1280 11.7
 11.491 1620 Alaska-slab2-v3                                                                  204.1487   55.1978 12.8
  5.718 1621 Alaska-slab2-v3                                                                  204.0501   55.2676 13.8
 33.402 1638 Alaska-slab2-v3                                                                  204.3707   54.7446  8.3
 27.990 1639 Alaska-slab2-v3                                                                  204.2784   54.8168  9.2
 22.520 1640 Alaska-slab2-v3                                                                  204.1843   54.8883 10.2
 16.992 1641 Alaska-slab2-v3                                                                  204.0877   54.9587 11.1
 11.347 1642 Alaska-slab2-v3                                                                  203.9900   55.0287 12.1
  5.703 1643 Alaska-slab2-v3                                                                  203.8920   55.0987 13.1
 32.094 1661 Alaska-slab2-v3                                                                  204.0996   54.6557  8.6
 26.353 1662 Alaska-slab2-v3                                                                  204.0074   54.7278  9.6
 20.841 1663 Alaska-slab2-v3                                                                  203.9128   54.7990 10.6
 15.502 1664 Alaska-slab2-v3                                                                  203.8162   54.8693 11.5
 10.335 1665 Alaska-slab2-v3                                                                  203.7191   54.9396 12.4
  5.167 1666 Alaska-slab2-v3                                                                  203.6216   55.0097 13.3
 31.323 1683 Alaska-slab2-v3                                                                  203.8178   54.5758  8.9
 25.330 1684 Alaska-slab2-v3                                                                  203.7246   54.6474 10.0
 19.846 1685 Alaska-slab2-v3                                                                  203.6297   54.7183 10.9
 14.813 1686 Alaska-slab2-v3                                                                  203.5336   54.7888 11.8
  9.894 1687 Alaska-slab2-v3                                                                  203.4371   54.8593 12.7
  5.032 1688 Alaska-slab2-v3                                                                  203.3403   54.9297 13.6
 31.393 1705 Alaska-slab2-v3                                                                  203.5301   54.5031  9.1
 25.403 1706 Alaska-slab2-v3                                                                  203.4363   54.5742 10.1
 19.967 1707 Alaska-slab2-v3                                                                  203.3410   54.6449 11.1
 15.031 1708 Alaska-slab2-v3                                                                  203.2450   54.7154 12.0
 10.206 1709 Alaska-slab2-v3                                                                  203.1487   54.7859 12.9
  5.269 1710 Alaska-slab2-v3                                                                  203.0520   54.8563 13.8
 28.339 1726 Alaska-slab2-v3                                                                  203.2397   54.4355  9.2
 21.938 1727 Alaska-slab2-v3                                                                  203.1452   54.5063 10.3
 16.235 1728 Alaska-slab2-v3                                                                  203.0494   54.5766 11.2
 10.882 1729 Alaska-slab2-v3                                                                  202.9530   54.6469 12.2
  5.645 1730 Alaska-slab2-v3                                                                  202.8563   54.7171 13.1
 36.173 1745 Alaska-slab2-v3                                                                  203.0409   54.3010  8.0
 29.085 1746 Alaska-slab2-v3                                                                  202.9467   54.3715  9.3
 22.735 1747 Alaska-slab2-v3                                                                  202.8513   54.4418 10.4
 17.066 1748 Alaska-slab2-v3                                                                  202.7548   54.5117 11.4
 11.736 1749 Alaska-slab2-v3                                                                  202.6578   54.5816 12.3
  6.180 1750 Alaska-slab2-v3                                                                  202.5605   54.6514 13.3
