  6.260 2701 Alaska-slab2-v3                                                                  184.9321   50.6085  9.4
  6.260 2702 Alaska-slab2-v3                                                                  184.9167   50.6967 11.2
  6.131 2703 Alaska-slab2-v3                                                                  184.9002   50.7854 12.4
  5.622 2704 Alaska-slab2-v3                                                                  184.8836   50.8745 13.4
  5.107 2705 Alaska-slab2-v3                                                                  184.8668   50.9635 14.4
  4.453 2706 Alaska-slab2-v3                                                                  184.8487   51.0521 15.7
  3.609 2707 Alaska-slab2-v3                                                                  184.8291   51.1401 17.3
  2.564 2708 Alaska-slab2-v3                                                                  184.8091   51.2274 19.3
  1.354 2709 Alaska-slab2-v3                                                                  184.7869   51.3139 21.7
  6.260 2716 Alaska-slab2-v3                                                                  184.6522   50.5808  9.4
  6.260 2717 Alaska-slab2-v3                                                                  184.6381   50.6690 11.2
  5.981 2718 Alaska-slab2-v3                                                                  184.6230   50.7578 12.5
  5.423 2719 Alaska-slab2-v3                                                                  184.6078   50.8468 13.6
  4.890 2720 Alaska-slab2-v3                                                                  184.5923   50.9359 14.6
  4.274 2721 Alaska-slab2-v3                                                                  184.5748   51.0247 15.8
  3.502 2722 Alaska-slab2-v3                                                                  184.5556   51.1130 17.3
  2.542 2723 Alaska-slab2-v3                                                                  184.5363   51.2007 19.1
  1.367 2724 Alaska-slab2-v3                                                                  184.5152   51.2874 21.4
  6.260 2731 Alaska-slab2-v3                                                                  184.3720   50.5546  9.4
  6.260 2732 Alaska-slab2-v3                                                                  184.3591   50.6428 11.2
  5.899 2733 Alaska-slab2-v3                                                                  184.3452   50.7316 12.6
  5.314 2734 Alaska-slab2-v3                                                                  184.3312   50.8207 13.7
  4.760 2735 Alaska-slab2-v3                                                                  184.3167   50.9099 14.7
  4.144 2736 Alaska-slab2-v3                                                                  184.2999   50.9987 15.9
  3.400 2737 Alaska-slab2-v3                                                                  184.2813   51.0871 17.3
  2.483 2738 Alaska-slab2-v3                                                                  184.2627   51.1751 19.0
  1.355 2739 Alaska-slab2-v3                                                                  184.2425   51.2621 21.2
  6.260 2746 Alaska-slab2-v3                                                                  184.0914   50.5302  9.3
  6.260 2747 Alaska-slab2-v3                                                                  184.0794   50.6186 11.1
  5.924 2748 Alaska-slab2-v3                                                                  184.0666   50.7074 12.5
  5.337 2749 Alaska-slab2-v3                                                                  184.0536   50.7966 13.6
  4.771 2750 Alaska-slab2-v3                                                                  184.0402   50.8858 14.6
  4.126 2751 Alaska-slab2-v3                                                                  184.0244   50.9747 15.9
  3.354 2752 Alaska-slab2-v3                                                                  184.0065   51.0631 17.3
  2.433 2753 Alaska-slab2-v3                                                                  183.9887   51.1511 19.1
  1.333 2754 Alaska-slab2-v3                                                                  183.9695   51.2384 21.1
  6.260 2761 Alaska-slab2-v3                                                                  183.8105   50.5081  9.3
  6.260 2762 Alaska-slab2-v3                                                                  183.7994   50.5965 11.0
  6.047 2763 Alaska-slab2-v3                                                                  183.7875   50.6855 12.3
  5.485 2764 Alaska-slab2-v3                                                                  183.7755   50.7748 13.4
  4.913 2765 Alaska-slab2-v3                                                                  183.7633   50.8640 14.5
  4.235 2766 Alaska-slab2-v3                                                                  183.7487   50.9529 15.8
  3.405 2767 Alaska-slab2-v3                                                                  183.7317   51.0412 17.4
  2.427 2768 Alaska-slab2-v3                                                                  183.7146   51.1291 19.2
  1.324 2769 Alaska-slab2-v3                                                                  183.6962   51.2164 21.3
  6.260 2776 Alaska-slab2-v3                                                                  183.5292   50.4885  9.2
  6.260 2777 Alaska-slab2-v3                                                                  183.5191   50.5771 10.9
  6.234 2778 Alaska-slab2-v3                                                                  183.5081   50.6662 12.2
  5.697 2779 Alaska-slab2-v3                                                                  183.4970   50.7555 13.2
  5.133 2780 Alaska-slab2-v3                                                                  183.4859   50.8448 14.3
  4.430 2781 Alaska-slab2-v3                                                                  183.4725   50.9336 15.6
  3.536 2782 Alaska-slab2-v3                                                                  183.4566   51.0218 17.4
  2.497 2783 Alaska-slab2-v3                                                                  183.4403   51.1095 19.4
  1.339 2784 Alaska-slab2-v3                                                                  183.4229   51.1966 21.6
  6.260 2791 Alaska-slab2-v3                                                                  183.2476   50.4719  9.2
  6.260 2792 Alaska-slab2-v3                                                                  183.2383   50.5605 10.8
  6.260 2793 Alaska-slab2-v3                                                                  183.2282   50.6497 12.1
  5.885 2794 Alaska-slab2-v3                                                                  183.2180   50.7391 13.1
  5.322 2795 Alaska-slab2-v3                                                                  183.2078   50.8284 14.2
  4.606 2796 Alaska-slab2-v3                                                                  183.1956   50.9172 15.6
  3.683 2797 Alaska-slab2-v3                                                                  183.1809   51.0053 17.4
  2.587 2798 Alaska-slab2-v3                                                                  183.1656   51.0928 19.6
  1.370 2799 Alaska-slab2-v3                                                                  183.1494   51.1796 22.0
  6.260 2806 Alaska-slab2-v3                                                                  182.9656   50.4585  9.1
  6.260 2807 Alaska-slab2-v3                                                                  182.9573   50.5472 10.7
  5.787 2808 Alaska-slab2-v3                                                                  182.9481   50.6364 12.0
  5.179 2809 Alaska-slab2-v3                                                                  182.9388   50.7258 13.0
  4.538 2810 Alaska-slab2-v3                                                                  182.9294   50.8151 14.2
  3.732 2811 Alaska-slab2-v3                                                                  182.9181   50.9039 15.6
  2.697 2812 Alaska-slab2-v3                                                                  182.9046   50.9921 17.5
  1.441 2813 Alaska-slab2-v3                                                                  182.8905   51.0794 19.7
  6.260 2821 Alaska-slab2-v3                                                                  182.6836   50.4486  8.9
  6.260 2822 Alaska-slab2-v3                                                                  182.6763   50.5374 10.5
  5.885 2823 Alaska-slab2-v3                                                                  182.6679   50.6266 11.8
  5.235 2824 Alaska-slab2-v3                                                                  182.6593   50.7159 13.0
  4.562 2825 Alaska-slab2-v3                                                                  182.6507   50.8052 14.2
  3.755 2826 Alaska-slab2-v3                                                                  182.6403   50.8941 15.6
  2.746 2827 Alaska-slab2-v3                                                                  182.6279   50.9823 17.4
  1.491 2828 Alaska-slab2-v3                                                                  182.6151   51.0698 19.7
  6.260 2835 Alaska-slab2-v3                                                                  182.4019   50.4425  8.7
  6.260 2836 Alaska-slab2-v3                                                                  182.3958   50.5313 10.3
  6.008 2837 Alaska-slab2-v3                                                                  182.3882   50.6205 11.6
  5.314 2838 Alaska-slab2-v3                                                                  182.3801   50.7097 12.9
  4.597 2839 Alaska-slab2-v3                                                                  182.3720   50.7989 14.1
  3.768 2840 Alaska-slab2-v3                                                                  182.3624   50.8878 15.6
  2.755 2841 Alaska-slab2-v3                                                                  182.3512   50.9762 17.4
  1.506 2842 Alaska-slab2-v3                                                                  182.3395   51.0636 19.7
  6.260 2849 Alaska-slab2-v3                                                                  182.1201   50.4400  8.5
  6.260 2850 Alaska-slab2-v3                                                                  182.1156   50.5291 10.0
  6.196 2851 Alaska-slab2-v3                                                                  182.1090   50.6182 11.3
  5.465 2852 Alaska-slab2-v3                                                                  182.1013   50.7074 12.6
  4.701 2853 Alaska-slab2-v3                                                                  182.0936   50.7965 14.0
  3.826 2854 Alaska-slab2-v3                                                                  182.0847   50.8853 15.6
  2.777 2855 Alaska-slab2-v3                                                                  182.0745   50.9736 17.5
  1.511 2856 Alaska-slab2-v3                                                                  182.0637   51.0610 19.7
  6.260 2863 Alaska-slab2-v3                                                                  181.8380   50.4414  8.3
  6.260 2864 Alaska-slab2-v3                                                                  181.8349   50.5305  9.7
  6.260 2865 Alaska-slab2-v3                                                                  181.8294   50.6197 11.1
  5.688 2866 Alaska-slab2-v3                                                                  181.8222   50.7089 12.4
  4.885 2867 Alaska-slab2-v3                                                                  181.8150   50.7979 13.9
  3.955 2868 Alaska-slab2-v3                                                                  181.8068   50.8865 15.6
  2.839 2869 Alaska-slab2-v3                                                                  181.7974   50.9745 17.6
  1.529 2870 Alaska-slab2-v3                                                                  181.7875   51.0618 20.0
  6.260 2877 Alaska-slab2-v3                                                                  181.5553   50.4465  8.2
  6.260 2878 Alaska-slab2-v3                                                                  181.5532   50.5356  9.6
  6.260 2879 Alaska-slab2-v3                                                                  181.5486   50.6249 11.0
  5.912 2880 Alaska-slab2-v3                                                                  181.5422   50.7140 12.3
  5.097 2881 Alaska-slab2-v3                                                                  181.5358   50.8030 13.9
  4.116 2882 Alaska-slab2-v3                                                                  181.5284   50.8914 15.7
  2.937 2883 Alaska-slab2-v3                                                                  181.5199   50.9791 17.9
  1.570 2884 Alaska-slab2-v3                                                                  181.5111   51.0661 20.4
  6.260 2891 Alaska-slab2-v3                                                                  181.2723   50.4553  8.3
  6.260 2892 Alaska-slab2-v3                                                                  181.2705   50.5445  9.7
  6.260 2893 Alaska-slab2-v3                                                                  181.2666   50.6337 11.1
  6.074 2894 Alaska-slab2-v3                                                                  181.2612   50.7229 12.5
  5.258 2895 Alaska-slab2-v3                                                                  181.2558   50.8118 14.1
  4.261 2896 Alaska-slab2-v3                                                                  181.2495   50.9001 16.0
  3.042 2897 Alaska-slab2-v3                                                                  181.2423   50.9875 18.4
  1.622 2898 Alaska-slab2-v3                                                                  181.2349   51.0739 21.1
 10.955 2904 Alaska-slab2-v3                                                                  180.9893   50.4677  8.5
 10.955 2905 Alaska-slab2-v3                                                                  180.9876   50.5567 10.0
 10.476 2906 Alaska-slab2-v3                                                                  180.9842   50.6459 11.4
  9.056 2907 Alaska-slab2-v3                                                                  180.9801   50.7350 12.9
  7.427 2908 Alaska-slab2-v3                                                                  180.9758   50.8239 14.5
  5.418 2909 Alaska-slab2-v3                                                                  180.9708   50.9120 16.5
  2.949 2910 Alaska-slab2-v3                                                                  180.9650   50.9992 19.0
 15.650 2917 Alaska-slab2-v3                                                                  180.7065   50.4827  8.8
 15.650 2918 Alaska-slab2-v3                                                                  180.7050   50.5716 10.4
 14.991 2919 Alaska-slab2-v3                                                                  180.7024   50.6607 11.9
 13.012 2920 Alaska-slab2-v3                                                                  180.6995   50.7498 13.3
 10.704 2921 Alaska-slab2-v3                                                                  180.6963   50.8386 15.0
  7.818 2922 Alaska-slab2-v3                                                                  180.6925   50.9266 17.1
  4.273 2923 Alaska-slab2-v3                                                                  180.6884   51.0136 19.7
 20.346 2930 Alaska-slab2-v3                                                                  180.4238   50.4994  9.1
 20.346 2931 Alaska-slab2-v3                                                                  180.4228   50.5882 10.8
 19.656 2932 Alaska-slab2-v3                                                                  180.4212   50.6773 12.2
 17.141 2933 Alaska-slab2-v3                                                                  180.4195   50.7664 13.7
 14.092 2934 Alaska-slab2-v3                                                                  180.4175   50.8551 15.4
 10.250 2935 Alaska-slab2-v3                                                                  180.4150   50.9429 17.7
  5.582 2936 Alaska-slab2-v3                                                                  180.4124   51.0295 20.4
 25.041 2942 Alaska-slab2-v3                                                                  180.1413   50.5169  9.3
 25.041 2943 Alaska-slab2-v3                                                                  180.1410   50.6056 11.0
 24.630 2944 Alaska-slab2-v3                                                                  180.1405   50.6948 12.4
 21.613 2945 Alaska-slab2-v3                                                                  180.1401   50.7839 13.9
 17.693 2946 Alaska-slab2-v3                                                                  180.1393   50.8723 15.8
 12.644 2947 Alaska-slab2-v3                                                                  180.1382   50.9596 18.2
  6.794 2948 Alaska-slab2-v3                                                                  180.1372   51.0460 21.1
 25.041 2954 Alaska-slab2-v3                                                                  179.8595   50.5313  9.4
 24.135 2955 Alaska-slab2-v3                                                                  179.8612   50.6200 11.2
 20.883 2956 Alaska-slab2-v3                                                                  179.8629   50.7092 12.6
 17.491 2957 Alaska-slab2-v3                                                                  179.8646   50.7983 14.0
 12.962 2958 Alaska-slab2-v3                                                                  179.8659   50.8866 16.0
  7.038 2959 Alaska-slab2-v3                                                                  179.8669   50.9737 18.5
 25.041 2966 Alaska-slab2-v3                                                                  179.5790   50.5430  9.6
 23.984 2967 Alaska-slab2-v3                                                                  179.5835   50.6316 11.4
 20.745 2968 Alaska-slab2-v3                                                                  179.5878   50.7207 12.8
 17.460 2969 Alaska-slab2-v3                                                                  179.5922   50.8098 14.2
 13.187 2970 Alaska-slab2-v3                                                                  179.5964   50.8983 16.1
  7.374 2971 Alaska-slab2-v3                                                                  179.6002   50.9854 18.6
 25.041 2978 Alaska-slab2-v3                                                                  179.2990   50.5579  9.7
 23.984 2979 Alaska-slab2-v3                                                                  179.3064   50.6463 11.5
 20.756 2980 Alaska-slab2-v3                                                                  179.3134   50.7354 12.9
 17.527 2981 Alaska-slab2-v3                                                                  179.3204   50.8244 14.3
 13.299 2982 Alaska-slab2-v3                                                                  179.3273   50.9128 16.2
  7.479 2983 Alaska-slab2-v3                                                                  179.3340   50.9997 18.7
 25.041 2990 Alaska-slab2-v3                                                                  179.0199   50.5780  9.7
 24.108 2991 Alaska-slab2-v3                                                                  179.0302   50.6663 11.6
 20.963 2992 Alaska-slab2-v3                                                                  179.0398   50.7553 13.0
 17.682 2993 Alaska-slab2-v3                                                                  179.0494   50.8442 14.4
 13.346 2994 Alaska-slab2-v3                                                                  179.0591   50.9323 16.4
  7.437 2995 Alaska-slab2-v3                                                                  179.0686   51.0190 19.0
 25.041 3002 Alaska-slab2-v3                                                                  178.7420   50.6040  9.8
 24.342 3003 Alaska-slab2-v3                                                                  178.7552   50.6922 11.6
 21.235 3004 Alaska-slab2-v3                                                                  178.7674   50.7810 13.0
 17.907 3005 Alaska-slab2-v3                                                                  178.7798   50.8697 14.5
 13.358 3006 Alaska-slab2-v3                                                                  178.7922   50.9575 16.5
  7.345 3007 Alaska-slab2-v3                                                                  178.8044   51.0439 19.3
 25.041 3014 Alaska-slab2-v3                                                                  178.4654   50.6353  9.8
 24.635 3015 Alaska-slab2-v3                                                                  178.4815   50.7233 11.6
 21.545 3016 Alaska-slab2-v3                                                                  178.4964   50.8120 13.0
 18.126 3017 Alaska-slab2-v3                                                                  178.5114   50.9004 14.6
 13.413 3018 Alaska-slab2-v3                                                                  178.5266   50.9878 16.7
  7.299 3019 Alaska-slab2-v3                                                                  178.5414   51.0738 19.5
 25.041 3025 Alaska-slab2-v3                                                                  178.1902   50.6710  9.8
 24.965 3026 Alaska-slab2-v3                                                                  178.2094   50.7588 11.6
 21.885 3027 Alaska-slab2-v3                                                                  178.2269   50.8472 13.0
 18.371 3028 Alaska-slab2-v3                                                                  178.2445   50.9354 14.6
 13.513 3029 Alaska-slab2-v3                                                                  178.2624   51.0224 16.9
  7.309 3030 Alaska-slab2-v3                                                                  178.2798   51.1081 19.7
 25.041 3036 Alaska-slab2-v3                                                                  177.9160   50.7103  9.7
 25.041 3037 Alaska-slab2-v3                                                                  177.9384   50.7977 11.5
 22.196 3038 Alaska-slab2-v3                                                                  177.9585   50.8859 12.9
 18.597 3039 Alaska-slab2-v3                                                                  177.9788   50.9738 14.6
 13.662 3040 Alaska-slab2-v3                                                                  177.9995   51.0605 16.9
  7.392 3041 Alaska-slab2-v3                                                                  178.0197   51.1457 19.8
 25.041 3047 Alaska-slab2-v3                                                                  177.6429   50.7524  9.6
 25.041 3048 Alaska-slab2-v3                                                                  177.6686   50.8395 11.3
 22.433 3049 Alaska-slab2-v3                                                                  177.6915   50.9274 12.8
 18.770 3050 Alaska-slab2-v3                                                                  177.7145   51.0150 14.5
 13.792 3051 Alaska-slab2-v3                                                                  177.7381   51.1013 16.8
  7.456 3052 Alaska-slab2-v3                                                                  177.7610   51.1862 19.8
 25.041 3058 Alaska-slab2-v3                                                                  177.3704   50.7972  9.4
 25.041 3059 Alaska-slab2-v3                                                                  177.3997   50.8839 11.2
 22.613 3060 Alaska-slab2-v3                                                                  177.4254   50.9714 12.7
 18.905 3061 Alaska-slab2-v3                                                                  177.4512   51.0587 14.4
 13.897 3062 Alaska-slab2-v3                                                                  177.4776   51.1447 16.7
  7.523 3063 Alaska-slab2-v3                                                                  177.5036   51.2292 19.6
 25.041 3069 Alaska-slab2-v3                                                                  177.0983   50.8445  9.2
 25.041 3070 Alaska-slab2-v3                                                                  177.1313   50.9307 11.0
 22.764 3071 Alaska-slab2-v3                                                                  177.1599   51.0179 12.5
 19.021 3072 Alaska-slab2-v3                                                                  177.1886   51.1048 14.2
 14.009 3073 Alaska-slab2-v3                                                                  177.2180   51.1905 16.5
  7.574 3074 Alaska-slab2-v3                                                                  177.2470   51.2746 19.4
 25.041 3080 Alaska-slab2-v3                                                                  176.8266   50.8941  9.1
 25.041 3081 Alaska-slab2-v3                                                                  176.8631   50.9798 10.8
 22.843 3082 Alaska-slab2-v3                                                                  176.8947   51.0666 12.3
 19.131 3083 Alaska-slab2-v3                                                                  176.9263   51.1531 14.0
 14.139 3084 Alaska-slab2-v3                                                                  176.9587   51.2385 16.3
  7.688 3085 Alaska-slab2-v3                                                                  176.9909   51.3222 19.2
 25.041 3091 Alaska-slab2-v3                                                                  176.5551   50.9460  9.0
 25.041 3092 Alaska-slab2-v3                                                                  176.5947   51.0311 10.8
 22.841 3093 Alaska-slab2-v3                                                                  176.6293   51.1174 12.3
 19.130 3094 Alaska-slab2-v3                                                                  176.6639   51.2036 13.9
 14.265 3095 Alaska-slab2-v3                                                                  176.6995   51.2885 16.1
  7.843 3096 Alaska-slab2-v3                                                                  176.7350   51.3718 19.0
 25.041 3103 Alaska-slab2-v3                                                                  176.2839   50.9998  9.0
 25.041 3104 Alaska-slab2-v3                                                                  176.3264   51.0844 10.7
 22.762 3105 Alaska-slab2-v3                                                                  176.3640   51.1702 12.3
 19.028 3106 Alaska-slab2-v3                                                                  176.4015   51.2558 14.0
 14.315 3107 Alaska-slab2-v3                                                                  176.4402   51.3404 16.1
  7.980 3108 Alaska-slab2-v3                                                                  176.4791   51.4232 18.9
 25.041 3114 Alaska-slab2-v3                                                                  176.0134   51.0555  9.0
 25.041 3115 Alaska-slab2-v3                                                                  176.0587   51.1395 10.8
 22.710 3116 Alaska-slab2-v3                                                                  176.0991   51.2247 12.4
 18.977 3117 Alaska-slab2-v3                                                                  176.1396   51.3098 14.1
 14.315 3118 Alaska-slab2-v3                                                                  176.1814   51.3939 16.2
  8.085 3119 Alaska-slab2-v3                                                                  176.2234   51.4761 19.0
 25.041 3125 Alaska-slab2-v3                                                                  175.7436   51.1130  9.1
 25.041 3126 Alaska-slab2-v3                                                                  175.7917   51.1963 10.9
 22.836 3127 Alaska-slab2-v3                                                                  175.8350   51.2809 12.5
 19.037 3128 Alaska-slab2-v3                                                                  175.8786   51.3654 14.2
 14.321 3129 Alaska-slab2-v3                                                                  175.9236   51.4487 16.4
  8.034 3130 Alaska-slab2-v3                                                                  175.9682   51.5303 19.3
 25.041 3136 Alaska-slab2-v3                                                                  175.4744   51.1720  9.1
 25.041 3137 Alaska-slab2-v3                                                                  175.5253   51.2547 10.9
 23.095 3138 Alaska-slab2-v3                                                                  175.5718   51.3387 12.6
 19.224 3139 Alaska-slab2-v3                                                                  175.6186   51.4223 14.4
 14.300 3140 Alaska-slab2-v3                                                                  175.6667   51.5047 16.6
  7.956 3141 Alaska-slab2-v3                                                                  175.7139   51.5855 19.6
 20.346 3147 Alaska-slab2-v3                                                                  175.2060   51.2325  9.2
 20.346 3148 Alaska-slab2-v3                                                                  175.2598   51.3145 11.0
 19.004 3149 Alaska-slab2-v3                                                                  175.3094   51.3978 12.6
 15.822 3150 Alaska-slab2-v3                                                                  175.3593   51.4807 14.5
 11.660 3151 Alaska-slab2-v3                                                                  175.4107   51.5619 16.9
  6.398 3152 Alaska-slab2-v3                                                                  175.4603   51.6419 19.9
 15.650 3158 Alaska-slab2-v3                                                                  174.9384   51.2945  9.3
 15.650 3159 Alaska-slab2-v3                                                                  174.9951   51.3757 11.1
 14.737 3160 Alaska-slab2-v3                                                                  175.0477   51.4583 12.7
 12.296 3161 Alaska-slab2-v3                                                                  175.1008   51.5404 14.6
  8.993 3162 Alaska-slab2-v3                                                                  175.1555   51.6206 17.1
  4.895 3163 Alaska-slab2-v3                                                                  175.2076   51.6996 20.2
 10.955 3169 Alaska-slab2-v3                                                                  174.6719   51.3578  9.4
 10.955 3170 Alaska-slab2-v3                                                                  174.7314   51.4382 11.2
 10.331 3171 Alaska-slab2-v3                                                                  174.7868   51.5202 12.8
  8.647 3172 Alaska-slab2-v3                                                                  174.8430   51.6015 14.6
  6.320 3173 Alaska-slab2-v3                                                                  174.9009   51.6807 17.2
  3.413 3174 Alaska-slab2-v3                                                                  174.9558   51.7588 20.4
  6.260 3180 Alaska-slab2-v3                                                                  174.4062   51.4227  9.6
  6.260 3181 Alaska-slab2-v3                                                                  174.4684   51.5022 11.4
  5.863 3182 Alaska-slab2-v3                                                                  174.5268   51.5835 12.9
  4.918 3183 Alaska-slab2-v3                                                                  174.5859   51.6641 14.7
  3.613 3184 Alaska-slab2-v3                                                                  174.6470   51.7425 17.3
  1.946 3185 Alaska-slab2-v3                                                                  174.7046   51.8197 20.5
  6.260 3191 Alaska-slab2-v3                                                                  174.1411   51.4893  9.6
  6.260 3192 Alaska-slab2-v3                                                                  174.2062   51.5679 11.5
  5.778 3193 Alaska-slab2-v3                                                                  174.2673   51.6484 13.0
  4.860 3194 Alaska-slab2-v3                                                                  174.3294   51.7283 14.8
  3.594 3195 Alaska-slab2-v3                                                                  174.3935   51.8060 17.2
  1.945 3196 Alaska-slab2-v3                                                                  174.4542   51.8825 20.4
  6.260 3202 Alaska-slab2-v3                                                                  173.8768   51.5579  9.7
  6.260 3203 Alaska-slab2-v3                                                                  173.9447   51.6355 11.5
  5.663 3204 Alaska-slab2-v3                                                                  174.0086   51.7153 13.0
  4.763 3205 Alaska-slab2-v3                                                                  174.0735   51.7944 14.7
  3.542 3206 Alaska-slab2-v3                                                                  174.1404   51.8715 17.1
  1.931 3207 Alaska-slab2-v3                                                                  174.2045   51.9474 20.1
  6.260 3213 Alaska-slab2-v3                                                                  173.6131   51.6288  9.6
  6.260 3214 Alaska-slab2-v3                                                                  173.6840   51.7054 11.5
  5.525 3215 Alaska-slab2-v3                                                                  173.7507   51.7844 13.0
  4.637 3216 Alaska-slab2-v3                                                                  173.8182   51.8628 14.6
  3.452 3217 Alaska-slab2-v3                                                                  173.8879   51.9393 16.8
  1.896 3218 Alaska-slab2-v3                                                                  173.9558   52.0146 19.7
  6.260 3224 Alaska-slab2-v3                                                                  173.3505   51.7024  9.6
  6.202 3225 Alaska-slab2-v3                                                                  173.4244   51.7780 11.4
  5.376 3226 Alaska-slab2-v3                                                                  173.4938   51.8561 12.9
  4.489 3227 Alaska-slab2-v3                                                                  173.5637   51.9338 14.5
  3.337 3228 Alaska-slab2-v3                                                                  173.6359   52.0098 16.6
  1.835 3229 Alaska-slab2-v3                                                                  173.7078   52.0843 19.3
  6.260 3235 Alaska-slab2-v3                                                                  173.0895   51.7788  9.5
  6.069 3236 Alaska-slab2-v3                                                                  173.1663   51.8534 11.3
  5.235 3237 Alaska-slab2-v3                                                                  173.2383   51.9306 12.8
  4.362 3238 Alaska-slab2-v3                                                                  173.3105   52.0077 14.3
  3.237 3239 Alaska-slab2-v3                                                                  173.3851   52.0831 16.3
  1.776 3240 Alaska-slab2-v3                                                                  173.4610   52.1566 18.8
  6.260 3247 Alaska-slab2-v3                                                                  172.8302   51.8584  9.4
  6.260 3248 Alaska-slab2-v3                                                                  172.9099   51.9320 11.2
  6.159 3249 Alaska-slab2-v3                                                                  172.9845   52.0084 12.6
  5.421 3250 Alaska-slab2-v3                                                                  173.0592   52.0848 14.1
  4.472 3251 Alaska-slab2-v3                                                                  173.1361   52.1596 15.9
  3.239 3252 Alaska-slab2-v3                                                                  173.2150   52.2323 18.4
  1.753 3253 Alaska-slab2-v3                                                                  173.2872   52.3060 21.3
  6.260 3259 Alaska-slab2-v3                                                                  172.5730   51.9417  9.3
  6.260 3260 Alaska-slab2-v3                                                                  172.6557   52.0142 11.0
  6.081 3261 Alaska-slab2-v3                                                                  172.7327   52.0898 12.4
  5.347 3262 Alaska-slab2-v3                                                                  172.8100   52.1653 13.8
  4.409 3263 Alaska-slab2-v3                                                                  172.8891   52.2394 15.6
  3.181 3264 Alaska-slab2-v3                                                                  172.9702   52.3115 17.9
  1.713 3265 Alaska-slab2-v3                                                                  173.0462   52.3842 20.8
  6.260 3271 Alaska-slab2-v3                                                                  172.3179   52.0289  9.1
  6.260 3272 Alaska-slab2-v3                                                                  172.4036   52.1002 10.7
  6.057 3273 Alaska-slab2-v3                                                                  172.4834   52.1748 12.1
  5.316 3274 Alaska-slab2-v3                                                                  172.5631   52.2495 13.5
  4.382 3275 Alaska-slab2-v3                                                                  172.6443   52.3229 15.2
  3.159 3276 Alaska-slab2-v3                                                                  172.7276   52.3943 17.5
  1.692 3277 Alaska-slab2-v3                                                                  172.8074   52.4658 20.3
  6.260 3284 Alaska-slab2-v3                                                                  172.0646   52.1197  8.9
  6.260 3285 Alaska-slab2-v3                                                                  172.1533   52.1898 10.5
  6.050 3286 Alaska-slab2-v3                                                                  172.2361   52.2632 11.9
  5.303 3287 Alaska-slab2-v3                                                                  172.3183   52.3369 13.2
  4.375 3288 Alaska-slab2-v3                                                                  172.4015   52.4097 14.9
  3.170 3289 Alaska-slab2-v3                                                                  172.4871   52.4803 17.1
  1.702 3290 Alaska-slab2-v3                                                                  172.5705   52.5506 19.8
  6.260 3297 Alaska-slab2-v3                                                                  171.8132   52.2133  8.7
  6.260 3298 Alaska-slab2-v3                                                                  171.9045   52.2824 10.3
  6.012 3299 Alaska-slab2-v3                                                                  171.9905   52.3544 11.6
  5.246 3300 Alaska-slab2-v3                                                                  172.0751   52.4272 13.0
  4.341 3301 Alaska-slab2-v3                                                                  172.1604   52.4993 14.6
  3.185 3302 Alaska-slab2-v3                                                                  172.2482   52.5693 16.7
  1.732 3303 Alaska-slab2-v3                                                                  172.3355   52.6382 19.3
  6.260 3310 Alaska-slab2-v3                                                                  171.5637   52.3090  8.6
  6.260 3311 Alaska-slab2-v3                                                                  171.6574   52.3771 10.1
  5.871 3312 Alaska-slab2-v3                                                                  171.7461   52.4480 11.5
  5.097 3313 Alaska-slab2-v3                                                                  171.8331   52.5199 12.9
  4.220 3314 Alaska-slab2-v3                                                                  171.9204   52.5913 14.4
  3.129 3315 Alaska-slab2-v3                                                                  172.0105   52.6608 16.3
  1.737 3316 Alaska-slab2-v3                                                                  172.1019   52.7283 18.7
  6.260 3323 Alaska-slab2-v3                                                                  171.3160   52.4064  8.6
  6.260 3324 Alaska-slab2-v3                                                                  171.4118   52.4735 10.1
  6.260 3325 Alaska-slab2-v3                                                                  171.5029   52.5434 11.4
  5.921 3326 Alaska-slab2-v3                                                                  171.5921   52.6144 12.7
  5.190 3327 Alaska-slab2-v3                                                                  171.6816   52.6852 14.1
  4.303 3328 Alaska-slab2-v3                                                                  171.7737   52.7542 15.9
  3.173 3329 Alaska-slab2-v3                                                                  171.8682   52.8209 18.0
  1.737 3330 Alaska-slab2-v3                                                                  171.9560   52.8890 20.8
  6.260 3336 Alaska-slab2-v3                                                                  171.0693   52.5052  8.5
  6.260 3337 Alaska-slab2-v3                                                                  171.1672   52.5714 10.0
  6.260 3338 Alaska-slab2-v3                                                                  171.2605   52.6403 11.4
  5.657 3339 Alaska-slab2-v3                                                                  171.3519   52.7105 12.6
  4.937 3340 Alaska-slab2-v3                                                                  171.4435   52.7805 13.9
  4.070 3341 Alaska-slab2-v3                                                                  171.5373   52.8490 15.5
  2.979 3342 Alaska-slab2-v3                                                                  171.6337   52.9153 17.5
  1.631 3343 Alaska-slab2-v3                                                                  171.7269   52.9819 20.0
