137.458 2700 Alaska-slab2-v3                                                                  184.9459   50.5211  7.2
137.458 2701 Alaska-slab2-v3                                                                  184.9321   50.6085  9.4
137.458 2702 Alaska-slab2-v3                                                                  184.9167   50.6967 11.2
137.458 2703 Alaska-slab2-v3                                                                  184.9002   50.7854 12.4
137.458 2704 Alaska-slab2-v3                                                                  184.8836   50.8745 13.4
129.746 2705 Alaska-slab2-v3                                                                  184.8668   50.9635 14.4
116.943 2706 Alaska-slab2-v3                                                                  184.8487   51.0521 15.7
100.410 2707 Alaska-slab2-v3                                                                  184.8291   51.1401 17.3
 79.945 2708 Alaska-slab2-v3                                                                  184.8091   51.2274 19.3
 56.254 2709 Alaska-slab2-v3                                                                  184.7869   51.3139 21.7
 29.740 2710 Alaska-slab2-v3                                                                  184.7628   51.3995 24.3
137.458 2715 Alaska-slab2-v3                                                                  184.6650   50.4933  7.2
137.458 2716 Alaska-slab2-v3                                                                  184.6522   50.5808  9.4
137.458 2717 Alaska-slab2-v3                                                                  184.6381   50.6690 11.2
137.458 2718 Alaska-slab2-v3                                                                  184.6230   50.7578 12.5
136.132 2719 Alaska-slab2-v3                                                                  184.6078   50.8468 13.6
125.723 2720 Alaska-slab2-v3                                                                  184.5923   50.9359 14.6
113.681 2721 Alaska-slab2-v3                                                                  184.5748   51.0247 15.8
 98.578 2722 Alaska-slab2-v3                                                                  184.5556   51.1130 17.3
 79.801 2723 Alaska-slab2-v3                                                                  184.5363   51.2007 19.1
 56.841 2724 Alaska-slab2-v3                                                                  184.5152   51.2874 21.4
 30.104 2725 Alaska-slab2-v3                                                                  184.4923   51.3732 24.0
137.458 2730 Alaska-slab2-v3                                                                  184.3837   50.4670  7.2
137.458 2731 Alaska-slab2-v3                                                                  184.3720   50.5546  9.4
137.458 2732 Alaska-slab2-v3                                                                  184.3591   50.6428 11.2
137.458 2733 Alaska-slab2-v3                                                                  184.3452   50.7316 12.6
134.531 2734 Alaska-slab2-v3                                                                  184.3312   50.8207 13.7
123.748 2735 Alaska-slab2-v3                                                                  184.3167   50.9099 14.7
111.733 2736 Alaska-slab2-v3                                                                  184.2999   50.9987 15.9
 97.253 2737 Alaska-slab2-v3                                                                  184.2813   51.0871 17.3
 79.384 2738 Alaska-slab2-v3                                                                  184.2627   51.1751 19.0
 57.407 2739 Alaska-slab2-v3                                                                  184.2425   51.2621 21.2
 31.014 2740 Alaska-slab2-v3                                                                  184.2209   51.3481 23.8
137.458 2745 Alaska-slab2-v3                                                                  184.1023   50.4426  7.2
137.458 2746 Alaska-slab2-v3                                                                  184.0914   50.5302  9.3
137.458 2747 Alaska-slab2-v3                                                                  184.0794   50.6186 11.1
137.458 2748 Alaska-slab2-v3                                                                  184.0666   50.7074 12.5
135.456 2749 Alaska-slab2-v3                                                                  184.0536   50.7966 13.6
124.467 2750 Alaska-slab2-v3                                                                  184.0402   50.8858 14.6
111.938 2751 Alaska-slab2-v3                                                                  184.0244   50.9747 15.9
 96.945 2752 Alaska-slab2-v3                                                                  184.0065   51.0631 17.3
 79.076 2753 Alaska-slab2-v3                                                                  183.9887   51.1511 19.1
 57.715 2754 Alaska-slab2-v3                                                                  183.9695   51.2384 21.1
 31.836 2755 Alaska-slab2-v3                                                                  183.9490   51.3246 23.7
137.458 2760 Alaska-slab2-v3                                                                  183.8205   50.4203  7.2
137.458 2761 Alaska-slab2-v3                                                                  183.8105   50.5081  9.3
137.458 2762 Alaska-slab2-v3                                                                  183.7994   50.5965 11.0
137.458 2763 Alaska-slab2-v3                                                                  183.7875   50.6855 12.3
137.458 2764 Alaska-slab2-v3                                                                  183.7755   50.7748 13.4
127.371 2765 Alaska-slab2-v3                                                                  183.7633   50.8640 14.5
114.226 2766 Alaska-slab2-v3                                                                  183.7487   50.9529 15.8
 98.126 2767 Alaska-slab2-v3                                                                  183.7317   51.0412 17.4
 79.174 2768 Alaska-slab2-v3                                                                  183.7146   51.1291 19.2
 57.775 2769 Alaska-slab2-v3                                                                  183.6962   51.2164 21.3
 32.097 2770 Alaska-slab2-v3                                                                  183.6768   51.3027 23.8
137.458 2775 Alaska-slab2-v3                                                                  183.5384   50.4006  7.1
137.458 2776 Alaska-slab2-v3                                                                  183.5292   50.4885  9.2
137.458 2777 Alaska-slab2-v3                                                                  183.5191   50.5771 10.9
137.458 2778 Alaska-slab2-v3                                                                  183.5081   50.6662 12.2
137.458 2779 Alaska-slab2-v3                                                                  183.4970   50.7555 13.2
131.381 2780 Alaska-slab2-v3                                                                  183.4859   50.8448 14.3
117.721 2781 Alaska-slab2-v3                                                                  183.4725   50.9336 15.6
100.344 2782 Alaska-slab2-v3                                                                  183.4566   51.0218 17.4
 80.155 2783 Alaska-slab2-v3                                                                  183.4403   51.1095 19.4
 57.655 2784 Alaska-slab2-v3                                                                  183.4229   51.1966 21.6
 31.640 2785 Alaska-slab2-v3                                                                  183.4046   51.2828 24.2
137.458 2790 Alaska-slab2-v3                                                                  183.2559   50.3839  7.1
137.458 2791 Alaska-slab2-v3                                                                  183.2476   50.4719  9.2
137.458 2792 Alaska-slab2-v3                                                                  183.2383   50.5605 10.8
137.458 2793 Alaska-slab2-v3                                                                  183.2282   50.6497 12.1
137.458 2794 Alaska-slab2-v3                                                                  183.2180   50.7391 13.1
134.742 2795 Alaska-slab2-v3                                                                  183.2078   50.8284 14.2
120.813 2796 Alaska-slab2-v3                                                                  183.1956   50.9172 15.6
102.834 2797 Alaska-slab2-v3                                                                  183.1809   51.0053 17.4
 81.497 2798 Alaska-slab2-v3                                                                  183.1656   51.0928 19.6
 57.789 2799 Alaska-slab2-v3                                                                  183.1494   51.1796 22.0
 31.117 2800 Alaska-slab2-v3                                                                  183.1322   51.2657 24.7
137.458 2805 Alaska-slab2-v3                                                                  182.9730   50.3703  7.1
137.458 2806 Alaska-slab2-v3                                                                  182.9656   50.4585  9.1
137.458 2807 Alaska-slab2-v3                                                                  182.9573   50.5472 10.7
137.458 2808 Alaska-slab2-v3                                                                  182.9481   50.6364 12.0
137.458 2809 Alaska-slab2-v3                                                                  182.9388   50.7258 13.0
136.874 2810 Alaska-slab2-v3                                                                  182.9294   50.8151 14.2
122.953 2811 Alaska-slab2-v3                                                                  182.9181   50.9039 15.6
105.041 2812 Alaska-slab2-v3                                                                  182.9046   50.9921 17.5
 83.332 2813 Alaska-slab2-v3                                                                  182.8905   51.0794 19.7
 58.410 2814 Alaska-slab2-v3                                                                  182.8754   51.1660 22.2
137.458 2820 Alaska-slab2-v3                                                                  182.6899   50.3603  7.0
137.458 2821 Alaska-slab2-v3                                                                  182.6836   50.4486  8.9
137.458 2822 Alaska-slab2-v3                                                                  182.6763   50.5374 10.5
137.458 2823 Alaska-slab2-v3                                                                  182.6679   50.6266 11.8
137.458 2824 Alaska-slab2-v3                                                                  182.6593   50.7159 13.0
137.458 2825 Alaska-slab2-v3                                                                  182.6507   50.8052 14.2
124.525 2826 Alaska-slab2-v3                                                                  182.6403   50.8941 15.6
107.217 2827 Alaska-slab2-v3                                                                  182.6279   50.9823 17.4
 85.677 2828 Alaska-slab2-v3                                                                  182.6151   51.0698 19.7
 60.099 2829 Alaska-slab2-v3                                                                  182.6012   51.1562 22.3
137.458 2834 Alaska-slab2-v3                                                                  182.4069   50.3538  6.9
137.458 2835 Alaska-slab2-v3                                                                  182.4019   50.4425  8.7
137.458 2836 Alaska-slab2-v3                                                                  182.3958   50.5313 10.3
137.458 2837 Alaska-slab2-v3                                                                  182.3882   50.6205 11.6
137.458 2838 Alaska-slab2-v3                                                                  182.3801   50.7097 12.9
137.458 2839 Alaska-slab2-v3                                                                  182.3720   50.7989 14.1
126.336 2840 Alaska-slab2-v3                                                                  182.3624   50.8878 15.6
109.130 2841 Alaska-slab2-v3                                                                  182.3512   50.9762 17.4
 87.931 2842 Alaska-slab2-v3                                                                  182.3395   51.0636 19.7
 62.360 2843 Alaska-slab2-v3                                                                  182.3269   51.1500 22.4
137.458 2848 Alaska-slab2-v3                                                                  182.1236   50.3512  6.8
137.458 2849 Alaska-slab2-v3                                                                  182.1201   50.4400  8.5
137.458 2850 Alaska-slab2-v3                                                                  182.1156   50.5291 10.0
137.458 2851 Alaska-slab2-v3                                                                  182.1090   50.6182 11.3
137.458 2852 Alaska-slab2-v3                                                                  182.1013   50.7074 12.6
137.458 2853 Alaska-slab2-v3                                                                  182.0936   50.7965 14.0
128.638 2854 Alaska-slab2-v3                                                                  182.0847   50.8853 15.6
110.999 2855 Alaska-slab2-v3                                                                  182.0745   50.9736 17.5
 89.700 2856 Alaska-slab2-v3                                                                  182.0637   51.0610 19.7
 64.272 2857 Alaska-slab2-v3                                                                  182.0522   51.1474 22.5
137.458 2862 Alaska-slab2-v3                                                                  181.8402   50.3523  6.8
137.458 2863 Alaska-slab2-v3                                                                  181.8380   50.4414  8.3
137.458 2864 Alaska-slab2-v3                                                                  181.8349   50.5305  9.7
137.458 2865 Alaska-slab2-v3                                                                  181.8294   50.6197 11.1
137.458 2866 Alaska-slab2-v3                                                                  181.8222   50.7089 12.4
137.458 2867 Alaska-slab2-v3                                                                  181.8150   50.7979 13.9
131.566 2868 Alaska-slab2-v3                                                                  181.8068   50.8865 15.6
112.876 2869 Alaska-slab2-v3                                                                  181.7974   50.9745 17.6
 90.964 2870 Alaska-slab2-v3                                                                  181.7875   51.0618 20.0
 65.369 2871 Alaska-slab2-v3                                                                  181.7772   51.1481 22.8
137.458 2876 Alaska-slab2-v3                                                                  181.5568   50.3573  6.8
137.458 2877 Alaska-slab2-v3                                                                  181.5553   50.4465  8.2
137.458 2878 Alaska-slab2-v3                                                                  181.5532   50.5356  9.6
137.458 2879 Alaska-slab2-v3                                                                  181.5486   50.6249 11.0
137.458 2880 Alaska-slab2-v3                                                                  181.5422   50.7140 12.3
132.683 2881 Alaska-slab2-v3                                                                  181.5358   50.8030 13.9
113.890 2882 Alaska-slab2-v3                                                                  181.5284   50.8914 15.7
 91.297 2883 Alaska-slab2-v3                                                                  181.5199   50.9791 17.9
 65.109 2884 Alaska-slab2-v3                                                                  181.5111   51.0661 20.4
 35.019 2885 Alaska-slab2-v3                                                                  181.5020   51.1520 23.4
137.458 2890 Alaska-slab2-v3                                                                  181.2734   50.3663  6.8
137.458 2891 Alaska-slab2-v3                                                                  181.2723   50.4553  8.3
137.458 2892 Alaska-slab2-v3                                                                  181.2705   50.5445  9.7
137.458 2893 Alaska-slab2-v3                                                                  181.2666   50.6337 11.1
137.458 2894 Alaska-slab2-v3                                                                  181.2612   50.7229 12.5
136.126 2895 Alaska-slab2-v3                                                                  181.2558   50.8118 14.1
117.074 2896 Alaska-slab2-v3                                                                  181.2495   50.9001 16.0
 93.778 2897 Alaska-slab2-v3                                                                  181.2423   50.9875 18.4
 66.631 2898 Alaska-slab2-v3                                                                  181.2349   51.0739 21.1
 35.636 2899 Alaska-slab2-v3                                                                  181.2272   51.1593 24.2
137.458 2903 Alaska-slab2-v3                                                                  180.9901   50.3788  6.8
137.458 2904 Alaska-slab2-v3                                                                  180.9893   50.4677  8.5
137.458 2905 Alaska-slab2-v3                                                                  180.9876   50.5567 10.0
137.458 2906 Alaska-slab2-v3                                                                  180.9842   50.6459 11.4
137.458 2907 Alaska-slab2-v3                                                                  180.9801   50.7350 12.9
137.458 2908 Alaska-slab2-v3                                                                  180.9758   50.8239 14.5
119.676 2909 Alaska-slab2-v3                                                                  180.9708   50.9120 16.5
 96.437 2910 Alaska-slab2-v3                                                                  180.9650   50.9992 19.0
 68.682 2911 Alaska-slab2-v3                                                                  180.9593   51.0852 21.9
137.458 2916 Alaska-slab2-v3                                                                  180.7071   50.3941  7.0
137.458 2917 Alaska-slab2-v3                                                                  180.7065   50.4827  8.8
137.458 2918 Alaska-slab2-v3                                                                  180.7050   50.5716 10.4
137.458 2919 Alaska-slab2-v3                                                                  180.7024   50.6607 11.9
136.627 2920 Alaska-slab2-v3                                                                  180.6995   50.7498 13.3
119.172 2921 Alaska-slab2-v3                                                                  180.6963   50.8386 15.0
 97.353 2922 Alaska-slab2-v3                                                                  180.6925   50.9266 17.1
 70.547 2923 Alaska-slab2-v3                                                                  180.6884   51.0136 19.7
 38.235 2924 Alaska-slab2-v3                                                                  180.6843   51.0991 22.8
137.458 2929 Alaska-slab2-v3                                                                  180.4242   50.4111  7.1
137.458 2930 Alaska-slab2-v3                                                                  180.4238   50.4994  9.1
137.458 2931 Alaska-slab2-v3                                                                  180.4228   50.5882 10.8
137.458 2932 Alaska-slab2-v3                                                                  180.4212   50.6773 12.2
137.458 2933 Alaska-slab2-v3                                                                  180.4195   50.7664 13.7
120.563 2934 Alaska-slab2-v3                                                                  180.4175   50.8551 15.4
 98.270 2935 Alaska-slab2-v3                                                                  180.4150   50.9429 17.7
 71.178 2936 Alaska-slab2-v3                                                                  180.4124   51.0295 20.4
 38.788 2937 Alaska-slab2-v3                                                                  180.4099   51.1147 23.6
137.458 2941 Alaska-slab2-v3                                                                  180.1415   50.4289  7.2
137.458 2942 Alaska-slab2-v3                                                                  180.1413   50.5169  9.3
137.458 2943 Alaska-slab2-v3                                                                  180.1410   50.6056 11.0
137.458 2944 Alaska-slab2-v3                                                                  180.1405   50.6948 12.4
137.458 2945 Alaska-slab2-v3                                                                  180.1401   50.7839 13.9
121.786 2946 Alaska-slab2-v3                                                                  180.1393   50.8723 15.8
 97.914 2947 Alaska-slab2-v3                                                                  180.1382   50.9596 18.2
 70.258 2948 Alaska-slab2-v3                                                                  180.1372   51.0460 21.1
 38.137 2949 Alaska-slab2-v3                                                                  180.1364   51.1309 24.4
111.685 2953 Alaska-slab2-v3                                                                  179.8580   50.4435  7.2
111.685 2954 Alaska-slab2-v3                                                                  179.8595   50.5313  9.4
111.685 2955 Alaska-slab2-v3                                                                  179.8612   50.6200 11.2
111.685 2956 Alaska-slab2-v3                                                                  179.8629   50.7092 12.6
111.685 2957 Alaska-slab2-v3                                                                  179.8646   50.7983 14.0
100.115 2958 Alaska-slab2-v3                                                                  179.8659   50.8866 16.0
 80.447 2959 Alaska-slab2-v3                                                                  179.8669   50.9737 18.5
 57.077 2960 Alaska-slab2-v3                                                                  179.8678   51.0595 21.6
 85.911 2965 Alaska-slab2-v3                                                                  179.5742   50.4554  7.3
 85.911 2966 Alaska-slab2-v3                                                                  179.5790   50.5430  9.6
 85.911 2967 Alaska-slab2-v3                                                                  179.5835   50.6316 11.4
 85.911 2968 Alaska-slab2-v3                                                                  179.5878   50.7207 12.8
 85.911 2969 Alaska-slab2-v3                                                                  179.5922   50.8098 14.2
 78.218 2970 Alaska-slab2-v3                                                                  179.5964   50.8983 16.1
 63.472 2971 Alaska-slab2-v3                                                                  179.6002   50.9854 18.6
 44.763 2972 Alaska-slab2-v3                                                                  179.6037   51.0706 21.8
 60.138 2977 Alaska-slab2-v3                                                                  179.2909   50.4705  7.3
 60.138 2978 Alaska-slab2-v3                                                                  179.2990   50.5579  9.7
 60.138 2979 Alaska-slab2-v3                                                                  179.3064   50.6463 11.5
 60.138 2980 Alaska-slab2-v3                                                                  179.3134   50.7354 12.9
 60.138 2981 Alaska-slab2-v3                                                                  179.3204   50.8244 14.3
 55.364 2982 Alaska-slab2-v3                                                                  179.3273   50.9128 16.2
 45.093 2983 Alaska-slab2-v3                                                                  179.3340   50.9997 18.7
 31.894 2984 Alaska-slab2-v3                                                                  179.3400   51.0846 22.0
 34.365 2989 Alaska-slab2-v3                                                                  179.0086   50.4908  7.3
 34.365 2990 Alaska-slab2-v3                                                                  179.0199   50.5780  9.7
 34.365 2991 Alaska-slab2-v3                                                                  179.0302   50.6663 11.6
 34.365 2992 Alaska-slab2-v3                                                                  179.0398   50.7553 13.0
 30.801 2993 Alaska-slab2-v3                                                                  179.0494   50.8442 14.4
 25.724 2994 Alaska-slab2-v3                                                                  179.0591   50.9323 16.4
 18.806 2995 Alaska-slab2-v3                                                                  179.0686   51.0190 19.0
 10.100 2996 Alaska-slab2-v3                                                                  179.0772   51.1038 22.3
 34.365 3001 Alaska-slab2-v3                                                                  178.7273   50.5171  7.4
 34.365 3002 Alaska-slab2-v3                                                                  178.7420   50.6040  9.8
 34.365 3003 Alaska-slab2-v3                                                                  178.7552   50.6922 11.6
 34.365 3004 Alaska-slab2-v3                                                                  178.7674   50.7810 13.0
 31.108 3005 Alaska-slab2-v3                                                                  178.7798   50.8697 14.5
 25.790 3006 Alaska-slab2-v3                                                                  178.7922   50.9575 16.5
 18.758 3007 Alaska-slab2-v3                                                                  178.8044   51.0439 19.3
 10.171 3008 Alaska-slab2-v3                                                                  178.8155   51.1285 22.6
 34.365 3013 Alaska-slab2-v3                                                                  178.4471   50.5488  7.4
 34.365 3014 Alaska-slab2-v3                                                                  178.4654   50.6353  9.8
 34.365 3015 Alaska-slab2-v3                                                                  178.4815   50.7233 11.6
 34.365 3016 Alaska-slab2-v3                                                                  178.4964   50.8120 13.0
 31.422 3017 Alaska-slab2-v3                                                                  178.5114   50.9004 14.6
 25.921 3018 Alaska-slab2-v3                                                                  178.5266   50.9878 16.7
 18.782 3019 Alaska-slab2-v3                                                                  178.5414   51.0738 19.5
 10.261 3020 Alaska-slab2-v3                                                                  178.5549   51.1583 22.9
 34.365 3024 Alaska-slab2-v3                                                                  178.1681   50.5848  7.4
 34.365 3025 Alaska-slab2-v3                                                                  178.1902   50.6710  9.8
 34.365 3026 Alaska-slab2-v3                                                                  178.2094   50.7588 11.6
 34.365 3027 Alaska-slab2-v3                                                                  178.2269   50.8472 13.0
 31.746 3028 Alaska-slab2-v3                                                                  178.2445   50.9354 14.6
 26.080 3029 Alaska-slab2-v3                                                                  178.2624   51.0224 16.9
 18.846 3030 Alaska-slab2-v3                                                                  178.2798   51.1081 19.7
 10.321 3031 Alaska-slab2-v3                                                                  178.2957   51.1922 23.1
 34.365 3035 Alaska-slab2-v3                                                                  177.8902   50.6244  7.3
 34.365 3036 Alaska-slab2-v3                                                                  177.9160   50.7103  9.7
 34.365 3037 Alaska-slab2-v3                                                                  177.9384   50.7977 11.5
 34.365 3038 Alaska-slab2-v3                                                                  177.9585   50.8859 12.9
 32.002 3039 Alaska-slab2-v3                                                                  177.9788   50.9738 14.6
 26.245 3040 Alaska-slab2-v3                                                                  177.9995   51.0605 16.9
 18.929 3041 Alaska-slab2-v3                                                                  178.0197   51.1457 19.8
 10.307 3042 Alaska-slab2-v3                                                                  178.0379   51.2295 23.2
 34.365 3046 Alaska-slab2-v3                                                                  177.6130   50.6669  7.3
 34.365 3047 Alaska-slab2-v3                                                                  177.6429   50.7524  9.6
 34.365 3048 Alaska-slab2-v3                                                                  177.6686   50.8395 11.3
 34.365 3049 Alaska-slab2-v3                                                                  177.6915   50.9274 12.8
 32.176 3050 Alaska-slab2-v3                                                                  177.7145   51.0150 14.5
 26.365 3051 Alaska-slab2-v3                                                                  177.7381   51.1013 16.8
 18.968 3052 Alaska-slab2-v3                                                                  177.7610   51.1862 19.8
 10.264 3053 Alaska-slab2-v3                                                                  177.7817   51.2696 23.2
 34.365 3057 Alaska-slab2-v3                                                                  177.3364   50.7120  7.2
 34.365 3058 Alaska-slab2-v3                                                                  177.3704   50.7972  9.4
 34.365 3059 Alaska-slab2-v3                                                                  177.3997   50.8839 11.2
 34.365 3060 Alaska-slab2-v3                                                                  177.4254   50.9714 12.7
 32.313 3061 Alaska-slab2-v3                                                                  177.4512   51.0587 14.4
 26.464 3062 Alaska-slab2-v3                                                                  177.4776   51.1447 16.7
 19.018 3063 Alaska-slab2-v3                                                                  177.5036   51.2292 19.6
 10.231 3064 Alaska-slab2-v3                                                                  177.5268   51.3124 23.1
 34.365 3068 Alaska-slab2-v3                                                                  177.0605   50.7598  7.1
 34.365 3069 Alaska-slab2-v3                                                                  177.0983   50.8445  9.2
 34.365 3070 Alaska-slab2-v3                                                                  177.1313   50.9307 11.0
 34.365 3071 Alaska-slab2-v3                                                                  177.1599   51.0179 12.5
 32.447 3072 Alaska-slab2-v3                                                                  177.1886   51.1048 14.2
 26.592 3073 Alaska-slab2-v3                                                                  177.2180   51.1905 16.5
 19.074 3074 Alaska-slab2-v3                                                                  177.2470   51.2746 19.4
 10.228 3075 Alaska-slab2-v3                                                                  177.2728   51.3575 22.9
 34.365 3079 Alaska-slab2-v3                                                                  176.7853   50.8099  7.1
 34.365 3080 Alaska-slab2-v3                                                                  176.8266   50.8941  9.1
 34.365 3081 Alaska-slab2-v3                                                                  176.8631   50.9798 10.8
 34.365 3082 Alaska-slab2-v3                                                                  176.8947   51.0666 12.3
 32.571 3083 Alaska-slab2-v3                                                                  176.9263   51.1531 14.0
 26.738 3084 Alaska-slab2-v3                                                                  176.9587   51.2385 16.3
 19.202 3085 Alaska-slab2-v3                                                                  176.9909   51.3222 19.2
 10.220 3086 Alaska-slab2-v3                                                                  177.0194   51.4047 22.7
 34.365 3090 Alaska-slab2-v3                                                                  176.5107   50.8622  7.1
 34.365 3091 Alaska-slab2-v3                                                                  176.5551   50.9460  9.0
 34.365 3092 Alaska-slab2-v3                                                                  176.5947   51.0311 10.8
 34.365 3093 Alaska-slab2-v3                                                                  176.6293   51.1174 12.3
 32.615 3094 Alaska-slab2-v3                                                                  176.6639   51.2036 13.9
 26.937 3095 Alaska-slab2-v3                                                                  176.6995   51.2885 16.1
 19.444 3096 Alaska-slab2-v3                                                                  176.7350   51.3718 19.0
 10.293 3097 Alaska-slab2-v3                                                                  176.7662   51.4537 22.5
 34.365 3102 Alaska-slab2-v3                                                                  176.2368   50.9166  7.0
 34.365 3103 Alaska-slab2-v3                                                                  176.2839   50.9998  9.0
 34.365 3104 Alaska-slab2-v3                                                                  176.3264   51.0844 10.7
 34.365 3105 Alaska-slab2-v3                                                                  176.3640   51.1702 12.3
 32.593 3106 Alaska-slab2-v3                                                                  176.4015   51.2558 14.0
 27.109 3107 Alaska-slab2-v3                                                                  176.4402   51.3404 16.1
 19.737 3108 Alaska-slab2-v3                                                                  176.4791   51.4232 18.9
 10.450 3109 Alaska-slab2-v3                                                                  176.5128   51.5045 22.5
 34.365 3113 Alaska-slab2-v3                                                                  175.9635   50.9730  7.1
 34.365 3114 Alaska-slab2-v3                                                                  176.0134   51.0555  9.0
 34.365 3115 Alaska-slab2-v3                                                                  176.0587   51.1395 10.8
 34.365 3116 Alaska-slab2-v3                                                                  176.0991   51.2247 12.4
 32.675 3117 Alaska-slab2-v3                                                                  176.1396   51.3098 14.1
 27.271 3118 Alaska-slab2-v3                                                                  176.1814   51.3939 16.2
 20.050 3119 Alaska-slab2-v3                                                                  176.2234   51.4761 19.0
 10.678 3120 Alaska-slab2-v3                                                                  176.2596   51.5568 22.7
 34.365 3124 Alaska-slab2-v3                                                                  175.6909   51.0312  7.1
 34.365 3125 Alaska-slab2-v3                                                                  175.7436   51.1130  9.1
 34.365 3126 Alaska-slab2-v3                                                                  175.7917   51.1963 10.9
 34.365 3127 Alaska-slab2-v3                                                                  175.8350   51.2809 12.5
 32.903 3128 Alaska-slab2-v3                                                                  175.8786   51.3654 14.2
 27.461 3129 Alaska-slab2-v3                                                                  175.9236   51.4487 16.4
 20.206 3130 Alaska-slab2-v3                                                                  175.9682   51.5303 19.3
 10.934 3131 Alaska-slab2-v3                                                                  176.0069   51.6103 22.9
 34.365 3135 Alaska-slab2-v3                                                                  175.4189   51.0910  7.1
 34.365 3136 Alaska-slab2-v3                                                                  175.4744   51.1720  9.1
 34.365 3137 Alaska-slab2-v3                                                                  175.5253   51.2547 10.9
 34.365 3138 Alaska-slab2-v3                                                                  175.5718   51.3387 12.6
 33.227 3139 Alaska-slab2-v3                                                                  175.6186   51.4223 14.4
 27.561 3140 Alaska-slab2-v3                                                                  175.6667   51.5047 16.6
 20.262 3141 Alaska-slab2-v3                                                                  175.7139   51.5855 19.6
 11.108 3142 Alaska-slab2-v3                                                                  175.7550   51.6650 23.3
 34.365 3146 Alaska-slab2-v3                                                                  175.1476   51.1524  7.1
 34.365 3147 Alaska-slab2-v3                                                                  175.2060   51.2325  9.2
 34.365 3148 Alaska-slab2-v3                                                                  175.2598   51.3145 11.0
 34.365 3149 Alaska-slab2-v3                                                                  175.3094   51.3978 12.6
 33.500 3150 Alaska-slab2-v3                                                                  175.3593   51.4807 14.5
 27.604 3151 Alaska-slab2-v3                                                                  175.4107   51.5619 16.9
 20.149 3152 Alaska-slab2-v3                                                                  175.4603   51.6419 19.9
 11.085 3153 Alaska-slab2-v3                                                                  175.5040   51.7208 23.7
 34.365 3157 Alaska-slab2-v3                                                                  174.8771   51.2153  7.2
 34.365 3158 Alaska-slab2-v3                                                                  174.9384   51.2945  9.3
 34.365 3159 Alaska-slab2-v3                                                                  174.9951   51.3757 11.1
 34.365 3160 Alaska-slab2-v3                                                                  175.0477   51.4583 12.7
 33.592 3161 Alaska-slab2-v3                                                                  175.1008   51.5404 14.6
 27.487 3162 Alaska-slab2-v3                                                                  175.1555   51.6206 17.1
 19.909 3163 Alaska-slab2-v3                                                                  175.2076   51.6996 20.2
 10.860 3164 Alaska-slab2-v3                                                                  175.2538   51.7779 24.0
 34.365 3168 Alaska-slab2-v3                                                                  174.6074   51.2799  7.2
 34.365 3169 Alaska-slab2-v3                                                                  174.6719   51.3578  9.4
 34.365 3170 Alaska-slab2-v3                                                                  174.7314   51.4382 11.2
 34.365 3171 Alaska-slab2-v3                                                                  174.7868   51.5202 12.8
 33.511 3172 Alaska-slab2-v3                                                                  174.8430   51.6015 14.6
 27.333 3173 Alaska-slab2-v3                                                                  174.9009   51.6807 17.2
 19.616 3174 Alaska-slab2-v3                                                                  174.9558   51.7588 20.4
 10.553 3175 Alaska-slab2-v3                                                                  175.0045   51.8365 24.2
 34.365 3179 Alaska-slab2-v3                                                                  174.3383   51.3460  7.3
 34.365 3180 Alaska-slab2-v3                                                                  174.4062   51.4227  9.6
 34.365 3181 Alaska-slab2-v3                                                                  174.4684   51.5022 11.4
 34.365 3182 Alaska-slab2-v3                                                                  174.5268   51.5835 12.9
 33.282 3183 Alaska-slab2-v3                                                                  174.5859   51.6641 14.7
 27.193 3184 Alaska-slab2-v3                                                                  174.6470   51.7425 17.3
 19.420 3185 Alaska-slab2-v3                                                                  174.7046   51.8197 20.5
 10.348 3186 Alaska-slab2-v3                                                                  174.7558   51.8968 24.3
 34.365 3190 Alaska-slab2-v3                                                                  174.0700   51.4139  7.3
 34.365 3191 Alaska-slab2-v3                                                                  174.1411   51.4893  9.6
 34.365 3192 Alaska-slab2-v3                                                                  174.2062   51.5679 11.5
 34.365 3193 Alaska-slab2-v3                                                                  174.2673   51.6484 13.0
 32.947 3194 Alaska-slab2-v3                                                                  174.3294   51.7283 14.8
 27.036 3195 Alaska-slab2-v3                                                                  174.3935   51.8060 17.2
 19.332 3196 Alaska-slab2-v3                                                                  174.4542   51.8825 20.4
 10.248 3197 Alaska-slab2-v3                                                                  174.5080   51.9590 24.1
 34.365 3201 Alaska-slab2-v3                                                                  173.8023   51.4837  7.3
 34.365 3202 Alaska-slab2-v3                                                                  173.8768   51.5579  9.7
 34.365 3203 Alaska-slab2-v3                                                                  173.9447   51.6355 11.5
 34.365 3204 Alaska-slab2-v3                                                                  174.0086   51.7153 13.0
 32.522 3205 Alaska-slab2-v3                                                                  174.0735   51.7944 14.7
 26.824 3206 Alaska-slab2-v3                                                                  174.1404   51.8715 17.1
 19.307 3207 Alaska-slab2-v3                                                                  174.2045   51.9474 20.1
 10.292 3208 Alaska-slab2-v3                                                                  174.2612   52.0234 23.8
 34.365 3212 Alaska-slab2-v3                                                                  173.5355   51.5558  7.3
 34.365 3213 Alaska-slab2-v3                                                                  173.6131   51.6288  9.6
 34.365 3214 Alaska-slab2-v3                                                                  173.6840   51.7054 11.5
 34.365 3215 Alaska-slab2-v3                                                                  173.7507   51.7844 13.0
 31.940 3216 Alaska-slab2-v3                                                                  173.8182   51.8628 14.6
 26.411 3217 Alaska-slab2-v3                                                                  173.8879   51.9393 16.8
 19.149 3218 Alaska-slab2-v3                                                                  173.9558   52.0146 19.7
 10.303 3219 Alaska-slab2-v3                                                                  174.0157   52.0903 23.2
 34.365 3223 Alaska-slab2-v3                                                                  173.2698   51.6305  7.3
 34.365 3224 Alaska-slab2-v3                                                                  173.3505   51.7024  9.6
 34.365 3225 Alaska-slab2-v3                                                                  173.4244   51.7780 11.4
 34.365 3226 Alaska-slab2-v3                                                                  173.4938   51.8561 12.9
 31.177 3227 Alaska-slab2-v3                                                                  173.5637   51.9338 14.5
 25.786 3228 Alaska-slab2-v3                                                                  173.6359   52.0098 16.6
 18.763 3229 Alaska-slab2-v3                                                                  173.7078   52.0843 19.3
 10.185 3230 Alaska-slab2-v3                                                                  173.7717   52.1595 22.6
 34.365 3234 Alaska-slab2-v3                                                                  173.0059   51.7080  7.2
 34.365 3235 Alaska-slab2-v3                                                                  173.0895   51.7788  9.5
 34.365 3236 Alaska-slab2-v3                                                                  173.1663   51.8534 11.3
 34.365 3237 Alaska-slab2-v3                                                                  173.2383   51.9306 12.8
 34.365 3238 Alaska-slab2-v3                                                                  173.3105   52.0077 14.3
 31.353 3239 Alaska-slab2-v3                                                                  173.3851   52.0831 16.3
 25.469 3240 Alaska-slab2-v3                                                                  173.4610   52.1566 18.8
 18.320 3241 Alaska-slab2-v3                                                                  173.5291   52.2312 21.9
 34.365 3246 Alaska-slab2-v3                                                                  172.7438   51.7888  7.2
 34.365 3247 Alaska-slab2-v3                                                                  172.8302   51.8584  9.4
 34.365 3248 Alaska-slab2-v3                                                                  172.9099   51.9320 11.2
 34.365 3249 Alaska-slab2-v3                                                                  172.9845   52.0084 12.6
 34.365 3250 Alaska-slab2-v3                                                                  173.0592   52.0848 14.1
 30.766 3251 Alaska-slab2-v3                                                                  173.1361   52.1596 15.9
 24.951 3252 Alaska-slab2-v3                                                                  173.2150   52.2323 18.4
 17.945 3253 Alaska-slab2-v3                                                                  173.2872   52.3060 21.3
  9.675 3254 Alaska-slab2-v3                                                                  173.3535   52.3800 24.8
 34.365 3258 Alaska-slab2-v3                                                                  172.4838   51.8731  7.2
 34.365 3259 Alaska-slab2-v3                                                                  172.5730   51.9417  9.3
 34.365 3260 Alaska-slab2-v3                                                                  172.6557   52.0142 11.0
 34.365 3261 Alaska-slab2-v3                                                                  172.7327   52.0898 12.4
 34.365 3262 Alaska-slab2-v3                                                                  172.8100   52.1653 13.8
 30.390 3263 Alaska-slab2-v3                                                                  172.8891   52.2394 15.6
 24.583 3264 Alaska-slab2-v3                                                                  172.9702   52.3115 17.9
 17.644 3265 Alaska-slab2-v3                                                                  173.0462   52.3842 20.8
  9.548 3266 Alaska-slab2-v3                                                                  173.1156   52.4579 24.0
 34.365 3270 Alaska-slab2-v3                                                                  172.2263   51.9610  7.1
 34.365 3271 Alaska-slab2-v3                                                                  172.3179   52.0289  9.1
 34.365 3272 Alaska-slab2-v3                                                                  172.4036   52.1002 10.7
 34.365 3273 Alaska-slab2-v3                                                                  172.4834   52.1748 12.1
 34.365 3274 Alaska-slab2-v3                                                                  172.5631   52.2495 13.5
 30.195 3275 Alaska-slab2-v3                                                                  172.6443   52.3229 15.2
 24.409 3276 Alaska-slab2-v3                                                                  172.7276   52.3943 17.5
 17.460 3277 Alaska-slab2-v3                                                                  172.8074   52.4658 20.3
  9.450 3278 Alaska-slab2-v3                                                                  172.8796   52.5389 23.5
 34.365 3283 Alaska-slab2-v3                                                                  171.9713   52.0523  7.0
 34.365 3284 Alaska-slab2-v3                                                                  172.0646   52.1197  8.9
 34.365 3285 Alaska-slab2-v3                                                                  172.1533   52.1898 10.5
 34.365 3286 Alaska-slab2-v3                                                                  172.2361   52.2632 11.9
 34.365 3287 Alaska-slab2-v3                                                                  172.3183   52.3369 13.2
 30.138 3288 Alaska-slab2-v3                                                                  172.4015   52.4097 14.9
 24.426 3289 Alaska-slab2-v3                                                                  172.4871   52.4803 17.1
 17.473 3290 Alaska-slab2-v3                                                                  172.5705   52.5506 19.8
  9.409 3291 Alaska-slab2-v3                                                                  172.6457   52.6227 23.0
 34.365 3296 Alaska-slab2-v3                                                                  171.7183   52.1464  6.9
 34.365 3297 Alaska-slab2-v3                                                                  171.8132   52.2133  8.7
 34.365 3298 Alaska-slab2-v3                                                                  171.9045   52.2824 10.3
 34.365 3299 Alaska-slab2-v3                                                                  171.9905   52.3544 11.6
 34.272 3300 Alaska-slab2-v3                                                                  172.0751   52.4272 13.0
 29.985 3301 Alaska-slab2-v3                                                                  172.1604   52.4993 14.6
 24.506 3302 Alaska-slab2-v3                                                                  172.2482   52.5693 16.7
 17.626 3303 Alaska-slab2-v3                                                                  172.3355   52.6382 19.3
  9.421 3304 Alaska-slab2-v3                                                                  172.4142   52.7091 22.4
 34.365 3309 Alaska-slab2-v3                                                                  171.4673   52.2427  6.9
 34.365 3310 Alaska-slab2-v3                                                                  171.5637   52.3090  8.6
 34.365 3311 Alaska-slab2-v3                                                                  171.6574   52.3771 10.1
 34.365 3312 Alaska-slab2-v3                                                                  171.7461   52.4480 11.5
 34.365 3313 Alaska-slab2-v3                                                                  171.8331   52.5199 12.9
 34.365 3314 Alaska-slab2-v3                                                                  171.9204   52.5913 14.4
 30.342 3315 Alaska-slab2-v3                                                                  172.0105   52.6608 16.3
 24.656 3316 Alaska-slab2-v3                                                                  172.1019   52.7283 18.7
 17.554 3317 Alaska-slab2-v3                                                                  172.1846   52.7979 21.7
 34.365 3322 Alaska-slab2-v3                                                                  171.2178   52.3409  6.9
 34.365 3323 Alaska-slab2-v3                                                                  171.3160   52.4064  8.6
 34.365 3324 Alaska-slab2-v3                                                                  171.4118   52.4735 10.1
 34.365 3325 Alaska-slab2-v3                                                                  171.5029   52.5434 11.4
 34.365 3326 Alaska-slab2-v3                                                                  171.5921   52.6144 12.7
 33.996 3327 Alaska-slab2-v3                                                                  171.6816   52.6852 14.1
 29.796 3328 Alaska-slab2-v3                                                                  171.7737   52.7542 15.9
 24.441 3329 Alaska-slab2-v3                                                                  171.8682   52.8209 18.0
 17.637 3330 Alaska-slab2-v3                                                                  171.9560   52.8890 20.8
  9.408 3331 Alaska-slab2-v3                                                                  172.0360   52.9587 24.1
 34.365 3335 Alaska-slab2-v3                                                                  170.9693   52.4405  6.9
 34.365 3336 Alaska-slab2-v3                                                                  171.0693   52.5052  8.5
 34.365 3337 Alaska-slab2-v3                                                                  171.1672   52.5714 10.0
 34.365 3338 Alaska-slab2-v3                                                                  171.2605   52.6403 11.4
 34.365 3339 Alaska-slab2-v3                                                                  171.3519   52.7105 12.6
 32.801 3340 Alaska-slab2-v3                                                                  171.4435   52.7805 13.9
 28.691 3341 Alaska-slab2-v3                                                                  171.5373   52.8490 15.5
 23.521 3342 Alaska-slab2-v3                                                                  171.6337   52.9153 17.5
 17.137 3343 Alaska-slab2-v3                                                                  171.7269   52.9819 20.0
  9.409 3344 Alaska-slab2-v3                                                                  171.8119   53.0507 23.0
