  6.326 0770 Alaska-slab2-v3                                                                  212.7037   58.1232  9.6
  4.112 0771 Alaska-slab2-v3                                                                  212.5640   58.1721 11.5
  2.495 0772 Alaska-slab2-v3                                                                  212.4241   58.2223 12.9
  1.394 0773 Alaska-slab2-v3                                                                  212.2830   58.2726 13.8
  0.703 0774 Alaska-slab2-v3                                                                  212.1411   58.3229 14.4
  0.316 0775 Alaska-slab2-v3                                                                  211.9987   58.3731 14.7
  0.117 0776 Alaska-slab2-v3                                                                  211.8558   58.4231 14.9
  6.564 0804 Alaska-slab2-v3                                                                  212.5018   57.9757  9.3
  4.455 0805 Alaska-slab2-v3                                                                  212.3630   58.0250 11.1
  2.864 0806 Alaska-slab2-v3                                                                  212.2250   58.0764 12.5
  1.732 0807 Alaska-slab2-v3                                                                  212.0860   58.1278 13.4
  0.990 0808 Alaska-slab2-v3                                                                  211.9461   58.1791 14.1
  0.507 0809 Alaska-slab2-v3                                                                  211.8057   58.2304 14.5
  0.224 0810 Alaska-slab2-v3                                                                  211.6649   58.2816 14.7
  6.940 0838 Alaska-slab2-v3                                                                  212.2938   57.8339  8.9
  5.005 0839 Alaska-slab2-v3                                                                  212.1557   57.8839 10.5
  3.476 0840 Alaska-slab2-v3                                                                  212.0188   57.9358 11.8
  2.317 0841 Alaska-slab2-v3                                                                  211.8814   57.9880 12.8
  1.469 0842 Alaska-slab2-v3                                                                  211.7432   58.0402 13.5
  0.848 0843 Alaska-slab2-v3                                                                  211.6045   58.0922 14.0
  0.394 0844 Alaska-slab2-v3                                                                  211.4652   58.1442 14.4
  7.610 0872 Alaska-slab2-v3                                                                  212.0783   57.6978  8.4
  5.916 0873 Alaska-slab2-v3                                                                  211.9416   57.7490  9.9
  4.493 0874 Alaska-slab2-v3                                                                  211.8053   57.8010 11.1
  3.352 0875 Alaska-slab2-v3                                                                  211.6687   57.8535 12.1
  2.446 0876 Alaska-slab2-v3                                                                  211.5314   57.9059 12.8
  1.717 0877 Alaska-slab2-v3                                                                  211.3937   57.9582 13.5
  1.094 0878 Alaska-slab2-v3                                                                  211.2554   58.0104 14.0
  0.553 0879 Alaska-slab2-v3                                                                  211.1167   58.0625 14.4
  7.985 0905 Alaska-slab2-v3                                                                  211.8526   57.5663  8.1
  6.454 0906 Alaska-slab2-v3                                                                  211.7178   57.6189  9.4
  5.111 0907 Alaska-slab2-v3                                                                  211.5824   57.6714 10.6
  3.957 0908 Alaska-slab2-v3                                                                  211.4462   57.7238 11.5
  2.980 0909 Alaska-slab2-v3                                                                  211.3094   57.7761 12.4
  2.143 0910 Alaska-slab2-v3                                                                  211.1721   57.8283 13.1
  1.390 0911 Alaska-slab2-v3                                                                  211.0343   57.8803 13.7
  0.683 0912 Alaska-slab2-v3                                                                  210.8961   57.9322 14.3
  6.391 0939 Alaska-slab2-v3                                                                  211.4814   57.4929  9.1
  5.035 0940 Alaska-slab2-v3                                                                  211.3469   57.5459 10.2
  3.825 0941 Alaska-slab2-v3                                                                  211.2112   57.5983 11.2
  2.737 0942 Alaska-slab2-v3                                                                  211.0747   57.6504 12.1
  1.760 0943 Alaska-slab2-v3                                                                  210.9378   57.7023 12.9
  0.855 0944 Alaska-slab2-v3                                                                  210.8003   57.7542 13.7
  6.612 0972 Alaska-slab2-v3                                                                  211.2308   57.3710  9.0
  5.268 0973 Alaska-slab2-v3                                                                  211.0969   57.4240 10.1
  4.045 0974 Alaska-slab2-v3                                                                  210.9619   57.4765 11.1
  2.919 0975 Alaska-slab2-v3                                                                  210.8263   57.5288 12.1
  1.877 0976 Alaska-slab2-v3                                                                  210.6901   57.5810 12.9
  0.908 0977 Alaska-slab2-v3                                                                  210.5535   57.6331 13.7
  6.432 1004 Alaska-slab2-v3                                                                  210.9669   57.2526  9.2
  5.073 1005 Alaska-slab2-v3                                                                  210.8334   57.3056 10.3
  3.859 1006 Alaska-slab2-v3                                                                  210.7011   57.3598 11.3
  2.779 1007 Alaska-slab2-v3                                                                  210.5684   57.4139 12.2
  1.784 1008 Alaska-slab2-v3                                                                  210.4353   57.4680 13.0
  0.874 1009 Alaska-slab2-v3                                                                  210.3017   57.5220 13.7
  7.849 1035 Alaska-slab2-v3                                                                  210.8281   57.0879  8.2
  6.296 1036 Alaska-slab2-v3                                                                  210.6921   57.1379  9.5
  4.956 1037 Alaska-slab2-v3                                                                  210.5617   57.1925 10.6
  3.842 1038 Alaska-slab2-v3                                                                  210.4359   57.2507 11.6
  2.917 1039 Alaska-slab2-v3                                                                  210.3097   57.3090 12.3
  2.122 1040 Alaska-slab2-v3                                                                  210.1830   57.3673 13.0
  1.399 1041 Alaska-slab2-v3                                                                  210.0559   57.4255 13.6
  0.711 1042 Alaska-slab2-v3                                                                  209.9283   57.4835 14.2
  7.712 1066 Alaska-slab2-v3                                                                  210.5480   56.9808  8.4
  6.080 1067 Alaska-slab2-v3                                                                  210.4119   57.0299  9.8
  4.754 1068 Alaska-slab2-v3                                                                  210.2868   57.0872 10.9
  3.744 1069 Alaska-slab2-v3                                                                  210.1685   57.1498 11.8
  2.958 1070 Alaska-slab2-v3                                                                  210.0496   57.2125 12.4
  2.348 1071 Alaska-slab2-v3                                                                  209.9302   57.2750 12.9
  1.819 1072 Alaska-slab2-v3                                                                  209.8103   57.3375 13.4
  1.303 1073 Alaska-slab2-v3                                                                  209.6901   57.3999 13.8
  0.716 1074 Alaska-slab2-v3                                                                  209.5694   57.4622 14.3
  7.524 1096 Alaska-slab2-v3                                                                  210.2708   56.8864  8.3
  5.918 1097 Alaska-slab2-v3                                                                  210.1362   56.9367  9.6
  4.614 1098 Alaska-slab2-v3                                                                  210.0128   56.9950 10.7
  3.647 1099 Alaska-slab2-v3                                                                  209.8978   57.0594 11.5
  2.923 1100 Alaska-slab2-v3                                                                  209.7823   57.1238 12.1
  2.355 1101 Alaska-slab2-v3                                                                  209.6663   57.1881 12.6
  1.872 1102 Alaska-slab2-v3                                                                  209.5498   57.2524 13.0
  1.377 1103 Alaska-slab2-v3                                                                  209.4329   57.3166 13.4
  0.785 1104 Alaska-slab2-v3                                                                  209.3157   57.3806 13.9
  6.514 1126 Alaska-slab2-v3                                                                  209.8744   56.8602  9.1
  5.318 1127 Alaska-slab2-v3                                                                  209.7519   56.9196 10.1
  4.375 1128 Alaska-slab2-v3                                                                  209.6341   56.9823 10.9
  3.638 1129 Alaska-slab2-v3                                                                  209.5161   57.0452 11.5
  3.009 1130 Alaska-slab2-v3                                                                  209.3976   57.1080 12.0
  2.429 1131 Alaska-slab2-v3                                                                  209.2787   57.1707 12.5
  1.789 1132 Alaska-slab2-v3                                                                  209.1594   57.2333 13.0
  1.003 1133 Alaska-slab2-v3                                                                  209.0398   57.2957 13.7
  6.767 1155 Alaska-slab2-v3                                                                  209.6138   56.7850  8.6
  5.616 1156 Alaska-slab2-v3                                                                  209.4968   56.8478  9.5
  4.603 1157 Alaska-slab2-v3                                                                  209.3777   56.9096 10.4
  3.727 1158 Alaska-slab2-v3                                                                  209.2553   56.9697 11.1
  2.889 1159 Alaska-slab2-v3                                                                  209.1314   57.0291 11.7
  2.051 1160 Alaska-slab2-v3                                                                  209.0072   57.0883 12.4
  1.113 1161 Alaska-slab2-v3                                                                  208.8826   57.1474 13.1
  7.710 1183 Alaska-slab2-v3                                                                  209.3362   56.6985  8.4
  6.629 1184 Alaska-slab2-v3                                                                  209.2227   56.7631  9.3
  5.595 1185 Alaska-slab2-v3                                                                  209.1047   56.8252 10.2
  4.572 1186 Alaska-slab2-v3                                                                  208.9805   56.8838 11.0
  3.550 1187 Alaska-slab2-v3                                                                  208.8540   56.9412 11.9
  2.468 1188 Alaska-slab2-v3                                                                  208.7273   56.9984 12.8
  1.305 1189 Alaska-slab2-v3                                                                  208.6002   57.0555 13.8
  7.331 1210 Alaska-slab2-v3                                                                  209.0493   56.6043  8.6
  6.114 1211 Alaska-slab2-v3                                                                  208.9339   56.6675  9.7
  4.919 1212 Alaska-slab2-v3                                                                  208.8140   56.7282 10.7
  3.737 1213 Alaska-slab2-v3                                                                  208.6901   56.7867 11.7
  2.531 1214 Alaska-slab2-v3                                                                  208.5650   56.8445 12.7
  1.301 1215 Alaska-slab2-v3                                                                  208.4395   56.9022 13.7
  7.822 1236 Alaska-slab2-v3                                                                  208.8802   56.4447  8.1
  6.241 1237 Alaska-slab2-v3                                                                  208.7647   56.5072  9.4
  4.815 1238 Alaska-slab2-v3                                                                  208.6463   56.5684 10.6
  3.522 1239 Alaska-slab2-v3                                                                  208.5248   56.6279 11.7
  2.324 1240 Alaska-slab2-v3                                                                  208.4020   56.6869 12.7
  1.162 1241 Alaska-slab2-v3                                                                  208.2787   56.7458 13.7
  6.720 1262 Alaska-slab2-v3                                                                  208.5983   56.3460  8.8
  4.770 1263 Alaska-slab2-v3                                                                  208.4812   56.4069 10.4
  3.213 1264 Alaska-slab2-v3                                                                  208.3622   56.4673 11.7
  1.974 1265 Alaska-slab2-v3                                                                  208.2418   56.5275 12.7
  0.944 1266 Alaska-slab2-v3                                                                  208.1208   56.5876 13.5
  6.196 1287 Alaska-slab2-v3                                                                  208.3171   56.2446  9.4
  4.066 1288 Alaska-slab2-v3                                                                  208.2000   56.3048 11.1
  2.541 1289 Alaska-slab2-v3                                                                  208.0836   56.3666 12.4
  1.464 1290 Alaska-slab2-v3                                                                  207.9663   56.4286 13.3
  0.678 1291 Alaska-slab2-v3                                                                  207.8484   56.4905 13.9
  6.315 1312 Alaska-slab2-v3                                                                  208.0398   56.1434  9.6
  4.190 1313 Alaska-slab2-v3                                                                  207.9244   56.2042 11.4
  2.711 1314 Alaska-slab2-v3                                                                  207.8116   56.2679 12.6
  1.749 1315 Alaska-slab2-v3                                                                  207.6980   56.3317 13.5
  1.092 1316 Alaska-slab2-v3                                                                  207.5837   56.3957 14.0
  0.575 1317 Alaska-slab2-v3                                                                  207.4690   56.4595 14.5
  6.307 1336 Alaska-slab2-v3                                                                  207.7667   56.0430  9.5
  4.201 1337 Alaska-slab2-v3                                                                  207.6526   56.1043 11.3
  2.722 1338 Alaska-slab2-v3                                                                  207.5425   56.1693 12.5
  1.739 1339 Alaska-slab2-v3                                                                  207.4315   56.2344 13.4
  1.077 1340 Alaska-slab2-v3                                                                  207.3199   56.2996 13.9
  0.568 1341 Alaska-slab2-v3                                                                  207.2079   56.3648 14.4
  6.530 1360 Alaska-slab2-v3                                                                  207.4972   55.9427  9.3
  4.488 1361 Alaska-slab2-v3                                                                  207.3835   56.0042 11.0
  3.016 1362 Alaska-slab2-v3                                                                  207.2747   56.0698 12.2
  1.983 1363 Alaska-slab2-v3                                                                  207.1652   56.1355 13.1
  1.259 1364 Alaska-slab2-v3                                                                  207.0551   56.2013 13.7
  0.653 1365 Alaska-slab2-v3                                                                  206.9445   56.2670 14.2
  6.831 1384 Alaska-slab2-v3                                                                  207.2316   55.8425  9.0
  4.888 1385 Alaska-slab2-v3                                                                  207.1181   55.9043 10.6
  3.421 1386 Alaska-slab2-v3                                                                  207.0097   55.9699 11.9
  2.337 1387 Alaska-slab2-v3                                                                  206.9012   56.0360 12.8
  1.502 1388 Alaska-slab2-v3                                                                  206.7921   56.1021 13.5
  0.763 1389 Alaska-slab2-v3                                                                  206.6826   56.1682 14.1
 12.394 1407 Alaska-slab2-v3                                                                  206.9698   55.7423  8.7
  9.179 1408 Alaska-slab2-v3                                                                  206.8571   55.8047 10.2
  6.641 1409 Alaska-slab2-v3                                                                  206.7489   55.8703 11.4
  4.632 1410 Alaska-slab2-v3                                                                  206.6420   55.9370 12.3
  3.003 1411 Alaska-slab2-v3                                                                  206.5345   56.0037 13.1
  1.523 1412 Alaska-slab2-v3                                                                  206.4266   56.0704 13.8
 19.443 1430 Alaska-slab2-v3                                                                  206.7109   55.6415  8.3
 15.425 1431 Alaska-slab2-v3                                                                  206.5997   55.7049  9.7
 12.023 1432 Alaska-slab2-v3                                                                  206.4925   55.7709 10.9
  9.237 1433 Alaska-slab2-v3                                                                  206.3880   55.8387 11.8
  6.862 1434 Alaska-slab2-v3                                                                  206.2831   55.9065 12.6
  4.692 1435 Alaska-slab2-v3                                                                  206.1777   55.9743 13.4
  2.463 1436 Alaska-slab2-v3                                                                  206.0720   56.0420 14.1
 25.457 1453 Alaska-slab2-v3                                                                  206.4544   55.5398  8.0
 20.642 1454 Alaska-slab2-v3                                                                  206.3461   55.6049  9.2
 16.340 1455 Alaska-slab2-v3                                                                  206.2403   55.6716 10.3
 12.669 1456 Alaska-slab2-v3                                                                  206.1377   55.7402 11.2
  9.393 1457 Alaska-slab2-v3                                                                  206.0354   55.8091 12.1
  6.354 1458 Alaska-slab2-v3                                                                  205.9326   55.8780 12.8
  3.276 1459 Alaska-slab2-v3                                                                  205.8296   55.9468 13.6
 28.870 1477 Alaska-slab2-v3                                                                  206.0955   55.5043  8.8
 24.200 1478 Alaska-slab2-v3                                                                  205.9916   55.5720  9.8
 19.907 1479 Alaska-slab2-v3                                                                  205.8897   55.6408 10.7
 15.944 1480 Alaska-slab2-v3                                                                  205.7890   55.7103 11.5
 12.171 1481 Alaska-slab2-v3                                                                  205.6879   55.7798 12.3
  8.397 1482 Alaska-slab2-v3                                                                  205.5864   55.8492 13.1
  4.387 1483 Alaska-slab2-v3                                                                  205.4847   55.9185 13.9
 29.757 1500 Alaska-slab2-v3                                                                  205.8458   55.4021  8.3
 25.436 1501 Alaska-slab2-v3                                                                  205.7450   55.4712  9.2
 21.213 1502 Alaska-slab2-v3                                                                  205.6444   55.5406 10.1
 17.184 1503 Alaska-slab2-v3                                                                  205.5441   55.6102 10.9
 13.204 1504 Alaska-slab2-v3                                                                  205.4433   55.6797 11.7
  9.078 1505 Alaska-slab2-v3                                                                  205.3421   55.7491 12.6
  4.757 1506 Alaska-slab2-v3                                                                  205.2407   55.8184 13.5
 26.560 1524 Alaska-slab2-v3                                                                  205.4988   55.3689  8.7
 22.616 1525 Alaska-slab2-v3                                                                  205.4008   55.4394  9.5
 18.572 1526 Alaska-slab2-v3                                                                  205.3016   55.5095 10.3
 14.428 1527 Alaska-slab2-v3                                                                  205.2007   55.5787 11.2
  9.985 1528 Alaska-slab2-v3                                                                  205.0989   55.6477 12.1
  5.242 1529 Alaska-slab2-v3                                                                  204.9969   55.7165 13.0
 27.747 1547 Alaska-slab2-v3                                                                  205.2584   55.2577  8.5
 23.898 1548 Alaska-slab2-v3                                                                  205.1624   55.3289  9.3
 19.798 1549 Alaska-slab2-v3                                                                  205.0641   55.3994 10.1
 15.398 1550 Alaska-slab2-v3                                                                  204.9633   55.4688 11.0
 10.649 1551 Alaska-slab2-v3                                                                  204.8619   55.5377 11.9
  5.549 1552 Alaska-slab2-v3                                                                  204.7602   55.6064 12.9
 28.693 1570 Alaska-slab2-v3                                                                  205.0209   55.1392  8.5
 24.783 1571 Alaska-slab2-v3                                                                  204.9251   55.2105  9.3
 20.432 1572 Alaska-slab2-v3                                                                  204.8280   55.2811 10.2
 15.740 1573 Alaska-slab2-v3                                                                  204.7290   55.3509 11.1
 10.705 1574 Alaska-slab2-v3                                                                  204.6291   55.4202 12.2
  5.426 1575 Alaska-slab2-v3                                                                  204.5289   55.4895 13.2
 29.007 1593 Alaska-slab2-v3                                                                  204.7814   55.0242  8.6
 24.932 1594 Alaska-slab2-v3                                                                  204.6865   55.0957  9.4
 20.425 1595 Alaska-slab2-v3                                                                  204.5900   55.1664 10.4
 15.582 1596 Alaska-slab2-v3                                                                  204.4918   55.2363 11.4
 10.452 1597 Alaska-slab2-v3                                                                  204.3930   55.3061 12.5
  5.226 1598 Alaska-slab2-v3                                                                  204.2939   55.3757 13.6
 32.404 1615 Alaska-slab2-v3                                                                  204.6288   54.8438  8.0
 28.389 1616 Alaska-slab2-v3                                                                  204.5354   54.9157  8.9
 24.138 1617 Alaska-slab2-v3                                                                  204.4412   54.9874  9.8
 19.603 1618 Alaska-slab2-v3                                                                  204.3449   55.0581 10.7
 14.832 1619 Alaska-slab2-v3                                                                  204.2470   55.1280 11.7
  9.872 1620 Alaska-slab2-v3                                                                  204.1487   55.1978 12.8
  4.913 1621 Alaska-slab2-v3                                                                  204.0501   55.2676 13.8
 28.697 1638 Alaska-slab2-v3                                                                  204.3707   54.7446  8.3
 24.048 1639 Alaska-slab2-v3                                                                  204.2784   54.8168  9.2
 19.348 1640 Alaska-slab2-v3                                                                  204.1843   54.8883 10.2
 14.599 1641 Alaska-slab2-v3                                                                  204.0877   54.9587 11.1
  9.749 1642 Alaska-slab2-v3                                                                  203.9900   55.0287 12.1
  4.900 1643 Alaska-slab2-v3                                                                  203.8920   55.0987 13.1
 27.574 1661 Alaska-slab2-v3                                                                  204.0996   54.6557  8.6
 22.641 1662 Alaska-slab2-v3                                                                  204.0074   54.7278  9.6
 17.906 1663 Alaska-slab2-v3                                                                  203.9128   54.7990 10.6
 13.318 1664 Alaska-slab2-v3                                                                  203.8162   54.8693 11.5
  8.879 1665 Alaska-slab2-v3                                                                  203.7191   54.9396 12.4
  4.439 1666 Alaska-slab2-v3                                                                  203.6216   55.0097 13.3
 26.911 1683 Alaska-slab2-v3                                                                  203.8178   54.5758  8.9
 21.762 1684 Alaska-slab2-v3                                                                  203.7246   54.6474 10.0
 17.050 1685 Alaska-slab2-v3                                                                  203.6297   54.7183 10.9
 12.727 1686 Alaska-slab2-v3                                                                  203.5336   54.7888 11.8
  8.501 1687 Alaska-slab2-v3                                                                  203.4371   54.8593 12.7
  4.323 1688 Alaska-slab2-v3                                                                  203.3403   54.9297 13.6
 26.972 1705 Alaska-slab2-v3                                                                  203.5301   54.5031  9.1
 21.825 1706 Alaska-slab2-v3                                                                  203.4363   54.5742 10.1
 17.155 1707 Alaska-slab2-v3                                                                  203.3410   54.6449 11.1
 12.914 1708 Alaska-slab2-v3                                                                  203.2450   54.7154 12.0
  8.768 1709 Alaska-slab2-v3                                                                  203.1487   54.7859 12.9
  4.527 1710 Alaska-slab2-v3                                                                  203.0520   54.8563 13.8
 24.348 1726 Alaska-slab2-v3                                                                  203.2397   54.4355  9.2
 18.848 1727 Alaska-slab2-v3                                                                  203.1452   54.5063 10.3
 13.949 1728 Alaska-slab2-v3                                                                  203.0494   54.5766 11.2
  9.349 1729 Alaska-slab2-v3                                                                  202.9530   54.6469 12.2
  4.850 1730 Alaska-slab2-v3                                                                  202.8563   54.7171 13.1
 31.078 1745 Alaska-slab2-v3                                                                  203.0409   54.3010  8.0
 24.989 1746 Alaska-slab2-v3                                                                  202.9467   54.3715  9.3
 19.533 1747 Alaska-slab2-v3                                                                  202.8513   54.4418 10.4
 14.662 1748 Alaska-slab2-v3                                                                  202.7548   54.5117 11.4
 10.083 1749 Alaska-slab2-v3                                                                  202.6578   54.5816 12.3
  5.310 1750 Alaska-slab2-v3                                                                  202.5605   54.6514 13.3
