  0.732 2479 Alaska-slab2-v3                                                                  189.4593   52.1155 28.2
  0.392 2480 Alaska-slab2-v3                                                                  189.4161   52.1913 32.8
  0.716 2492 Alaska-slab2-v3                                                                  189.2020   52.0562 28.9
  0.382 2493 Alaska-slab2-v3                                                                  189.1599   52.1321 33.5
  0.691 2505 Alaska-slab2-v3                                                                  188.9444   52.0005 30.0
  0.365 2506 Alaska-slab2-v3                                                                  188.9029   52.0766 34.5
  0.356 2518 Alaska-slab2-v3                                                                  188.6861   51.9482 31.2
  0.641 2530 Alaska-slab2-v3                                                                  188.4677   51.8201 28.5
  0.334 2531 Alaska-slab2-v3                                                                  188.4266   51.8989 32.4
  0.616 2543 Alaska-slab2-v3                                                                  188.2057   51.7729 29.5
  0.321 2544 Alaska-slab2-v3                                                                  188.1654   51.8521 33.3
  0.607 2555 Alaska-slab2-v3                                                                  187.9420   51.7281 30.1
  0.320 2556 Alaska-slab2-v3                                                                  187.9027   51.8077 34.0
  0.610 2567 Alaska-slab2-v3                                                                  187.6772   51.6860 30.5
  0.326 2568 Alaska-slab2-v3                                                                  187.6391   51.7656 34.4
  0.617 2579 Alaska-slab2-v3                                                                  187.4119   51.6459 30.7
  0.329 2580 Alaska-slab2-v3                                                                  187.3752   51.7253 34.7
  1.077 2591 Alaska-slab2-v3                                                                  187.1467   51.6067 30.9
  0.565 2592 Alaska-slab2-v3                                                                  187.1114   51.6861 34.9
  1.509 2603 Alaska-slab2-v3                                                                  186.8821   51.5678 30.8
  0.778 2604 Alaska-slab2-v3                                                                  186.8482   51.6477 34.8
  1.925 2615 Alaska-slab2-v3                                                                  186.6188   51.5299 30.1
  0.978 2616 Alaska-slab2-v3                                                                  186.5861   51.6103 34.0
  2.392 2627 Alaska-slab2-v3                                                                  186.3589   51.4940 28.9
  1.205 2628 Alaska-slab2-v3                                                                  186.3262   51.5747 32.7
  2.389 2641 Alaska-slab2-v3                                                                  186.0702   51.5418 30.9
  1.263 2642 Alaska-slab2-v3                                                                  186.0397   51.6227 34.8
  2.518 2654 Alaska-slab2-v3                                                                  185.8171   51.5119 28.8
  1.316 2655 Alaska-slab2-v3                                                                  185.7851   51.5923 32.6
  2.617 2668 Alaska-slab2-v3                                                                  185.5297   51.5645 30.6
  1.416 2669 Alaska-slab2-v3                                                                  185.4992   51.6439 34.8
  2.673 2682 Alaska-slab2-v3                                                                  185.2705   51.5377 28.9
  1.460 2683 Alaska-slab2-v3                                                                  185.2410   51.6181 32.9
  1.469 2697 Alaska-slab2-v3                                                                  184.9782   51.5924 31.6
