  0.582 1764 Alaska-slab2-v3                                                                  202.8416   54.1708  6.7
  0.531 1765 Alaska-slab2-v3                                                                  202.7468   54.2407  8.1
  0.430 1766 Alaska-slab2-v3                                                                  202.6515   54.3106  9.4
  0.340 1767 Alaska-slab2-v3                                                                  202.5552   54.3803 10.6
  0.259 1768 Alaska-slab2-v3                                                                  202.4578   54.4497 11.6
  0.181 1769 Alaska-slab2-v3                                                                  202.3600   54.5191 12.6
  0.096 1770 Alaska-slab2-v3                                                                  202.2619   54.5883 13.7
  0.832 1783 Alaska-slab2-v3                                                                  202.5474   54.1138  6.7
  0.700 1784 Alaska-slab2-v3                                                                  202.4519   54.1833  8.1
  0.543 1785 Alaska-slab2-v3                                                                  202.3560   54.2528  9.5
  0.400 1786 Alaska-slab2-v3                                                                  202.2587   54.3219 10.7
  0.270 1787 Alaska-slab2-v3                                                                  202.1601   54.3906 11.8
  0.140 1788 Alaska-slab2-v3                                                                  202.0612   54.4592 12.9
  1.081 1802 Alaska-slab2-v3                                                                  202.2527   54.0590  6.7
  0.937 1803 Alaska-slab2-v3                                                                  202.1571   54.1283  8.2
  0.733 1804 Alaska-slab2-v3                                                                  202.0608   54.1975  9.5
  0.546 1805 Alaska-slab2-v3                                                                  201.9626   54.2661 10.8
  0.370 1806 Alaska-slab2-v3                                                                  201.8628   54.3340 11.9
  0.192 1807 Alaska-slab2-v3                                                                  201.7627   54.4018 13.1
  1.331 1820 Alaska-slab2-v3                                                                  201.9577   54.0054  6.8
  1.176 1821 Alaska-slab2-v3                                                                  201.8617   54.0745  8.2
  0.926 1822 Alaska-slab2-v3                                                                  201.7650   54.1434  9.6
  0.695 1823 Alaska-slab2-v3                                                                  201.6662   54.2115 10.9
  0.474 1824 Alaska-slab2-v3                                                                  201.5657   54.2789 12.1
  0.250 1825 Alaska-slab2-v3                                                                  201.4649   54.3462 13.3
  1.329 1838 Alaska-slab2-v3                                                                  201.6623   53.9521  6.8
  1.027 1839 Alaska-slab2-v3                                                                  201.5647   54.0202  8.3
  0.746 1840 Alaska-slab2-v3                                                                  201.4665   54.0882  9.8
  0.493 1841 Alaska-slab2-v3                                                                  201.3671   54.1560 11.1
  0.251 1842 Alaska-slab2-v3                                                                  201.2668   54.2234 12.3
  1.331 1855 Alaska-slab2-v3                                                                  201.3664   53.8981  6.9
  1.027 1856 Alaska-slab2-v3                                                                  201.2655   53.9641  8.6
  0.737 1857 Alaska-slab2-v3                                                                  201.1650   54.0308 10.1
  0.487 1858 Alaska-slab2-v3                                                                  201.0653   54.0982 11.4
  0.252 1859 Alaska-slab2-v3                                                                  200.9656   54.1659 12.6
  1.331 1872 Alaska-slab2-v3                                                                  201.0706   53.8428  7.0
  1.028 1873 Alaska-slab2-v3                                                                  200.9652   53.9058  8.9
  0.728 1874 Alaska-slab2-v3                                                                  200.8627   53.9709 10.5
  0.480 1875 Alaska-slab2-v3                                                                  200.7636   54.0385 11.9
  0.250 1876 Alaska-slab2-v3                                                                  200.6643   54.1064 13.1
  1.268 1889 Alaska-slab2-v3                                                                  200.7756   53.7862  7.1
  0.858 1890 Alaska-slab2-v3                                                                  200.6664   53.8460  9.2
  0.518 1891 Alaska-slab2-v3                                                                  200.5628   53.9102 11.0
  0.246 1892 Alaska-slab2-v3                                                                  200.4644   53.9780 12.4
  1.043 1906 Alaska-slab2-v3                                                                  200.4822   53.7288  7.2
  0.692 1907 Alaska-slab2-v3                                                                  200.3709   53.7866  9.5
  0.412 1908 Alaska-slab2-v3                                                                  200.2675   53.8503 11.3
  0.195 1909 Alaska-slab2-v3                                                                  200.1695   53.9183 12.7
  0.802 1923 Alaska-slab2-v3                                                                  200.1907   53.6713  7.3
  0.525 1924 Alaska-slab2-v3                                                                  200.0792   53.7284  9.6
  0.308 1925 Alaska-slab2-v3                                                                  199.9768   53.7924 11.5
  0.145 1926 Alaska-slab2-v3                                                                  199.8801   53.8610 12.9
  0.557 1940 Alaska-slab2-v3                                                                  199.9012   53.6142  7.3
  0.362 1941 Alaska-slab2-v3                                                                  199.7909   53.6720  9.6
  0.210 1942 Alaska-slab2-v3                                                                  199.6904   53.7369 11.5
  0.099 1943 Alaska-slab2-v3                                                                  199.5958   53.8066 12.8
