  1.903 3349 Alaska-slab2-v3                                                                  170.7214   52.5414  6.8
  0.900 3350 Alaska-slab2-v3                                                                  170.8230   52.6053  8.5
  1.867 3363 Alaska-slab2-v3                                                                  170.4736   52.6431  6.8
  0.887 3364 Alaska-slab2-v3                                                                  170.5766   52.7064  8.4
  1.822 3377 Alaska-slab2-v3                                                                  170.2255   52.7452  6.8
  0.876 3378 Alaska-slab2-v3                                                                  170.3296   52.8082  8.3
  1.773 3392 Alaska-slab2-v3                                                                  169.9768   52.8474  6.7
  0.867 3393 Alaska-slab2-v3                                                                  170.0819   52.9101  8.1
  1.705 3407 Alaska-slab2-v3                                                                  169.7243   52.9548  6.7
  0.843 3408 Alaska-slab2-v3                                                                  169.8281   53.0187  8.0
  1.624 3416 Alaska-slab2-v3                                                                  169.4675   53.0673  6.6
  0.812 3417 Alaska-slab2-v3                                                                  169.5679   53.1334  7.8
  2.091 3425 Alaska-slab2-v3                                                                  169.2101   53.1793  6.6
  1.402 3426 Alaska-slab2-v3                                                                  169.3074   53.2473  7.7
  0.707 3427 Alaska-slab2-v3                                                                  169.4050   53.3152  8.8
  2.042 3434 Alaska-slab2-v3                                                                  168.9521   53.2912  6.6
  1.374 3435 Alaska-slab2-v3                                                                  169.0464   53.3608  7.6
  0.693 3436 Alaska-slab2-v3                                                                  169.1410   53.4303  8.7
  1.981 3443 Alaska-slab2-v3                                                                  168.6937   53.4032  6.5
  1.338 3444 Alaska-slab2-v3                                                                  168.7853   53.4742  7.5
  0.682 3445 Alaska-slab2-v3                                                                  168.8772   53.5452  8.6
  1.533 3452 Alaska-slab2-v3                                                                  168.4354   53.5154  6.5
  1.036 3453 Alaska-slab2-v3                                                                  168.5250   53.5876  7.4
  0.529 3454 Alaska-slab2-v3                                                                  168.6148   53.6597  8.4
  1.114 3461 Alaska-slab2-v3                                                                  168.1774   53.6281  6.4
  0.754 3462 Alaska-slab2-v3                                                                  168.2654   53.7012  7.3
  0.385 3463 Alaska-slab2-v3                                                                  168.3536   53.7742  8.2
  0.921 3471 Alaska-slab2-v3                                                                  167.9197   53.7416  6.4
  0.695 3472 Alaska-slab2-v3                                                                  168.0058   53.8156  7.3
  0.467 3473 Alaska-slab2-v3                                                                  168.0922   53.8895  8.1
  0.236 3474 Alaska-slab2-v3                                                                  168.1790   53.9633  8.9
  0.519 3481 Alaska-slab2-v3                                                                  167.6621   53.8559  6.4
  0.389 3482 Alaska-slab2-v3                                                                  167.7460   53.9309  7.3
  0.259 3483 Alaska-slab2-v3                                                                  167.8302   54.0058  8.1
  0.130 3484 Alaska-slab2-v3                                                                  167.9147   54.0806  8.9
  0.524 3492 Alaska-slab2-v3                                                                  167.4045   53.9710  6.4
  0.394 3493 Alaska-slab2-v3                                                                  167.4858   54.0470  7.2
  0.263 3494 Alaska-slab2-v3                                                                  167.5675   54.1229  8.1
  0.132 3495 Alaska-slab2-v3                                                                  167.6494   54.1988  8.9
  0.527 3503 Alaska-slab2-v3                                                                  167.1467   54.0865  6.4
  0.398 3504 Alaska-slab2-v3                                                                  167.2254   54.1636  7.2
  0.269 3505 Alaska-slab2-v3                                                                  167.3044   54.2406  8.1
  0.137 3506 Alaska-slab2-v3                                                                  167.3837   54.3175  8.9
  0.528 3515 Alaska-slab2-v3                                                                  166.8888   54.2024  6.4
  0.400 3516 Alaska-slab2-v3                                                                  166.9648   54.2805  7.3
  0.269 3517 Alaska-slab2-v3                                                                  167.0410   54.3585  8.1
  0.136 3518 Alaska-slab2-v3                                                                  167.1176   54.4364  9.0
  0.429 3527 Alaska-slab2-v3                                                                  166.6302   54.3186  6.4
  0.322 3528 Alaska-slab2-v3                                                                  166.7030   54.3977  7.3
  0.214 3529 Alaska-slab2-v3                                                                  166.7761   54.4767  8.2
  0.107 3530 Alaska-slab2-v3                                                                  166.8495   54.5557  9.1
  0.279 3539 Alaska-slab2-v3                                                                  166.3705   54.4349  6.5
  0.185 3540 Alaska-slab2-v3                                                                  166.4394   54.5152  7.5
  0.091 3541 Alaska-slab2-v3                                                                  166.5086   54.5954  8.4
  0.202 3551 Alaska-slab2-v3                                                                  166.1096   54.5512  6.6
  0.132 3552 Alaska-slab2-v3                                                                  166.1735   54.6327  7.7
  0.064 3553 Alaska-slab2-v3                                                                  166.2376   54.7142  8.8
  0.087 3563 Alaska-slab2-v3                                                                  165.8466   54.6675  6.7
  0.042 3564 Alaska-slab2-v3                                                                  165.9035   54.7504  8.1
