  1.510 2474 Alaska-slab2-v3                                                                  189.6864   51.7088 14.1
  1.110 2475 Alaska-slab2-v3                                                                  189.6395   51.7924 15.9
  0.611 2476 Alaska-slab2-v3                                                                  189.5966   51.8761 18.1
  1.503 2487 Alaska-slab2-v3                                                                  189.4233   51.6486 14.6
  1.101 2488 Alaska-slab2-v3                                                                  189.3786   51.7326 16.5
  0.602 2489 Alaska-slab2-v3                                                                  189.3368   51.8163 18.8
  1.515 2500 Alaska-slab2-v3                                                                  189.1606   51.5928 15.2
  1.100 2501 Alaska-slab2-v3                                                                  189.1191   51.6771 17.3
  0.592 2502 Alaska-slab2-v3                                                                  189.0776   51.7604 19.8
  1.855 2512 Alaska-slab2-v3                                                                  188.9407   51.4562 14.3
  1.523 2513 Alaska-slab2-v3                                                                  188.8984   51.5409 16.0
  1.088 2514 Alaska-slab2-v3                                                                  188.8598   51.6253 18.3
  0.574 2515 Alaska-slab2-v3                                                                  188.8181   51.7081 21.0
  1.477 2525 Alaska-slab2-v3                                                                  188.6752   51.4069 15.0
  1.086 2526 Alaska-slab2-v3                                                                  188.6360   51.4919 16.9
  0.579 2527 Alaska-slab2-v3                                                                  188.5981   51.5760 19.3
  1.732 2537 Alaska-slab2-v3                                                                  188.4488   51.2742 14.3
  1.472 2538 Alaska-slab2-v3                                                                  188.4086   51.3599 15.6
  1.071 2539 Alaska-slab2-v3                                                                  188.3715   51.4450 17.6
  0.564 2540 Alaska-slab2-v3                                                                  188.3330   51.5288 20.1
  1.716 2549 Alaska-slab2-v3                                                                  188.1783   51.2288 14.7
  1.458 2550 Alaska-slab2-v3                                                                  188.1402   51.3148 16.0
  1.045 2551 Alaska-slab2-v3                                                                  188.1045   51.3999 18.1
  0.549 2552 Alaska-slab2-v3                                                                  188.0659   51.4837 20.6
  1.896 2560 Alaska-slab2-v3                                                                  187.9448   51.0992 14.0
  1.722 2561 Alaska-slab2-v3                                                                  187.9064   51.1856 14.9
  1.449 2562 Alaska-slab2-v3                                                                  187.8701   51.2717 16.3
  1.022 2563 Alaska-slab2-v3                                                                  187.8356   51.3569 18.5
  0.533 2564 Alaska-slab2-v3                                                                  187.7975   51.4407 21.1
  1.389 2573 Alaska-slab2-v3                                                                  187.6335   51.1444 15.0
  1.049 2574 Alaska-slab2-v3                                                                  187.5990   51.2306 16.6
  0.553 2575 Alaska-slab2-v3                                                                  187.5659   51.3157 18.9
  1.438 2585 Alaska-slab2-v3                                                                  187.3605   51.1042 14.9
  1.072 2586 Alaska-slab2-v3                                                                  187.3276   51.1904 16.6
  0.564 2587 Alaska-slab2-v3                                                                  187.2958   51.2756 19.0
  1.452 2597 Alaska-slab2-v3                                                                  187.0879   51.0642 14.8
  1.075 2598 Alaska-slab2-v3                                                                  187.0563   51.1506 16.5
  0.576 2599 Alaska-slab2-v3                                                                  187.0262   51.2361 18.9
  1.792 2609 Alaska-slab2-v3                                                                  186.8157   51.0243 14.5
  1.462 2610 Alaska-slab2-v3                                                                  186.7857   51.1111 16.2
  1.051 2611 Alaska-slab2-v3                                                                  186.7578   51.1974 18.3
  0.556 2612 Alaska-slab2-v3                                                                  186.7261   51.2821 20.8
  1.714 2621 Alaska-slab2-v3                                                                  186.5444   50.9853 14.0
  1.385 2622 Alaska-slab2-v3                                                                  186.5161   51.0725 15.6
  1.006 2623 Alaska-slab2-v3                                                                  186.4904   51.1595 17.5
  0.545 2624 Alaska-slab2-v3                                                                  186.4633   51.2456 19.7
  1.691 2635 Alaska-slab2-v3                                                                  186.2478   51.0353 15.0
  1.365 2636 Alaska-slab2-v3                                                                  186.2236   51.1228 16.6
  0.982 2637 Alaska-slab2-v3                                                                  186.2002   51.2099 18.6
  0.537 2638 Alaska-slab2-v3                                                                  186.1726   51.2958 20.9
  1.633 2648 Alaska-slab2-v3                                                                  185.9799   50.9999 14.2
  1.314 2649 Alaska-slab2-v3                                                                  185.9571   51.0878 15.7
  0.926 2650 Alaska-slab2-v3                                                                  185.9348   51.1752 17.6
  0.490 2651 Alaska-slab2-v3                                                                  185.9110   51.2620 19.7
  1.679 2662 Alaska-slab2-v3                                                                  185.6891   51.0545 14.9
  1.333 2663 Alaska-slab2-v3                                                                  185.6675   51.1422 16.7
  0.928 2664 Alaska-slab2-v3                                                                  185.6451   51.2292 18.7
  0.497 2665 Alaska-slab2-v3                                                                  185.6203   51.3157 20.9
  1.678 2676 Alaska-slab2-v3                                                                  185.4172   51.0229 14.4
  1.354 2677 Alaska-slab2-v3                                                                  185.3969   51.1109 16.0
  0.937 2678 Alaska-slab2-v3                                                                  185.3752   51.1980 18.0
  0.486 2679 Alaska-slab2-v3                                                                  185.3522   51.2847 20.2
  1.639 2690 Alaska-slab2-v3                                                                  185.1420   50.9925 14.2
  1.344 2691 Alaska-slab2-v3                                                                  185.1230   51.0809 15.6
  0.953 2692 Alaska-slab2-v3                                                                  185.1026   51.1684 17.5
  0.495 2693 Alaska-slab2-v3                                                                  185.0813   51.2553 19.7
  1.550 2705 Alaska-slab2-v3                                                                  184.8668   50.9635 14.4
  1.280 2706 Alaska-slab2-v3                                                                  184.8487   51.0521 15.7
  0.931 2707 Alaska-slab2-v3                                                                  184.8291   51.1401 17.3
  0.500 2708 Alaska-slab2-v3                                                                  184.8091   51.2274 19.3
  1.802 2720 Alaska-slab2-v3                                                                  184.5923   50.9359 14.6
  1.575 2721 Alaska-slab2-v3                                                                  184.5748   51.0247 15.8
  1.290 2722 Alaska-slab2-v3                                                                  184.5556   51.1130 17.3
  0.936 2723 Alaska-slab2-v3                                                                  184.5363   51.2007 19.1
  0.504 2724 Alaska-slab2-v3                                                                  184.5152   51.2874 21.4
  1.754 2735 Alaska-slab2-v3                                                                  184.3167   50.9099 14.7
  1.527 2736 Alaska-slab2-v3                                                                  184.2999   50.9987 15.9
  1.253 2737 Alaska-slab2-v3                                                                  184.2813   51.0871 17.3
  0.915 2738 Alaska-slab2-v3                                                                  184.2627   51.1751 19.0
  0.499 2739 Alaska-slab2-v3                                                                  184.2425   51.2621 21.2
  1.758 2750 Alaska-slab2-v3                                                                  184.0402   50.8858 14.6
  1.520 2751 Alaska-slab2-v3                                                                  184.0244   50.9747 15.9
  1.236 2752 Alaska-slab2-v3                                                                  184.0065   51.0631 17.3
  0.896 2753 Alaska-slab2-v3                                                                  183.9887   51.1511 19.1
  0.491 2754 Alaska-slab2-v3                                                                  183.9695   51.2384 21.1
  1.810 2765 Alaska-slab2-v3                                                                  183.7633   50.8640 14.5
  1.560 2766 Alaska-slab2-v3                                                                  183.7487   50.9529 15.8
  1.254 2767 Alaska-slab2-v3                                                                  183.7317   51.0412 17.4
  0.894 2768 Alaska-slab2-v3                                                                  183.7146   51.1291 19.2
  0.488 2769 Alaska-slab2-v3                                                                  183.6962   51.2164 21.3
  1.565 2780 Alaska-slab2-v3                                                                  183.4859   50.8448 14.3
  1.275 2781 Alaska-slab2-v3                                                                  183.4725   50.9336 15.6
  0.906 2782 Alaska-slab2-v3                                                                  183.4566   51.0218 17.4
  0.478 2783 Alaska-slab2-v3                                                                  183.4403   51.1095 19.4
  1.635 2795 Alaska-slab2-v3                                                                  183.2078   50.8284 14.2
  1.339 2796 Alaska-slab2-v3                                                                  183.1956   50.9172 15.6
  0.957 2797 Alaska-slab2-v3                                                                  183.1809   51.0053 17.4
  0.504 2798 Alaska-slab2-v3                                                                  183.1656   51.0928 19.6
  1.672 2810 Alaska-slab2-v3                                                                  182.9294   50.8151 14.2
  1.375 2811 Alaska-slab2-v3                                                                  182.9181   50.9039 15.6
  0.993 2812 Alaska-slab2-v3                                                                  182.9046   50.9921 17.5
  0.531 2813 Alaska-slab2-v3                                                                  182.8905   51.0794 19.7
  1.681 2825 Alaska-slab2-v3                                                                  182.6507   50.8052 14.2
  1.383 2826 Alaska-slab2-v3                                                                  182.6403   50.8941 15.6
  1.012 2827 Alaska-slab2-v3                                                                  182.6279   50.9823 17.4
  0.549 2828 Alaska-slab2-v3                                                                  182.6151   51.0698 19.7
  1.694 2839 Alaska-slab2-v3                                                                  182.3720   50.7989 14.1
  1.388 2840 Alaska-slab2-v3                                                                  182.3624   50.8878 15.6
  1.015 2841 Alaska-slab2-v3                                                                  182.3512   50.9762 17.4
  0.555 2842 Alaska-slab2-v3                                                                  182.3395   51.0636 19.7
  1.732 2853 Alaska-slab2-v3                                                                  182.0936   50.7965 14.0
  1.410 2854 Alaska-slab2-v3                                                                  182.0847   50.8853 15.6
  1.023 2855 Alaska-slab2-v3                                                                  182.0745   50.9736 17.5
  0.557 2856 Alaska-slab2-v3                                                                  182.0637   51.0610 19.7
  1.457 2868 Alaska-slab2-v3                                                                  181.8068   50.8865 15.6
  1.046 2869 Alaska-slab2-v3                                                                  181.7974   50.9745 17.6
  0.563 2870 Alaska-slab2-v3                                                                  181.7875   51.0618 20.0
  1.517 2882 Alaska-slab2-v3                                                                  181.5284   50.8914 15.7
  1.082 2883 Alaska-slab2-v3                                                                  181.5199   50.9791 17.9
  0.579 2884 Alaska-slab2-v3                                                                  181.5111   51.0661 20.4
  1.539 2895 Alaska-slab2-v3                                                                  181.2558   50.8118 14.1
  1.117 2896 Alaska-slab2-v3                                                                  181.2495   50.9001 16.0
  0.601 2897 Alaska-slab2-v3                                                                  181.2423   50.9875 18.4
  1.564 2908 Alaska-slab2-v3                                                                  180.9758   50.8239 14.5
  1.141 2909 Alaska-slab2-v3                                                                  180.9708   50.9120 16.5
  0.621 2910 Alaska-slab2-v3                                                                  180.9650   50.9992 19.0
  1.577 2921 Alaska-slab2-v3                                                                  180.6963   50.8386 15.0
  1.152 2922 Alaska-slab2-v3                                                                  180.6925   50.9266 17.1
  0.630 2923 Alaska-slab2-v3                                                                  180.6884   51.0136 19.7
  1.597 2934 Alaska-slab2-v3                                                                  180.4175   50.8551 15.4
  1.162 2935 Alaska-slab2-v3                                                                  180.4150   50.9429 17.7
  0.633 2936 Alaska-slab2-v3                                                                  180.4124   51.0295 20.4
  1.161 2946 Alaska-slab2-v3                                                                  180.1393   50.8723 15.8
  0.623 2947 Alaska-slab2-v3                                                                  180.1382   50.9596 18.2
  1.611 2957 Alaska-slab2-v3                                                                  179.8646   50.7983 14.0
  1.194 2958 Alaska-slab2-v3                                                                  179.8659   50.8866 16.0
  0.648 2959 Alaska-slab2-v3                                                                  179.8669   50.9737 18.5
  1.608 2969 Alaska-slab2-v3                                                                  179.5922   50.8098 14.2
  1.215 2970 Alaska-slab2-v3                                                                  179.5964   50.8983 16.1
  0.679 2971 Alaska-slab2-v3                                                                  179.6002   50.9854 18.6
  1.614 2981 Alaska-slab2-v3                                                                  179.3204   50.8244 14.3
  1.225 2982 Alaska-slab2-v3                                                                  179.3273   50.9128 16.2
  0.689 2983 Alaska-slab2-v3                                                                  179.3340   50.9997 18.7
  1.629 2993 Alaska-slab2-v3                                                                  179.0494   50.8442 14.4
  1.229 2994 Alaska-slab2-v3                                                                  179.0591   50.9323 16.4
  0.685 2995 Alaska-slab2-v3                                                                  179.0686   51.0190 19.0
  1.649 3005 Alaska-slab2-v3                                                                  178.7798   50.8697 14.5
  1.230 3006 Alaska-slab2-v3                                                                  178.7922   50.9575 16.5
  0.676 3007 Alaska-slab2-v3                                                                  178.8044   51.0439 19.3
  1.669 3017 Alaska-slab2-v3                                                                  178.5114   50.9004 14.6
  1.235 3018 Alaska-slab2-v3                                                                  178.5266   50.9878 16.7
  0.672 3019 Alaska-slab2-v3                                                                  178.5414   51.0738 19.5
  1.692 3028 Alaska-slab2-v3                                                                  178.2445   50.9354 14.6
  1.245 3029 Alaska-slab2-v3                                                                  178.2624   51.0224 16.9
  0.673 3030 Alaska-slab2-v3                                                                  178.2798   51.1081 19.7
  2.998 3039 Alaska-slab2-v3                                                                  177.9788   50.9738 14.6
  2.202 3040 Alaska-slab2-v3                                                                  177.9995   51.0605 16.9
  1.191 3041 Alaska-slab2-v3                                                                  178.0197   51.1457 19.8
  4.322 3050 Alaska-slab2-v3                                                                  177.7145   51.0150 14.5
  3.176 3051 Alaska-slab2-v3                                                                  177.7381   51.1013 16.8
  1.717 3052 Alaska-slab2-v3                                                                  177.7610   51.1862 19.8
  5.659 3061 Alaska-slab2-v3                                                                  177.4512   51.0587 14.4
  4.160 3062 Alaska-slab2-v3                                                                  177.4776   51.1447 16.7
  2.252 3063 Alaska-slab2-v3                                                                  177.5036   51.2292 19.6
  7.008 3072 Alaska-slab2-v3                                                                  177.1886   51.1048 14.2
  5.161 3073 Alaska-slab2-v3                                                                  177.2180   51.1905 16.5
  2.790 3074 Alaska-slab2-v3                                                                  177.2470   51.2746 19.4
  7.048 3083 Alaska-slab2-v3                                                                  176.9263   51.1531 14.0
  5.209 3084 Alaska-slab2-v3                                                                  176.9587   51.2385 16.3
  2.832 3085 Alaska-slab2-v3                                                                  176.9909   51.3222 19.2
  5.255 3095 Alaska-slab2-v3                                                                  176.6995   51.2885 16.1
  2.890 3096 Alaska-slab2-v3                                                                  176.7350   51.3718 19.0
  5.274 3107 Alaska-slab2-v3                                                                  176.4402   51.3404 16.1
  2.940 3108 Alaska-slab2-v3                                                                  176.4791   51.4232 18.9
  6.991 3117 Alaska-slab2-v3                                                                  176.1396   51.3098 14.1
  5.274 3118 Alaska-slab2-v3                                                                  176.1814   51.3939 16.2
  2.979 3119 Alaska-slab2-v3                                                                  176.2234   51.4761 19.0
  7.014 3128 Alaska-slab2-v3                                                                  175.8786   51.3654 14.2
  5.276 3129 Alaska-slab2-v3                                                                  175.9236   51.4487 16.4
  2.960 3130 Alaska-slab2-v3                                                                  175.9682   51.5303 19.3
  7.083 3139 Alaska-slab2-v3                                                                  175.6186   51.4223 14.4
  5.268 3140 Alaska-slab2-v3                                                                  175.6667   51.5047 16.6
  2.931 3141 Alaska-slab2-v3                                                                  175.7139   51.5855 19.6
  7.175 3150 Alaska-slab2-v3                                                                  175.3593   51.4807 14.5
  5.287 3151 Alaska-slab2-v3                                                                  175.4107   51.5619 16.9
  2.901 3152 Alaska-slab2-v3                                                                  175.4603   51.6419 19.9
  7.248 3161 Alaska-slab2-v3                                                                  175.1008   51.5404 14.6
  5.301 3162 Alaska-slab2-v3                                                                  175.1555   51.6206 17.1
  2.885 3163 Alaska-slab2-v3                                                                  175.2076   51.6996 20.2
  5.220 3172 Alaska-slab2-v3                                                                  174.8430   51.6015 14.6
  2.899 3173 Alaska-slab2-v3                                                                  174.9009   51.6807 17.2
  5.187 3183 Alaska-slab2-v3                                                                  174.5859   51.6641 14.7
  2.909 3184 Alaska-slab2-v3                                                                  174.6470   51.7425 17.3
  5.086 3194 Alaska-slab2-v3                                                                  174.3294   51.7283 14.8
  2.878 3195 Alaska-slab2-v3                                                                  174.3935   51.8060 17.2
  7.019 3205 Alaska-slab2-v3                                                                  174.0735   51.7944 14.7
  5.220 3206 Alaska-slab2-v3                                                                  174.1404   51.8715 17.1
  2.846 3207 Alaska-slab2-v3                                                                  174.2045   51.9474 20.1
  6.833 3216 Alaska-slab2-v3                                                                  173.8182   51.8628 14.6
  5.087 3217 Alaska-slab2-v3                                                                  173.8879   51.9393 16.8
  2.793 3218 Alaska-slab2-v3                                                                  173.9558   52.0146 19.7
  6.616 3227 Alaska-slab2-v3                                                                  173.5637   51.9338 14.5
  4.917 3228 Alaska-slab2-v3                                                                  173.6359   52.0098 16.6
  2.704 3229 Alaska-slab2-v3                                                                  173.7078   52.0843 19.3
  6.428 3238 Alaska-slab2-v3                                                                  173.3105   52.0077 14.3
  4.771 3239 Alaska-slab2-v3                                                                  173.3851   52.0831 16.3
  2.617 3240 Alaska-slab2-v3                                                                  173.4610   52.1566 18.8
  6.286 3250 Alaska-slab2-v3                                                                  173.0592   52.0848 14.1
  4.658 3251 Alaska-slab2-v3                                                                  173.1361   52.1596 15.9
  2.546 3252 Alaska-slab2-v3                                                                  173.2150   52.2323 18.4
  4.604 3263 Alaska-slab2-v3                                                                  172.8891   52.2394 15.6
  2.506 3264 Alaska-slab2-v3                                                                  172.9702   52.3115 17.9
  6.457 3275 Alaska-slab2-v3                                                                  172.6443   52.3229 15.2
  4.656 3276 Alaska-slab2-v3                                                                  172.7276   52.3943 17.5
  2.493 3277 Alaska-slab2-v3                                                                  172.8074   52.4658 20.3
  6.448 3288 Alaska-slab2-v3                                                                  172.4015   52.4097 14.9
  4.671 3289 Alaska-slab2-v3                                                                  172.4871   52.4803 17.1
  2.508 3290 Alaska-slab2-v3                                                                  172.5705   52.5506 19.8
  6.397 3301 Alaska-slab2-v3                                                                  172.1604   52.4993 14.6
  4.693 3302 Alaska-slab2-v3                                                                  172.2482   52.5693 16.7
  2.552 3303 Alaska-slab2-v3                                                                  172.3355   52.6382 19.3
  6.218 3314 Alaska-slab2-v3                                                                  171.9204   52.5913 14.4
  4.611 3315 Alaska-slab2-v3                                                                  172.0105   52.6608 16.3
  2.561 3316 Alaska-slab2-v3                                                                  172.1019   52.7283 18.7
  5.908 3327 Alaska-slab2-v3                                                                  171.6816   52.6852 14.1
  4.391 3328 Alaska-slab2-v3                                                                  171.7737   52.7542 15.9
  2.457 3329 Alaska-slab2-v3                                                                  171.8682   52.8209 18.0
  5.998 3341 Alaska-slab2-v3                                                                  171.5373   52.8490 15.5
  4.390 3342 Alaska-slab2-v3                                                                  171.6337   52.9153 17.5
  2.404 3343 Alaska-slab2-v3                                                                  171.7269   52.9819 20.0
