 17.019 2474 Alaska-slab2-v3                                                                  189.6864   51.7088 14.1
 17.019 2475 Alaska-slab2-v3                                                                  189.6395   51.7924 15.9
 17.019 2476 Alaska-slab2-v3                                                                  189.5966   51.8761 18.1
 15.302 2477 Alaska-slab2-v3                                                                  189.5517   51.9580 20.9
 17.019 2487 Alaska-slab2-v3                                                                  189.4233   51.6486 14.6
 17.019 2488 Alaska-slab2-v3                                                                  189.3786   51.7326 16.5
 17.019 2489 Alaska-slab2-v3                                                                  189.3368   51.8163 18.8
 15.002 2490 Alaska-slab2-v3                                                                  189.2920   51.8981 21.6
 17.019 2500 Alaska-slab2-v3                                                                  189.1606   51.5928 15.2
 17.019 2501 Alaska-slab2-v3                                                                  189.1191   51.6771 17.3
 17.019 2502 Alaska-slab2-v3                                                                  189.0776   51.7604 19.8
 14.520 2503 Alaska-slab2-v3                                                                  189.0325   51.8419 22.7
 17.019 2512 Alaska-slab2-v3                                                                  188.9407   51.4562 14.3
 17.019 2513 Alaska-slab2-v3                                                                  188.8984   51.5409 16.0
 17.019 2514 Alaska-slab2-v3                                                                  188.8598   51.6253 18.3
 16.457 2515 Alaska-slab2-v3                                                                  188.8181   51.7081 21.0
 13.959 2516 Alaska-slab2-v3                                                                  188.7724   51.7893 24.0
 17.019 2525 Alaska-slab2-v3                                                                  188.6752   51.4069 15.0
 17.019 2526 Alaska-slab2-v3                                                                  188.6360   51.4919 16.9
 17.019 2527 Alaska-slab2-v3                                                                  188.5981   51.5760 19.3
 15.954 2528 Alaska-slab2-v3                                                                  188.5557   51.6584 22.1
 17.019 2537 Alaska-slab2-v3                                                                  188.4488   51.2742 14.3
 17.019 2538 Alaska-slab2-v3                                                                  188.4086   51.3599 15.6
 17.019 2539 Alaska-slab2-v3                                                                  188.3715   51.4450 17.6
 15.828 2540 Alaska-slab2-v3                                                                  188.3330   51.5288 20.1
 13.293 2541 Alaska-slab2-v3                                                                  188.2902   51.6111 22.9
 17.019 2549 Alaska-slab2-v3                                                                  188.1783   51.2288 14.7
 17.019 2550 Alaska-slab2-v3                                                                  188.1402   51.3148 16.0
 17.019 2551 Alaska-slab2-v3                                                                  188.1045   51.3999 18.1
 15.662 2552 Alaska-slab2-v3                                                                  188.0659   51.4837 20.6
 13.179 2553 Alaska-slab2-v3                                                                  188.0232   51.5660 23.4
 17.019 2560 Alaska-slab2-v3                                                                  187.9448   51.0992 14.0
 17.019 2561 Alaska-slab2-v3                                                                  187.9064   51.1856 14.9
 17.019 2562 Alaska-slab2-v3                                                                  187.8701   51.2717 16.3
 17.019 2563 Alaska-slab2-v3                                                                  187.8356   51.3569 18.5
 15.554 2564 Alaska-slab2-v3                                                                  187.7975   51.4407 21.1
 13.142 2565 Alaska-slab2-v3                                                                  187.7555   51.5233 23.8
 17.019 2573 Alaska-slab2-v3                                                                  187.6335   51.1444 15.0
 17.019 2574 Alaska-slab2-v3                                                                  187.5990   51.2306 16.6
 17.019 2575 Alaska-slab2-v3                                                                  187.5659   51.3157 18.9
 15.432 2576 Alaska-slab2-v3                                                                  187.5286   51.3996 21.5
 17.019 2585 Alaska-slab2-v3                                                                  187.3605   51.1042 14.9
 17.019 2586 Alaska-slab2-v3                                                                  187.3276   51.1904 16.6
 17.019 2587 Alaska-slab2-v3                                                                  187.2958   51.2756 19.0
 15.290 2588 Alaska-slab2-v3                                                                  187.2596   51.3594 21.7
 17.019 2597 Alaska-slab2-v3                                                                  187.0879   51.0642 14.8
 17.019 2598 Alaska-slab2-v3                                                                  187.0563   51.1506 16.5
 17.019 2599 Alaska-slab2-v3                                                                  187.0262   51.2361 18.9
 15.243 2600 Alaska-slab2-v3                                                                  186.9916   51.3201 21.5
 17.019 2609 Alaska-slab2-v3                                                                  186.8157   51.0243 14.5
 17.019 2610 Alaska-slab2-v3                                                                  186.7857   51.1111 16.2
 17.019 2611 Alaska-slab2-v3                                                                  186.7578   51.1974 18.3
 15.427 2612 Alaska-slab2-v3                                                                  186.7261   51.2821 20.8
 12.878 2613 Alaska-slab2-v3                                                                  186.6892   51.3653 23.7
 17.019 2621 Alaska-slab2-v3                                                                  186.5444   50.9853 14.0
 17.019 2622 Alaska-slab2-v3                                                                  186.5161   51.0725 15.6
 17.019 2623 Alaska-slab2-v3                                                                  186.4904   51.1595 17.5
 17.019 2624 Alaska-slab2-v3                                                                  186.4633   51.2456 19.7
 15.537 2625 Alaska-slab2-v3                                                                  186.4304   51.3299 22.3
 17.019 2635 Alaska-slab2-v3                                                                  186.2478   51.0353 15.0
 17.019 2636 Alaska-slab2-v3                                                                  186.2236   51.1228 16.6
 17.019 2637 Alaska-slab2-v3                                                                  186.2002   51.2099 18.6
 15.861 2638 Alaska-slab2-v3                                                                  186.1726   51.2958 20.9
 13.465 2639 Alaska-slab2-v3                                                                  186.1398   51.3799 23.6
 17.019 2648 Alaska-slab2-v3                                                                  185.9799   50.9999 14.2
 17.019 2649 Alaska-slab2-v3                                                                  185.9571   51.0878 15.7
 17.019 2650 Alaska-slab2-v3                                                                  185.9348   51.1752 17.6
 15.894 2651 Alaska-slab2-v3                                                                  185.9110   51.2620 19.7
 13.735 2652 Alaska-slab2-v3                                                                  185.8833   51.3478 22.0
 17.019 2662 Alaska-slab2-v3                                                                  185.6891   51.0545 14.9
 17.019 2663 Alaska-slab2-v3                                                                  185.6675   51.1422 16.7
 17.019 2664 Alaska-slab2-v3                                                                  185.6451   51.2292 18.7
 16.089 2665 Alaska-slab2-v3                                                                  185.6203   51.3157 20.9
 13.919 2666 Alaska-slab2-v3                                                                  185.5928   51.4011 23.5
 17.019 2676 Alaska-slab2-v3                                                                  185.4172   51.0229 14.4
 17.019 2677 Alaska-slab2-v3                                                                  185.3969   51.1109 16.0
 17.019 2678 Alaska-slab2-v3                                                                  185.3752   51.1980 18.0
 15.830 2679 Alaska-slab2-v3                                                                  185.3522   51.2847 20.2
 13.686 2680 Alaska-slab2-v3                                                                  185.3272   51.3708 22.6
 17.019 2690 Alaska-slab2-v3                                                                  185.1420   50.9925 14.2
 17.019 2691 Alaska-slab2-v3                                                                  185.1230   51.0809 15.6
 17.019 2692 Alaska-slab2-v3                                                                  185.1026   51.1684 17.5
 17.019 2693 Alaska-slab2-v3                                                                  185.0813   51.2553 19.7
 15.980 2694 Alaska-slab2-v3                                                                  185.0579   51.3416 22.1
 17.019 2705 Alaska-slab2-v3                                                                  184.8668   50.9635 14.4
 17.019 2706 Alaska-slab2-v3                                                                  184.8487   51.0521 15.7
 17.019 2707 Alaska-slab2-v3                                                                  184.8291   51.1401 17.3
 17.019 2708 Alaska-slab2-v3                                                                  184.8091   51.2274 19.3
 15.818 2709 Alaska-slab2-v3                                                                  184.7869   51.3139 21.7
 17.019 2720 Alaska-slab2-v3                                                                  184.5923   50.9359 14.6
 17.019 2721 Alaska-slab2-v3                                                                  184.5748   51.0247 15.8
 17.019 2722 Alaska-slab2-v3                                                                  184.5556   51.1130 17.3
 17.019 2723 Alaska-slab2-v3                                                                  184.5363   51.2007 19.1
 15.826 2724 Alaska-slab2-v3                                                                  184.5152   51.2874 21.4
 13.593 2725 Alaska-slab2-v3                                                                  184.4923   51.3732 24.0
 17.019 2735 Alaska-slab2-v3                                                                  184.3167   50.9099 14.7
 17.019 2736 Alaska-slab2-v3                                                                  184.2999   50.9987 15.9
 17.019 2737 Alaska-slab2-v3                                                                  184.2813   51.0871 17.3
 17.019 2738 Alaska-slab2-v3                                                                  184.2627   51.1751 19.0
 15.915 2739 Alaska-slab2-v3                                                                  184.2425   51.2621 21.2
 13.716 2740 Alaska-slab2-v3                                                                  184.2209   51.3481 23.8
 17.019 2750 Alaska-slab2-v3                                                                  184.0402   50.8858 14.6
 17.019 2751 Alaska-slab2-v3                                                                  184.0244   50.9747 15.9
 17.019 2752 Alaska-slab2-v3                                                                  184.0065   51.0631 17.3
 17.019 2753 Alaska-slab2-v3                                                                  183.9887   51.1511 19.1
 16.022 2754 Alaska-slab2-v3                                                                  183.9695   51.2384 21.1
 13.876 2755 Alaska-slab2-v3                                                                  183.9490   51.3246 23.7
 17.019 2765 Alaska-slab2-v3                                                                  183.7633   50.8640 14.5
 17.019 2766 Alaska-slab2-v3                                                                  183.7487   50.9529 15.8
 17.019 2767 Alaska-slab2-v3                                                                  183.7317   51.0412 17.4
 17.019 2768 Alaska-slab2-v3                                                                  183.7146   51.1291 19.2
 16.070 2769 Alaska-slab2-v3                                                                  183.6962   51.2164 21.3
 13.946 2770 Alaska-slab2-v3                                                                  183.6768   51.3027 23.8
 17.019 2780 Alaska-slab2-v3                                                                  183.4859   50.8448 14.3
 17.019 2781 Alaska-slab2-v3                                                                  183.4725   50.9336 15.6
 17.019 2782 Alaska-slab2-v3                                                                  183.4566   51.0218 17.4
 17.019 2783 Alaska-slab2-v3                                                                  183.4403   51.1095 19.4
 16.033 2784 Alaska-slab2-v3                                                                  183.4229   51.1966 21.6
 13.828 2795 Alaska-slab2-v3                                                                  183.2078   50.8284 14.2
 13.828 2796 Alaska-slab2-v3                                                                  183.1956   50.9172 15.6
 13.828 2797 Alaska-slab2-v3                                                                  183.1809   51.0053 17.4
 13.828 2798 Alaska-slab2-v3                                                                  183.1656   51.0928 19.6
 12.984 2799 Alaska-slab2-v3                                                                  183.1494   51.1796 22.0
 10.637 2810 Alaska-slab2-v3                                                                  182.9294   50.8151 14.2
 10.637 2811 Alaska-slab2-v3                                                                  182.9181   50.9039 15.6
 10.637 2812 Alaska-slab2-v3                                                                  182.9046   50.9921 17.5
 10.637 2813 Alaska-slab2-v3                                                                  182.8905   51.0794 19.7
  9.987 2814 Alaska-slab2-v3                                                                  182.8754   51.1660 22.2
  7.446 2825 Alaska-slab2-v3                                                                  182.6507   50.8052 14.2
  7.446 2826 Alaska-slab2-v3                                                                  182.6403   50.8941 15.6
  7.446 2827 Alaska-slab2-v3                                                                  182.6279   50.9823 17.4
  7.009 2828 Alaska-slab2-v3                                                                  182.6151   51.0698 19.7
  5.944 2829 Alaska-slab2-v3                                                                  182.6012   51.1562 22.3
  4.255 2839 Alaska-slab2-v3                                                                  182.3720   50.7989 14.1
  4.255 2840 Alaska-slab2-v3                                                                  182.3624   50.8878 15.6
  4.255 2841 Alaska-slab2-v3                                                                  182.3512   50.9762 17.4
  4.061 2842 Alaska-slab2-v3                                                                  182.3395   51.0636 19.7
  3.453 2843 Alaska-slab2-v3                                                                  182.3269   51.1500 22.4
  4.255 2853 Alaska-slab2-v3                                                                  182.0936   50.7965 14.0
  4.255 2854 Alaska-slab2-v3                                                                  182.0847   50.8853 15.6
  4.255 2855 Alaska-slab2-v3                                                                  182.0745   50.9736 17.5
  4.118 2856 Alaska-slab2-v3                                                                  182.0637   51.0610 19.7
  3.515 2857 Alaska-slab2-v3                                                                  182.0522   51.1474 22.5
  4.255 2868 Alaska-slab2-v3                                                                  181.8068   50.8865 15.6
  4.255 2869 Alaska-slab2-v3                                                                  181.7974   50.9745 17.6
  4.171 2870 Alaska-slab2-v3                                                                  181.7875   51.0618 20.0
  3.568 2871 Alaska-slab2-v3                                                                  181.7772   51.1481 22.8
  4.255 2882 Alaska-slab2-v3                                                                  181.5284   50.8914 15.7
  4.255 2883 Alaska-slab2-v3                                                                  181.5199   50.9791 17.9
  4.223 2884 Alaska-slab2-v3                                                                  181.5111   51.0661 20.4
  3.609 2885 Alaska-slab2-v3                                                                  181.5020   51.1520 23.4
  4.255 2895 Alaska-slab2-v3                                                                  181.2558   50.8118 14.1
  4.255 2896 Alaska-slab2-v3                                                                  181.2495   50.9001 16.0
  4.255 2897 Alaska-slab2-v3                                                                  181.2423   50.9875 18.4
  3.641 2898 Alaska-slab2-v3                                                                  181.2349   51.0739 21.1
  4.255 2908 Alaska-slab2-v3                                                                  180.9758   50.8239 14.5
  4.255 2909 Alaska-slab2-v3                                                                  180.9708   50.9120 16.5
  4.255 2910 Alaska-slab2-v3                                                                  180.9650   50.9992 19.0
  3.680 2911 Alaska-slab2-v3                                                                  180.9593   51.0852 21.9
  4.255 2921 Alaska-slab2-v3                                                                  180.6963   50.8386 15.0
  4.255 2922 Alaska-slab2-v3                                                                  180.6925   50.9266 17.1
  4.255 2923 Alaska-slab2-v3                                                                  180.6884   51.0136 19.7
  3.704 2924 Alaska-slab2-v3                                                                  180.6843   51.0991 22.8
  4.255 2934 Alaska-slab2-v3                                                                  180.4175   50.8551 15.4
  4.255 2935 Alaska-slab2-v3                                                                  180.4150   50.9429 17.7
  3.765 2936 Alaska-slab2-v3                                                                  180.4124   51.0295 20.4
  3.010 2937 Alaska-slab2-v3                                                                  180.4099   51.1147 23.6
  4.255 2946 Alaska-slab2-v3                                                                  180.1393   50.8723 15.8
  4.255 2947 Alaska-slab2-v3                                                                  180.1382   50.9596 18.2
  3.759 2948 Alaska-slab2-v3                                                                  180.1372   51.0460 21.1
  4.255 2957 Alaska-slab2-v3                                                                  179.8646   50.7983 14.0
  4.255 2958 Alaska-slab2-v3                                                                  179.8659   50.8866 16.0
  4.255 2959 Alaska-slab2-v3                                                                  179.8669   50.9737 18.5
  3.787 2960 Alaska-slab2-v3                                                                  179.8678   51.0595 21.6
  4.255 2969 Alaska-slab2-v3                                                                  179.5922   50.8098 14.2
  4.255 2970 Alaska-slab2-v3                                                                  179.5964   50.8983 16.1
  4.255 2971 Alaska-slab2-v3                                                                  179.6002   50.9854 18.6
  3.832 2972 Alaska-slab2-v3                                                                  179.6037   51.0706 21.8
  4.255 2981 Alaska-slab2-v3                                                                  179.3204   50.8244 14.3
  4.255 2982 Alaska-slab2-v3                                                                  179.3273   50.9128 16.2
  4.255 2983 Alaska-slab2-v3                                                                  179.3340   50.9997 18.7
  3.855 2984 Alaska-slab2-v3                                                                  179.3400   51.0846 22.0
  4.255 2993 Alaska-slab2-v3                                                                  179.0494   50.8442 14.4
  4.255 2994 Alaska-slab2-v3                                                                  179.0591   50.9323 16.4
  4.255 2995 Alaska-slab2-v3                                                                  179.0686   51.0190 19.0
  3.865 2996 Alaska-slab2-v3                                                                  179.0772   51.1038 22.3
  4.255 3005 Alaska-slab2-v3                                                                  178.7798   50.8697 14.5
  4.255 3006 Alaska-slab2-v3                                                                  178.7922   50.9575 16.5
  4.255 3007 Alaska-slab2-v3                                                                  178.8044   51.0439 19.3
  3.874 3008 Alaska-slab2-v3                                                                  178.8155   51.1285 22.6
  4.255 3017 Alaska-slab2-v3                                                                  178.5114   50.9004 14.6
  4.255 3018 Alaska-slab2-v3                                                                  178.5266   50.9878 16.7
  3.954 3019 Alaska-slab2-v3                                                                  178.5414   51.0738 19.5
  3.176 3020 Alaska-slab2-v3                                                                  178.5549   51.1583 22.9
  4.255 3028 Alaska-slab2-v3                                                                  178.2445   50.9354 14.6
  4.255 3029 Alaska-slab2-v3                                                                  178.2624   51.0224 16.9
  3.962 3030 Alaska-slab2-v3                                                                  178.2798   51.1081 19.7
  3.185 3031 Alaska-slab2-v3                                                                  178.2957   51.1922 23.1
  4.255 3039 Alaska-slab2-v3                                                                  177.9788   50.9738 14.6
  4.255 3040 Alaska-slab2-v3                                                                  177.9995   51.0605 16.9
  3.977 3041 Alaska-slab2-v3                                                                  178.0197   51.1457 19.8
  3.192 3042 Alaska-slab2-v3                                                                  178.0379   51.2295 23.2
  4.255 3050 Alaska-slab2-v3                                                                  177.7145   51.0150 14.5
  4.255 3051 Alaska-slab2-v3                                                                  177.7381   51.1013 16.8
  3.988 3052 Alaska-slab2-v3                                                                  177.7610   51.1862 19.8
  3.198 3053 Alaska-slab2-v3                                                                  177.7817   51.2696 23.2
  4.255 3061 Alaska-slab2-v3                                                                  177.4512   51.0587 14.4
  4.255 3062 Alaska-slab2-v3                                                                  177.4776   51.1447 16.7
  4.000 3063 Alaska-slab2-v3                                                                  177.5036   51.2292 19.6
  3.203 3064 Alaska-slab2-v3                                                                  177.5268   51.3124 23.1
  4.255 3072 Alaska-slab2-v3                                                                  177.1886   51.1048 14.2
  4.255 3073 Alaska-slab2-v3                                                                  177.2180   51.1905 16.5
  4.009 3074 Alaska-slab2-v3                                                                  177.2470   51.2746 19.4
  3.207 3075 Alaska-slab2-v3                                                                  177.2728   51.3575 22.9
  4.255 3083 Alaska-slab2-v3                                                                  176.9263   51.1531 14.0
  4.255 3084 Alaska-slab2-v3                                                                  176.9587   51.2385 16.3
  4.026 3085 Alaska-slab2-v3                                                                  176.9909   51.3222 19.2
  3.213 3086 Alaska-slab2-v3                                                                  177.0194   51.4047 22.7
  4.255 3095 Alaska-slab2-v3                                                                  176.6995   51.2885 16.1
  4.056 3096 Alaska-slab2-v3                                                                  176.7350   51.3718 19.0
  3.229 3097 Alaska-slab2-v3                                                                  176.7662   51.4537 22.5
  4.255 3107 Alaska-slab2-v3                                                                  176.4402   51.3404 16.1
  4.096 3108 Alaska-slab2-v3                                                                  176.4791   51.4232 18.9
  3.260 3109 Alaska-slab2-v3                                                                  176.5128   51.5045 22.5
  4.255 3117 Alaska-slab2-v3                                                                  176.1396   51.3098 14.1
  4.255 3118 Alaska-slab2-v3                                                                  176.1814   51.3939 16.2
  4.137 3119 Alaska-slab2-v3                                                                  176.2234   51.4761 19.0
  3.296 3120 Alaska-slab2-v3                                                                  176.2596   51.5568 22.7
  4.255 3128 Alaska-slab2-v3                                                                  175.8786   51.3654 14.2
  4.255 3129 Alaska-slab2-v3                                                                  175.9236   51.4487 16.4
  4.155 3130 Alaska-slab2-v3                                                                  175.9682   51.5303 19.3
  3.323 3131 Alaska-slab2-v3                                                                  176.0069   51.6103 22.9
  4.255 3139 Alaska-slab2-v3                                                                  175.6186   51.4223 14.4
  4.255 3140 Alaska-slab2-v3                                                                  175.6667   51.5047 16.6
  4.155 3141 Alaska-slab2-v3                                                                  175.7139   51.5855 19.6
  3.332 3142 Alaska-slab2-v3                                                                  175.7550   51.6650 23.3
  4.255 3150 Alaska-slab2-v3                                                                  175.3593   51.4807 14.5
  4.255 3151 Alaska-slab2-v3                                                                  175.4107   51.5619 16.9
  4.136 3152 Alaska-slab2-v3                                                                  175.4603   51.6419 19.9
  3.320 3153 Alaska-slab2-v3                                                                  175.5040   51.7208 23.7
  4.255 3161 Alaska-slab2-v3                                                                  175.1008   51.5404 14.6
  4.255 3162 Alaska-slab2-v3                                                                  175.1555   51.6206 17.1
  4.109 3163 Alaska-slab2-v3                                                                  175.2076   51.6996 20.2
  3.293 3164 Alaska-slab2-v3                                                                  175.2538   51.7779 24.0
  4.255 3172 Alaska-slab2-v3                                                                  174.8430   51.6015 14.6
  4.255 3173 Alaska-slab2-v3                                                                  174.9009   51.6807 17.2
  4.077 3174 Alaska-slab2-v3                                                                  174.9558   51.7588 20.4
  4.255 3183 Alaska-slab2-v3                                                                  174.5859   51.6641 14.7
  4.255 3184 Alaska-slab2-v3                                                                  174.6470   51.7425 17.3
  4.050 3185 Alaska-slab2-v3                                                                  174.7046   51.8197 20.5
  4.255 3194 Alaska-slab2-v3                                                                  174.3294   51.7283 14.8
  4.255 3195 Alaska-slab2-v3                                                                  174.3935   51.8060 17.2
  4.032 3196 Alaska-slab2-v3                                                                  174.4542   51.8825 20.4
  4.255 3205 Alaska-slab2-v3                                                                  174.0735   51.7944 14.7
  4.255 3206 Alaska-slab2-v3                                                                  174.1404   51.8715 17.1
  4.016 3207 Alaska-slab2-v3                                                                  174.2045   51.9474 20.1
  3.196 3208 Alaska-slab2-v3                                                                  174.2612   52.0234 23.8
  4.255 3216 Alaska-slab2-v3                                                                  173.8182   51.8628 14.6
  4.255 3217 Alaska-slab2-v3                                                                  173.8879   51.9393 16.8
  3.987 3218 Alaska-slab2-v3                                                                  173.9558   52.0146 19.7
  3.180 3219 Alaska-slab2-v3                                                                  174.0157   52.0903 23.2
  4.255 3227 Alaska-slab2-v3                                                                  173.5637   51.9338 14.5
  4.255 3228 Alaska-slab2-v3                                                                  173.6359   52.0098 16.6
  3.941 3229 Alaska-slab2-v3                                                                  173.7078   52.0843 19.3
  3.156 3230 Alaska-slab2-v3                                                                  173.7717   52.1595 22.6
  4.255 3238 Alaska-slab2-v3                                                                  173.3105   52.0077 14.3
  4.255 3239 Alaska-slab2-v3                                                                  173.3851   52.0831 16.3
  4.255 3240 Alaska-slab2-v3                                                                  173.4610   52.1566 18.8
  3.823 3241 Alaska-slab2-v3                                                                  173.5291   52.2312 21.9
  4.255 3250 Alaska-slab2-v3                                                                  173.0592   52.0848 14.1
  4.255 3251 Alaska-slab2-v3                                                                  173.1361   52.1596 15.9
  4.255 3252 Alaska-slab2-v3                                                                  173.2150   52.2323 18.4
  3.791 3253 Alaska-slab2-v3                                                                  173.2872   52.3060 21.3
  4.255 3263 Alaska-slab2-v3                                                                  172.8891   52.2394 15.6
  4.255 3264 Alaska-slab2-v3                                                                  172.9702   52.3115 17.9
  3.770 3265 Alaska-slab2-v3                                                                  173.0462   52.3842 20.8
  4.255 3275 Alaska-slab2-v3                                                                  172.6443   52.3229 15.2
  4.255 3276 Alaska-slab2-v3                                                                  172.7276   52.3943 17.5
  4.255 3277 Alaska-slab2-v3                                                                  172.8074   52.4658 20.3
  3.708 3278 Alaska-slab2-v3                                                                  172.8796   52.5389 23.5
  4.255 3288 Alaska-slab2-v3                                                                  172.4015   52.4097 14.9
  4.255 3289 Alaska-slab2-v3                                                                  172.4871   52.4803 17.1
  4.255 3290 Alaska-slab2-v3                                                                  172.5705   52.5506 19.8
  3.717 3291 Alaska-slab2-v3                                                                  172.6457   52.6227 23.0
  4.255 3301 Alaska-slab2-v3                                                                  172.1604   52.4993 14.6
  4.255 3302 Alaska-slab2-v3                                                                  172.2482   52.5693 16.7
  4.255 3303 Alaska-slab2-v3                                                                  172.3355   52.6382 19.3
  3.727 3304 Alaska-slab2-v3                                                                  172.4142   52.7091 22.4
  4.255 3314 Alaska-slab2-v3                                                                  171.9204   52.5913 14.4
  4.255 3315 Alaska-slab2-v3                                                                  172.0105   52.6608 16.3
  4.255 3316 Alaska-slab2-v3                                                                  172.1019   52.7283 18.7
  3.748 3317 Alaska-slab2-v3                                                                  172.1846   52.7979 21.7
  4.255 3327 Alaska-slab2-v3                                                                  171.6816   52.6852 14.1
  4.255 3328 Alaska-slab2-v3                                                                  171.7737   52.7542 15.9
  4.255 3329 Alaska-slab2-v3                                                                  171.8682   52.8209 18.0
  3.767 3330 Alaska-slab2-v3                                                                  171.9560   52.8890 20.8
  4.255 3341 Alaska-slab2-v3                                                                  171.5373   52.8490 15.5
  4.255 3342 Alaska-slab2-v3                                                                  171.6337   52.9153 17.5
  4.255 3343 Alaska-slab2-v3                                                                  171.7269   52.9819 20.0
  3.693 3344 Alaska-slab2-v3                                                                  171.8119   53.0507 23.0
