 25.908 1452 Alaska-slab2-v3                                                                  206.5623   55.4747  6.7
 25.908 1453 Alaska-slab2-v3                                                                  206.4544   55.5398  8.0
 25.908 1454 Alaska-slab2-v3                                                                  206.3461   55.6049  9.2
 25.908 1455 Alaska-slab2-v3                                                                  206.2403   55.6716 10.3
 25.908 1456 Alaska-slab2-v3                                                                  206.1377   55.7402 11.2
 25.908 1457 Alaska-slab2-v3                                                                  206.0354   55.8091 12.1
 25.908 1458 Alaska-slab2-v3                                                                  205.9326   55.8780 12.8
 25.908 1459 Alaska-slab2-v3                                                                  205.8296   55.9468 13.6
 24.989 1460 Alaska-slab2-v3                                                                  205.7260   56.0154 14.4
 23.243 1461 Alaska-slab2-v3                                                                  205.6208   56.0831 15.4
 21.238 1462 Alaska-slab2-v3                                                                  205.5137   56.1499 16.5
 18.973 1463 Alaska-slab2-v3                                                                  205.4060   56.2162 17.7
 16.467 1464 Alaska-slab2-v3                                                                  205.2980   56.2824 19.0
 25.908 1475 Alaska-slab2-v3                                                                  206.3037   55.3696  6.6
 25.908 1476 Alaska-slab2-v3                                                                  206.1998   55.4370  7.7
 25.908 1477 Alaska-slab2-v3                                                                  206.0955   55.5043  8.8
 25.908 1478 Alaska-slab2-v3                                                                  205.9916   55.5720  9.8
 25.908 1479 Alaska-slab2-v3                                                                  205.8897   55.6408 10.7
 25.908 1480 Alaska-slab2-v3                                                                  205.7890   55.7103 11.5
 25.908 1481 Alaska-slab2-v3                                                                  205.6879   55.7798 12.3
 25.908 1482 Alaska-slab2-v3                                                                  205.5864   55.8492 13.1
 25.908 1483 Alaska-slab2-v3                                                                  205.4847   55.9185 13.9
 25.908 1484 Alaska-slab2-v3                                                                  205.3819   55.9873 14.9
 24.089 1485 Alaska-slab2-v3                                                                  205.2773   56.0552 15.9
 22.018 1486 Alaska-slab2-v3                                                                  205.1714   56.1224 17.1
 19.668 1487 Alaska-slab2-v3                                                                  205.0654   56.1893 18.5
 17.040 1488 Alaska-slab2-v3                                                                  204.9581   56.2554 20.0
 25.908 1498 Alaska-slab2-v3                                                                  206.0464   55.2637  6.5
 25.908 1499 Alaska-slab2-v3                                                                  205.9463   55.3329  7.4
 25.908 1500 Alaska-slab2-v3                                                                  205.8458   55.4021  8.3
 25.908 1501 Alaska-slab2-v3                                                                  205.7450   55.4712  9.2
 25.908 1502 Alaska-slab2-v3                                                                  205.6444   55.5406 10.1
 25.908 1503 Alaska-slab2-v3                                                                  205.5441   55.6102 10.9
 25.908 1504 Alaska-slab2-v3                                                                  205.4433   55.6797 11.7
 25.908 1505 Alaska-slab2-v3                                                                  205.3421   55.7491 12.6
 25.908 1506 Alaska-slab2-v3                                                                  205.2407   55.8184 13.5
 25.908 1507 Alaska-slab2-v3                                                                  205.1389   55.8874 14.5
 24.658 1508 Alaska-slab2-v3                                                                  205.0361   55.9561 15.5
 22.544 1509 Alaska-slab2-v3                                                                  204.9326   56.0242 16.8
 20.167 1510 Alaska-slab2-v3                                                                  204.8290   56.0922 18.1
 17.476 1511 Alaska-slab2-v3                                                                  204.7246   56.1596 19.6
 25.908 1521 Alaska-slab2-v3                                                                  205.7905   55.1568  6.4
 25.908 1522 Alaska-slab2-v3                                                                  205.6936   55.2276  7.2
 25.908 1523 Alaska-slab2-v3                                                                  205.5963   55.2983  7.9
 25.908 1524 Alaska-slab2-v3                                                                  205.4988   55.3689  8.7
 25.908 1525 Alaska-slab2-v3                                                                  205.4008   55.4394  9.5
 25.908 1526 Alaska-slab2-v3                                                                  205.3016   55.5095 10.3
 25.908 1527 Alaska-slab2-v3                                                                  205.2007   55.5787 11.2
 25.908 1528 Alaska-slab2-v3                                                                  205.0989   55.6477 12.1
 25.908 1529 Alaska-slab2-v3                                                                  204.9969   55.7165 13.0
 25.908 1530 Alaska-slab2-v3                                                                  204.8945   55.7851 14.1
 25.289 1531 Alaska-slab2-v3                                                                  204.7926   55.8539 15.2
 23.042 1532 Alaska-slab2-v3                                                                  204.6915   55.9229 16.5
 20.534 1533 Alaska-slab2-v3                                                                  204.5907   55.9919 18.0
 17.800 1534 Alaska-slab2-v3                                                                  204.4894   56.0606 19.5
 25.908 1544 Alaska-slab2-v3                                                                  205.5445   55.0436  6.3
 25.908 1545 Alaska-slab2-v3                                                                  205.4491   55.1150  7.0
 25.908 1546 Alaska-slab2-v3                                                                  205.3538   55.1864  7.8
 25.908 1547 Alaska-slab2-v3                                                                  205.2584   55.2577  8.5
 25.908 1548 Alaska-slab2-v3                                                                  205.1624   55.3289  9.3
 25.908 1549 Alaska-slab2-v3                                                                  205.0641   55.3994 10.1
 25.908 1550 Alaska-slab2-v3                                                                  204.9633   55.4688 11.0
 25.908 1551 Alaska-slab2-v3                                                                  204.8619   55.5377 11.9
 25.908 1552 Alaska-slab2-v3                                                                  204.7602   55.6064 12.9
 25.908 1553 Alaska-slab2-v3                                                                  204.6582   55.6750 14.0
 25.218 1554 Alaska-slab2-v3                                                                  204.5570   55.7439 15.2
 22.965 1555 Alaska-slab2-v3                                                                  204.4571   55.8134 16.5
 20.503 1556 Alaska-slab2-v3                                                                  204.3577   55.8830 17.9
 17.831 1557 Alaska-slab2-v3                                                                  204.2578   55.9522 19.5
 25.908 1567 Alaska-slab2-v3                                                                  205.3062   54.9248  6.3
 25.908 1568 Alaska-slab2-v3                                                                  205.2114   54.9964  7.0
 25.908 1569 Alaska-slab2-v3                                                                  205.1163   55.0678  7.7
 25.908 1570 Alaska-slab2-v3                                                                  205.0209   55.1392  8.5
 25.908 1571 Alaska-slab2-v3                                                                  204.9251   55.2105  9.3
 25.908 1572 Alaska-slab2-v3                                                                  204.8280   55.2811 10.2
 25.908 1573 Alaska-slab2-v3                                                                  204.7290   55.3509 11.1
 25.908 1574 Alaska-slab2-v3                                                                  204.6291   55.4202 12.2
 25.908 1575 Alaska-slab2-v3                                                                  204.5289   55.4895 13.2
 25.908 1576 Alaska-slab2-v3                                                                  204.4284   55.5586 14.4
 24.451 1577 Alaska-slab2-v3                                                                  204.3282   55.6280 15.5
 22.368 1578 Alaska-slab2-v3                                                                  204.2284   55.6975 16.7
 20.126 1579 Alaska-slab2-v3                                                                  204.1285   55.7670 18.0
 17.619 1580 Alaska-slab2-v3                                                                  204.0284   55.8361 19.4
 25.908 1590 Alaska-slab2-v3                                                                  205.0642   54.8092  6.4
 25.908 1591 Alaska-slab2-v3                                                                  204.9702   54.8809  7.1
 25.908 1592 Alaska-slab2-v3                                                                  204.8759   54.9526  7.8
 25.908 1593 Alaska-slab2-v3                                                                  204.7814   55.0242  8.6
 25.908 1594 Alaska-slab2-v3                                                                  204.6865   55.0957  9.4
 25.908 1595 Alaska-slab2-v3                                                                  204.5900   55.1664 10.4
 25.908 1596 Alaska-slab2-v3                                                                  204.4918   55.2363 11.4
 25.908 1597 Alaska-slab2-v3                                                                  204.3930   55.3061 12.5
 25.908 1598 Alaska-slab2-v3                                                                  204.2939   55.3757 13.6
 25.819 1599 Alaska-slab2-v3                                                                  204.1944   55.4452 14.6
 23.901 1600 Alaska-slab2-v3                                                                  204.0949   55.5148 15.7
 21.983 1601 Alaska-slab2-v3                                                                  203.9952   55.5844 16.8
 19.888 1602 Alaska-slab2-v3                                                                  203.8953   55.6538 18.0
 17.508 1603 Alaska-slab2-v3                                                                  203.7952   55.7230 19.3
 25.908 1613 Alaska-slab2-v3                                                                  204.8147   54.6997  6.4
 25.908 1614 Alaska-slab2-v3                                                                  204.7219   54.7718  7.2
 25.908 1615 Alaska-slab2-v3                                                                  204.6288   54.8438  8.0
 25.908 1616 Alaska-slab2-v3                                                                  204.5354   54.9157  8.9
 25.908 1617 Alaska-slab2-v3                                                                  204.4412   54.9874  9.8
 25.908 1618 Alaska-slab2-v3                                                                  204.3449   55.0581 10.7
 25.908 1619 Alaska-slab2-v3                                                                  204.2470   55.1280 11.7
 25.908 1620 Alaska-slab2-v3                                                                  204.1487   55.1978 12.8
 25.908 1621 Alaska-slab2-v3                                                                  204.0501   55.2676 13.8
 25.527 1622 Alaska-slab2-v3                                                                  203.9512   55.3373 14.9
 23.740 1623 Alaska-slab2-v3                                                                  203.8522   55.4071 15.9
 21.918 1624 Alaska-slab2-v3                                                                  203.7530   55.4769 16.9
 19.919 1625 Alaska-slab2-v3                                                                  203.6535   55.5464 18.0
 17.620 1626 Alaska-slab2-v3                                                                  203.5539   55.6158 19.3
 25.908 1636 Alaska-slab2-v3                                                                  204.5543   54.5999  6.5
 25.908 1637 Alaska-slab2-v3                                                                  204.4627   54.6723  7.4
 25.908 1638 Alaska-slab2-v3                                                                  204.3707   54.7446  8.3
 25.908 1639 Alaska-slab2-v3                                                                  204.2784   54.8168  9.2
 25.908 1640 Alaska-slab2-v3                                                                  204.1843   54.8883 10.2
 25.908 1641 Alaska-slab2-v3                                                                  204.0877   54.9587 11.1
 25.908 1642 Alaska-slab2-v3                                                                  203.9900   55.0287 12.1
 25.908 1643 Alaska-slab2-v3                                                                  203.8920   55.0987 13.1
 25.908 1644 Alaska-slab2-v3                                                                  203.7936   55.1685 14.0
 25.708 1645 Alaska-slab2-v3                                                                  203.6951   55.2384 15.0
 24.003 1646 Alaska-slab2-v3                                                                  203.5966   55.3083 16.0
 22.211 1647 Alaska-slab2-v3                                                                  203.4980   55.3783 17.0
 20.246 1648 Alaska-slab2-v3                                                                  203.3992   55.4480 18.1
 17.985 1649 Alaska-slab2-v3                                                                  203.3003   55.5176 19.5
 21.050 1659 Alaska-slab2-v3                                                                  204.2824   54.5112  6.5
 21.050 1660 Alaska-slab2-v3                                                                  204.1912   54.5835  7.6
 21.050 1661 Alaska-slab2-v3                                                                  204.0996   54.6557  8.6
 21.050 1662 Alaska-slab2-v3                                                                  204.0074   54.7278  9.6
 21.050 1663 Alaska-slab2-v3                                                                  203.9128   54.7990 10.6
 21.050 1664 Alaska-slab2-v3                                                                  203.8162   54.8693 11.5
 21.050 1665 Alaska-slab2-v3                                                                  203.7191   54.9396 12.4
 21.050 1666 Alaska-slab2-v3                                                                  203.6216   55.0097 13.3
 20.795 1667 Alaska-slab2-v3                                                                  203.5239   55.0798 14.2
 19.388 1668 Alaska-slab2-v3                                                                  203.4259   55.1499 15.2
 17.921 1669 Alaska-slab2-v3                                                                  203.3280   55.2200 16.1
 16.304 1670 Alaska-slab2-v3                                                                  203.2299   55.2900 17.2
 14.507 1671 Alaska-slab2-v3                                                                  203.1316   55.3598 18.4
 12.441 1672 Alaska-slab2-v3                                                                  203.0333   55.4294 19.8
 16.192 1681 Alaska-slab2-v3                                                                  204.0016   54.4321  6.6
 16.192 1682 Alaska-slab2-v3                                                                  203.9099   54.5040  7.8
 16.192 1683 Alaska-slab2-v3                                                                  203.8178   54.5758  8.9
 16.192 1684 Alaska-slab2-v3                                                                  203.7246   54.6474 10.0
 16.192 1685 Alaska-slab2-v3                                                                  203.6297   54.7183 10.9
 16.192 1686 Alaska-slab2-v3                                                                  203.5336   54.7888 11.8
 16.192 1687 Alaska-slab2-v3                                                                  203.4371   54.8593 12.7
 16.192 1688 Alaska-slab2-v3                                                                  203.3403   54.9297 13.6
 16.192 1689 Alaska-slab2-v3                                                                  203.2432   55.0001 14.4
 15.541 1690 Alaska-slab2-v3                                                                  203.1459   55.0703 15.4
 14.382 1691 Alaska-slab2-v3                                                                  203.0485   55.1405 16.5
 13.081 1692 Alaska-slab2-v3                                                                  202.9509   55.2104 17.6
 11.604 1693 Alaska-slab2-v3                                                                  202.8532   55.2802 19.0
 11.335 1703 Alaska-slab2-v3                                                                  203.7153   54.3603  6.6
 11.335 1704 Alaska-slab2-v3                                                                  203.6229   54.4317  7.9
 11.335 1705 Alaska-slab2-v3                                                                  203.5301   54.5031  9.1
 11.335 1706 Alaska-slab2-v3                                                                  203.4363   54.5742 10.1
 11.335 1707 Alaska-slab2-v3                                                                  203.3410   54.6449 11.1
 11.335 1708 Alaska-slab2-v3                                                                  203.2450   54.7154 12.0
 11.335 1709 Alaska-slab2-v3                                                                  203.1487   54.7859 12.9
 11.335 1710 Alaska-slab2-v3                                                                  203.0520   54.8563 13.8
 11.111 1711 Alaska-slab2-v3                                                                  202.9552   54.9266 14.7
 10.279 1712 Alaska-slab2-v3                                                                  202.8585   54.9969 15.8
  9.322 1713 Alaska-slab2-v3                                                                  202.7619   55.0672 17.0
  8.223 1714 Alaska-slab2-v3                                                                  202.6652   55.1371 18.4
  6.477 1724 Alaska-slab2-v3                                                                  203.4260   54.2934  6.7
  6.477 1725 Alaska-slab2-v3                                                                  203.3330   54.3645  7.9
  6.477 1726 Alaska-slab2-v3                                                                  203.2397   54.4355  9.2
  6.477 1727 Alaska-slab2-v3                                                                  203.1452   54.5063 10.3
  6.477 1728 Alaska-slab2-v3                                                                  203.0494   54.5766 11.2
  6.477 1729 Alaska-slab2-v3                                                                  202.9530   54.6469 12.2
  6.477 1730 Alaska-slab2-v3                                                                  202.8563   54.7171 13.1
  6.477 1731 Alaska-slab2-v3                                                                  202.7593   54.7871 14.0
  6.062 1732 Alaska-slab2-v3                                                                  202.6628   54.8573 15.1
  5.484 1733 Alaska-slab2-v3                                                                  202.5671   54.9278 16.4
  4.814 1734 Alaska-slab2-v3                                                                  202.4718   54.9981 17.9
  4.040 1735 Alaska-slab2-v3                                                                  202.3770   55.0683 19.6
  6.477 1744 Alaska-slab2-v3                                                                  203.1346   54.2305  6.7
  6.477 1745 Alaska-slab2-v3                                                                  203.0409   54.3010  8.0
  6.477 1746 Alaska-slab2-v3                                                                  202.9467   54.3715  9.3
  6.477 1747 Alaska-slab2-v3                                                                  202.8513   54.4418 10.4
  6.477 1748 Alaska-slab2-v3                                                                  202.7548   54.5117 11.4
  6.477 1749 Alaska-slab2-v3                                                                  202.6578   54.5816 12.3
  6.477 1750 Alaska-slab2-v3                                                                  202.5605   54.6514 13.3
  6.285 1751 Alaska-slab2-v3                                                                  202.4631   54.7210 14.4
  5.688 1752 Alaska-slab2-v3                                                                  202.3673   54.7912 15.7
  4.984 1753 Alaska-slab2-v3                                                                  202.2731   54.8618 17.2
  4.170 1754 Alaska-slab2-v3                                                                  202.1793   54.9322 19.0
  6.477 1764 Alaska-slab2-v3                                                                  202.8416   54.1708  6.7
  6.477 1765 Alaska-slab2-v3                                                                  202.7468   54.2407  8.1
  6.477 1766 Alaska-slab2-v3                                                                  202.6515   54.3106  9.4
  6.477 1767 Alaska-slab2-v3                                                                  202.5552   54.3803 10.6
  6.477 1768 Alaska-slab2-v3                                                                  202.4578   54.4497 11.6
  6.477 1769 Alaska-slab2-v3                                                                  202.3600   54.5191 12.6
  6.477 1770 Alaska-slab2-v3                                                                  202.2619   54.5883 13.7
  6.470 1771 Alaska-slab2-v3                                                                  202.1648   54.6578 14.9
  5.831 1772 Alaska-slab2-v3                                                                  202.0702   54.7281 16.4
  5.082 1773 Alaska-slab2-v3                                                                  201.9771   54.7988 18.1
  6.477 1783 Alaska-slab2-v3                                                                  202.5474   54.1138  6.7
  6.477 1784 Alaska-slab2-v3                                                                  202.4519   54.1833  8.1
  6.477 1785 Alaska-slab2-v3                                                                  202.3560   54.2528  9.5
  6.477 1786 Alaska-slab2-v3                                                                  202.2587   54.3219 10.7
  6.477 1787 Alaska-slab2-v3                                                                  202.1601   54.3906 11.8
  6.477 1788 Alaska-slab2-v3                                                                  202.0612   54.4592 12.9
  6.477 1789 Alaska-slab2-v3                                                                  201.9621   54.5277 14.1
  5.873 1790 Alaska-slab2-v3                                                                  201.8657   54.5972 15.4
  5.148 1791 Alaska-slab2-v3                                                                  201.7729   54.6681 17.0
  4.313 1792 Alaska-slab2-v3                                                                  201.6810   54.7390 18.8
  6.477 1802 Alaska-slab2-v3                                                                  202.2527   54.0590  6.7
  6.477 1803 Alaska-slab2-v3                                                                  202.1571   54.1283  8.2
  6.477 1804 Alaska-slab2-v3                                                                  202.0608   54.1975  9.5
  6.477 1805 Alaska-slab2-v3                                                                  201.9626   54.2661 10.8
  6.477 1806 Alaska-slab2-v3                                                                  201.8628   54.3340 11.9
  6.477 1807 Alaska-slab2-v3                                                                  201.7627   54.4018 13.1
  6.477 1808 Alaska-slab2-v3                                                                  201.6629   54.4697 14.4
  5.834 1809 Alaska-slab2-v3                                                                  201.5675   54.5394 15.9
  5.086 1810 Alaska-slab2-v3                                                                  201.4763   54.6108 17.6
  4.243 1811 Alaska-slab2-v3                                                                  201.3857   54.6821 19.4
  6.477 1820 Alaska-slab2-v3                                                                  201.9577   54.0054  6.8
  6.477 1821 Alaska-slab2-v3                                                                  201.8617   54.0745  8.2
  6.477 1822 Alaska-slab2-v3                                                                  201.7650   54.1434  9.6
  6.477 1823 Alaska-slab2-v3                                                                  201.6662   54.2115 10.9
  6.477 1824 Alaska-slab2-v3                                                                  201.5657   54.2789 12.1
  6.477 1825 Alaska-slab2-v3                                                                  201.4649   54.3462 13.3
  6.477 1826 Alaska-slab2-v3                                                                  201.3653   54.4140 14.7
  5.832 1827 Alaska-slab2-v3                                                                  201.2708   54.4839 16.3
  5.046 1828 Alaska-slab2-v3                                                                  201.1799   54.5551 18.1
  6.477 1838 Alaska-slab2-v3                                                                  201.6623   53.9521  6.8
  6.477 1839 Alaska-slab2-v3                                                                  201.5647   54.0202  8.3
  6.477 1840 Alaska-slab2-v3                                                                  201.4665   54.0882  9.8
  6.477 1841 Alaska-slab2-v3                                                                  201.3671   54.1560 11.1
  6.477 1842 Alaska-slab2-v3                                                                  201.2668   54.2234 12.3
  6.477 1843 Alaska-slab2-v3                                                                  201.1661   54.2907 13.6
  6.008 1844 Alaska-slab2-v3                                                                  201.0678   54.3588 15.0
  5.204 1845 Alaska-slab2-v3                                                                  200.9742   54.4288 16.8
  4.284 1846 Alaska-slab2-v3                                                                  200.8834   54.4996 18.8
  6.477 1855 Alaska-slab2-v3                                                                  201.3664   53.8981  6.9
  6.477 1856 Alaska-slab2-v3                                                                  201.2655   53.9641  8.6
  6.477 1857 Alaska-slab2-v3                                                                  201.1650   54.0308 10.1
  6.477 1858 Alaska-slab2-v3                                                                  201.0653   54.0982 11.4
  6.477 1859 Alaska-slab2-v3                                                                  200.9656   54.1659 12.6
  6.477 1860 Alaska-slab2-v3                                                                  200.8656   54.2334 13.9
  6.073 1861 Alaska-slab2-v3                                                                  200.7693   54.3023 15.5
  5.239 1862 Alaska-slab2-v3                                                                  200.6776   54.3727 17.4
  4.290 1863 Alaska-slab2-v3                                                                  200.5882   54.4437 19.5
  6.477 1872 Alaska-slab2-v3                                                                  201.0706   53.8428  7.0
  6.477 1873 Alaska-slab2-v3                                                                  200.9652   53.9058  8.9
  6.477 1874 Alaska-slab2-v3                                                                  200.8627   53.9709 10.5
  6.477 1875 Alaska-slab2-v3                                                                  200.7636   54.0385 11.9
  6.477 1876 Alaska-slab2-v3                                                                  200.6643   54.1064 13.1
  6.155 1877 Alaska-slab2-v3                                                                  200.5657   54.1744 14.5
  5.381 1878 Alaska-slab2-v3                                                                  200.4721   54.2443 16.1
  4.460 1879 Alaska-slab2-v3                                                                  200.3827   54.3155 18.1
  6.477 1889 Alaska-slab2-v3                                                                  200.7756   53.7862  7.1
  6.477 1890 Alaska-slab2-v3                                                                  200.6664   53.8460  9.2
  6.477 1891 Alaska-slab2-v3                                                                  200.5628   53.9102 11.0
  6.477 1892 Alaska-slab2-v3                                                                  200.4644   53.9780 12.4
  6.477 1893 Alaska-slab2-v3                                                                  200.3654   54.0459 13.6
  6.042 1894 Alaska-slab2-v3                                                                  200.2691   54.1148 15.0
  5.260 1895 Alaska-slab2-v3                                                                  200.1786   54.1859 16.7
  4.349 1896 Alaska-slab2-v3                                                                  200.0912   54.2579 18.7
  6.477 1906 Alaska-slab2-v3                                                                  200.4822   53.7288  7.2
  6.477 1907 Alaska-slab2-v3                                                                  200.3709   53.7866  9.5
  6.477 1908 Alaska-slab2-v3                                                                  200.2675   53.8503 11.3
  6.477 1909 Alaska-slab2-v3                                                                  200.1695   53.9183 12.7
  6.477 1910 Alaska-slab2-v3                                                                  200.0710   53.9863 14.0
  5.914 1911 Alaska-slab2-v3                                                                  199.9770   54.0562 15.4
  5.127 1912 Alaska-slab2-v3                                                                  199.8893   54.1284 17.1
  4.220 1913 Alaska-slab2-v3                                                                  199.8037   54.2012 19.1
  6.477 1923 Alaska-slab2-v3                                                                  200.1907   53.6713  7.3
  6.477 1924 Alaska-slab2-v3                                                                  200.0792   53.7284  9.6
  6.477 1925 Alaska-slab2-v3                                                                  199.9768   53.7924 11.5
  6.477 1926 Alaska-slab2-v3                                                                  199.8801   53.8610 12.9
  6.477 1927 Alaska-slab2-v3                                                                  199.7829   53.9297 14.1
  5.833 1928 Alaska-slab2-v3                                                                  199.6905   54.0003 15.5
  5.038 1929 Alaska-slab2-v3                                                                  199.6045   54.0732 17.2
  4.128 1930 Alaska-slab2-v3                                                                  199.5203   54.1464 19.2
  6.477 1940 Alaska-slab2-v3                                                                  199.9012   53.6142  7.3
  6.477 1941 Alaska-slab2-v3                                                                  199.7909   53.6720  9.6
  6.477 1942 Alaska-slab2-v3                                                                  199.6904   53.7369 11.5
  6.477 1943 Alaska-slab2-v3                                                                  199.5958   53.8066 12.8
  6.461 1944 Alaska-slab2-v3                                                                  199.5008   53.8763 14.0
  5.825 1945 Alaska-slab2-v3                                                                  199.4096   53.9474 15.4
  5.028 1946 Alaska-slab2-v3                                                                  199.3242   54.0205 17.1
  4.105 1947 Alaska-slab2-v3                                                                  199.2407   54.0940 19.1
