 30.446 1453 Alaska-slab2-v3                                                                  206.4544   55.5398  8.0
 30.446 1454 Alaska-slab2-v3                                                                  206.3461   55.6049  9.2
 30.446 1455 Alaska-slab2-v3                                                                  206.2403   55.6716 10.3
 30.446 1456 Alaska-slab2-v3                                                                  206.1377   55.7402 11.2
 30.128 1457 Alaska-slab2-v3                                                                  206.0354   55.8091 12.1
 28.165 1458 Alaska-slab2-v3                                                                  205.9326   55.8780 12.8
 26.177 1459 Alaska-slab2-v3                                                                  205.8296   55.9468 13.6
 24.061 1460 Alaska-slab2-v3                                                                  205.7260   56.0154 14.4
 21.665 1461 Alaska-slab2-v3                                                                  205.6208   56.0831 15.4
 18.913 1462 Alaska-slab2-v3                                                                  205.5137   56.1499 16.5
 15.803 1463 Alaska-slab2-v3                                                                  205.4060   56.2162 17.7
 12.362 1464 Alaska-slab2-v3                                                                  205.2980   56.2824 19.0
 30.446 1477 Alaska-slab2-v3                                                                  206.0955   55.5043  8.8
 30.446 1478 Alaska-slab2-v3                                                                  205.9916   55.5720  9.8
 30.446 1479 Alaska-slab2-v3                                                                  205.8897   55.6408 10.7
 30.446 1480 Alaska-slab2-v3                                                                  205.7890   55.7103 11.5
 29.021 1481 Alaska-slab2-v3                                                                  205.6879   55.7798 12.3
 26.948 1482 Alaska-slab2-v3                                                                  205.5864   55.8492 13.1
 24.746 1483 Alaska-slab2-v3                                                                  205.4847   55.9185 13.9
 22.336 1484 Alaska-slab2-v3                                                                  205.3819   55.9873 14.9
 19.615 1485 Alaska-slab2-v3                                                                  205.2773   56.0552 15.9
 16.532 1486 Alaska-slab2-v3                                                                  205.1714   56.1224 17.1
 13.034 1487 Alaska-slab2-v3                                                                  205.0654   56.1893 18.5
  9.121 1488 Alaska-slab2-v3                                                                  204.9581   56.2554 20.0
 30.446 1500 Alaska-slab2-v3                                                                  205.8458   55.4021  8.3
 30.446 1501 Alaska-slab2-v3                                                                  205.7450   55.4712  9.2
 30.446 1502 Alaska-slab2-v3                                                                  205.6444   55.5406 10.1
 30.446 1503 Alaska-slab2-v3                                                                  205.5441   55.6102 10.9
 30.145 1504 Alaska-slab2-v3                                                                  205.4433   55.6797 11.7
 27.919 1505 Alaska-slab2-v3                                                                  205.3421   55.7491 12.6
 25.588 1506 Alaska-slab2-v3                                                                  205.2407   55.8184 13.5
 23.021 1507 Alaska-slab2-v3                                                                  205.1389   55.8874 14.5
 20.193 1508 Alaska-slab2-v3                                                                  205.0361   55.9561 15.5
 17.024 1509 Alaska-slab2-v3                                                                  204.9326   56.0242 16.8
 13.462 1510 Alaska-slab2-v3                                                                  204.8290   56.0922 18.1
  9.429 1511 Alaska-slab2-v3                                                                  204.7246   56.1596 19.6
 30.446 1524 Alaska-slab2-v3                                                                  205.4988   55.3689  8.7
 30.446 1525 Alaska-slab2-v3                                                                  205.4008   55.4394  9.5
 30.446 1526 Alaska-slab2-v3                                                                  205.3016   55.5095 10.3
 30.446 1527 Alaska-slab2-v3                                                                  205.2007   55.5787 11.2
 29.116 1528 Alaska-slab2-v3                                                                  205.0989   55.6477 12.1
 26.613 1529 Alaska-slab2-v3                                                                  204.9969   55.7165 13.0
 23.846 1530 Alaska-slab2-v3                                                                  204.8945   55.7851 14.1
 20.763 1531 Alaska-slab2-v3                                                                  204.7926   55.8539 15.2
 17.364 1532 Alaska-slab2-v3                                                                  204.6915   55.9229 16.5
 13.570 1533 Alaska-slab2-v3                                                                  204.5907   55.9919 18.0
  9.433 1534 Alaska-slab2-v3                                                                  204.4894   56.0606 19.5
 30.446 1547 Alaska-slab2-v3                                                                  205.2584   55.2577  8.5
 30.446 1548 Alaska-slab2-v3                                                                  205.1624   55.3289  9.3
 30.446 1549 Alaska-slab2-v3                                                                  205.0641   55.3994 10.1
 30.446 1550 Alaska-slab2-v3                                                                  204.9633   55.4688 11.0
 30.446 1551 Alaska-slab2-v3                                                                  204.8619   55.5377 11.9
 29.361 1552 Alaska-slab2-v3                                                                  204.7602   55.6064 12.9
 26.654 1553 Alaska-slab2-v3                                                                  204.6582   55.6750 14.0
 23.752 1554 Alaska-slab2-v3                                                                  204.5570   55.7439 15.2
 20.606 1555 Alaska-slab2-v3                                                                  204.4571   55.8134 16.5
 17.168 1556 Alaska-slab2-v3                                                                  204.3577   55.8830 17.9
 13.437 1557 Alaska-slab2-v3                                                                  204.2578   55.9522 19.5
 30.446 1570 Alaska-slab2-v3                                                                  205.0209   55.1392  8.5
 30.446 1571 Alaska-slab2-v3                                                                  204.9251   55.2105  9.3
 30.446 1572 Alaska-slab2-v3                                                                  204.8280   55.2811 10.2
 30.446 1573 Alaska-slab2-v3                                                                  204.7290   55.3509 11.1
 30.446 1574 Alaska-slab2-v3                                                                  204.6291   55.4202 12.2
 28.294 1575 Alaska-slab2-v3                                                                  204.5289   55.4895 13.2
 25.563 1576 Alaska-slab2-v3                                                                  204.4284   55.5586 14.4
 22.758 1577 Alaska-slab2-v3                                                                  204.3282   55.6280 15.5
 19.855 1578 Alaska-slab2-v3                                                                  204.2284   55.6975 16.7
 16.730 1579 Alaska-slab2-v3                                                                  204.1285   55.7670 18.0
 13.236 1580 Alaska-slab2-v3                                                                  204.0284   55.8361 19.4
 30.446 1593 Alaska-slab2-v3                                                                  204.7814   55.0242  8.6
 30.446 1594 Alaska-slab2-v3                                                                  204.6865   55.0957  9.4
 30.446 1595 Alaska-slab2-v3                                                                  204.5900   55.1664 10.4
 30.446 1596 Alaska-slab2-v3                                                                  204.4918   55.2363 11.4
 30.063 1597 Alaska-slab2-v3                                                                  204.3930   55.3061 12.5
 27.366 1598 Alaska-slab2-v3                                                                  204.2939   55.3757 13.6
 24.669 1599 Alaska-slab2-v3                                                                  204.1944   55.4452 14.6
 21.997 1600 Alaska-slab2-v3                                                                  204.0949   55.5148 15.7
 19.324 1601 Alaska-slab2-v3                                                                  203.9952   55.5844 16.8
 16.405 1602 Alaska-slab2-v3                                                                  203.8953   55.6538 18.0
 13.089 1603 Alaska-slab2-v3                                                                  203.7952   55.7230 19.3
 30.446 1615 Alaska-slab2-v3                                                                  204.6288   54.8438  8.0
 30.446 1616 Alaska-slab2-v3                                                                  204.5354   54.9157  8.9
 30.446 1617 Alaska-slab2-v3                                                                  204.4412   54.9874  9.8
 30.446 1618 Alaska-slab2-v3                                                                  204.3449   55.0581 10.7
 30.446 1619 Alaska-slab2-v3                                                                  204.2470   55.1280 11.7
 29.270 1620 Alaska-slab2-v3                                                                  204.1487   55.1978 12.8
 26.670 1621 Alaska-slab2-v3                                                                  204.0501   55.2676 13.8
 24.095 1622 Alaska-slab2-v3                                                                  203.9512   55.3373 14.9
 21.593 1623 Alaska-slab2-v3                                                                  203.8522   55.4071 15.9
 19.043 1624 Alaska-slab2-v3                                                                  203.7530   55.4769 16.9
 16.245 1625 Alaska-slab2-v3                                                                  203.6535   55.5464 18.0
 13.025 1626 Alaska-slab2-v3                                                                  203.5539   55.6158 19.3
 30.446 1638 Alaska-slab2-v3                                                                  204.3707   54.7446  8.3
 30.446 1639 Alaska-slab2-v3                                                                  204.2784   54.8168  9.2
 30.446 1640 Alaska-slab2-v3                                                                  204.1843   54.8883 10.2
 30.446 1641 Alaska-slab2-v3                                                                  204.0877   54.9587 11.1
 30.446 1642 Alaska-slab2-v3                                                                  203.9900   55.0287 12.1
 28.877 1643 Alaska-slab2-v3                                                                  203.8920   55.0987 13.1
 26.475 1644 Alaska-slab2-v3                                                                  203.7936   55.1685 14.0
 24.097 1645 Alaska-slab2-v3                                                                  203.6951   55.2384 15.0
 21.695 1646 Alaska-slab2-v3                                                                  203.5966   55.3083 16.0
 19.170 1647 Alaska-slab2-v3                                                                  203.4980   55.3783 17.0
 16.400 1648 Alaska-slab2-v3                                                                  203.3992   55.4480 18.1
 13.213 1649 Alaska-slab2-v3                                                                  203.3003   55.5176 19.5
 30.446 1661 Alaska-slab2-v3                                                                  204.0996   54.6557  8.6
 30.446 1662 Alaska-slab2-v3                                                                  204.0074   54.7278  9.6
 30.446 1663 Alaska-slab2-v3                                                                  203.9128   54.7990 10.6
 30.446 1664 Alaska-slab2-v3                                                                  203.8162   54.8693 11.5
 28.408 1665 Alaska-slab2-v3                                                                  203.7191   54.9396 12.4
 26.056 1666 Alaska-slab2-v3                                                                  203.6216   55.0097 13.3
 23.704 1667 Alaska-slab2-v3                                                                  203.5239   55.0798 14.2
 21.247 1668 Alaska-slab2-v3                                                                  203.4259   55.1499 15.2
 18.686 1669 Alaska-slab2-v3                                                                  203.3280   55.2200 16.1
 15.863 1670 Alaska-slab2-v3                                                                  203.2299   55.2900 17.2
 12.727 1671 Alaska-slab2-v3                                                                  203.1316   55.3598 18.4
  9.121 1672 Alaska-slab2-v3                                                                  203.0333   55.4294 19.8
 30.446 1683 Alaska-slab2-v3                                                                  203.8178   54.5758  8.9
 30.446 1684 Alaska-slab2-v3                                                                  203.7246   54.6474 10.0
 30.446 1685 Alaska-slab2-v3                                                                  203.6297   54.7183 10.9
 30.446 1686 Alaska-slab2-v3                                                                  203.5336   54.7888 11.8
 29.289 1687 Alaska-slab2-v3                                                                  203.4371   54.8593 12.7
 27.149 1688 Alaska-slab2-v3                                                                  203.3403   54.9297 13.6
 24.934 1689 Alaska-slab2-v3                                                                  203.2432   55.0001 14.4
 22.570 1690 Alaska-slab2-v3                                                                  203.1459   55.0703 15.4
 19.933 1691 Alaska-slab2-v3                                                                  203.0485   55.1405 16.5
 16.971 1692 Alaska-slab2-v3                                                                  202.9509   55.2104 17.6
 13.612 1693 Alaska-slab2-v3                                                                  202.8532   55.2802 19.0
 30.446 1705 Alaska-slab2-v3                                                                  203.5301   54.5031  9.1
 30.446 1706 Alaska-slab2-v3                                                                  203.4363   54.5742 10.1
 30.446 1707 Alaska-slab2-v3                                                                  203.3410   54.6449 11.1
 30.294 1708 Alaska-slab2-v3                                                                  203.2450   54.7154 12.0
 28.079 1709 Alaska-slab2-v3                                                                  203.1487   54.7859 12.9
 25.813 1710 Alaska-slab2-v3                                                                  203.0520   54.8563 13.8
 23.395 1711 Alaska-slab2-v3                                                                  202.9552   54.9266 14.7
 20.696 1712 Alaska-slab2-v3                                                                  202.8585   54.9969 15.8
 17.591 1713 Alaska-slab2-v3                                                                  202.7619   55.0672 17.0
 14.027 1714 Alaska-slab2-v3                                                                  202.6652   55.1371 18.4
 30.446 1726 Alaska-slab2-v3                                                                  203.2397   54.4355  9.2
 30.446 1727 Alaska-slab2-v3                                                                  203.1452   54.5063 10.3
 30.446 1728 Alaska-slab2-v3                                                                  203.0494   54.5766 11.2
 29.505 1729 Alaska-slab2-v3                                                                  202.9530   54.6469 12.2
 27.184 1730 Alaska-slab2-v3                                                                  202.8563   54.7171 13.1
 24.682 1731 Alaska-slab2-v3                                                                  202.7593   54.7871 14.0
 21.871 1732 Alaska-slab2-v3                                                                  202.6628   54.8573 15.1
 18.595 1733 Alaska-slab2-v3                                                                  202.5671   54.9278 16.4
 14.804 1734 Alaska-slab2-v3                                                                  202.4718   54.9981 17.9
 10.420 1735 Alaska-slab2-v3                                                                  202.3770   55.0683 19.6
 53.281 1745 Alaska-slab2-v3                                                                  203.0409   54.3010  8.0
 53.281 1746 Alaska-slab2-v3                                                                  202.9467   54.3715  9.3
 53.281 1747 Alaska-slab2-v3                                                                  202.8513   54.4418 10.4
 53.281 1748 Alaska-slab2-v3                                                                  202.7548   54.5117 11.4
 49.784 1749 Alaska-slab2-v3                                                                  202.6578   54.5816 12.3
 45.275 1750 Alaska-slab2-v3                                                                  202.5605   54.6514 13.3
 40.260 1751 Alaska-slab2-v3                                                                  202.4631   54.7210 14.4
 34.324 1752 Alaska-slab2-v3                                                                  202.3673   54.7912 15.7
 27.331 1753 Alaska-slab2-v3                                                                  202.2731   54.8618 17.2
 19.233 1754 Alaska-slab2-v3                                                                  202.1793   54.9322 19.0
 76.116 1765 Alaska-slab2-v3                                                                  202.7468   54.2407  8.1
 76.116 1766 Alaska-slab2-v3                                                                  202.6515   54.3106  9.4
 76.116 1767 Alaska-slab2-v3                                                                  202.5552   54.3803 10.6
 76.116 1768 Alaska-slab2-v3                                                                  202.4578   54.4497 11.6
 74.290 1769 Alaska-slab2-v3                                                                  202.3600   54.5191 12.6
 67.603 1770 Alaska-slab2-v3                                                                  202.2619   54.5883 13.7
 59.989 1771 Alaska-slab2-v3                                                                  202.1648   54.6578 14.9
 50.888 1772 Alaska-slab2-v3                                                                  202.0702   54.7281 16.4
 40.240 1773 Alaska-slab2-v3                                                                  201.9771   54.7988 18.1
 98.951 1784 Alaska-slab2-v3                                                                  202.4519   54.1833  8.1
 98.951 1785 Alaska-slab2-v3                                                                  202.3560   54.2528  9.5
 98.951 1786 Alaska-slab2-v3                                                                  202.2587   54.3219 10.7
 96.807 1787 Alaska-slab2-v3                                                                  202.1601   54.3906 11.8
 87.375 1788 Alaska-slab2-v3                                                                  202.0612   54.4592 12.9
 77.257 1789 Alaska-slab2-v3                                                                  201.9621   54.5277 14.1
 65.595 1790 Alaska-slab2-v3                                                                  201.8657   54.5972 15.4
 52.048 1791 Alaska-slab2-v3                                                                  201.7729   54.6681 17.0
 36.442 1792 Alaska-slab2-v3                                                                  201.6810   54.7390 18.8
121.785 1803 Alaska-slab2-v3                                                                  202.1571   54.1283  8.2
121.785 1804 Alaska-slab2-v3                                                                  202.0608   54.1975  9.5
121.785 1805 Alaska-slab2-v3                                                                  201.9626   54.2661 10.8
121.119 1806 Alaska-slab2-v3                                                                  201.8628   54.3340 11.9
108.925 1807 Alaska-slab2-v3                                                                  201.7627   54.4018 13.1
 95.809 1808 Alaska-slab2-v3                                                                  201.6629   54.4697 14.4
 80.746 1809 Alaska-slab2-v3                                                                  201.5675   54.5394 15.9
 63.634 1810 Alaska-slab2-v3                                                                  201.4763   54.6108 17.6
 44.369 1811 Alaska-slab2-v3                                                                  201.3857   54.6821 19.4
121.785 1821 Alaska-slab2-v3                                                                  201.8617   54.0745  8.2
121.785 1822 Alaska-slab2-v3                                                                  201.7650   54.1434  9.6
121.785 1823 Alaska-slab2-v3                                                                  201.6662   54.2115 10.9
121.785 1824 Alaska-slab2-v3                                                                  201.5657   54.2789 12.1
111.426 1825 Alaska-slab2-v3                                                                  201.4649   54.3462 13.3
 97.745 1826 Alaska-slab2-v3                                                                  201.3653   54.4140 14.7
 81.983 1827 Alaska-slab2-v3                                                                  201.2708   54.4839 16.3
 64.139 1828 Alaska-slab2-v3                                                                  201.1799   54.5551 18.1
121.785 1839 Alaska-slab2-v3                                                                  201.5647   54.0202  8.3
121.785 1840 Alaska-slab2-v3                                                                  201.4665   54.0882  9.8
121.785 1841 Alaska-slab2-v3                                                                  201.3671   54.1560 11.1
114.813 1842 Alaska-slab2-v3                                                                  201.2668   54.2234 12.3
101.392 1843 Alaska-slab2-v3                                                                  201.1661   54.2907 13.6
 85.978 1844 Alaska-slab2-v3                                                                  201.0678   54.3588 15.0
 67.734 1845 Alaska-slab2-v3                                                                  200.9742   54.4288 16.8
 46.869 1846 Alaska-slab2-v3                                                                  200.8834   54.4996 18.8
121.785 1856 Alaska-slab2-v3                                                                  201.2655   53.9641  8.6
121.785 1857 Alaska-slab2-v3                                                                  201.1650   54.0308 10.1
121.785 1858 Alaska-slab2-v3                                                                  201.0653   54.0982 11.4
116.709 1859 Alaska-slab2-v3                                                                  200.9656   54.1659 12.6
103.440 1860 Alaska-slab2-v3                                                                  200.8656   54.2334 13.9
 87.657 1861 Alaska-slab2-v3                                                                  200.7693   54.3023 15.5
 68.759 1862 Alaska-slab2-v3                                                                  200.6776   54.3727 17.4
 47.246 1863 Alaska-slab2-v3                                                                  200.5882   54.4437 19.5
121.785 1873 Alaska-slab2-v3                                                                  200.9652   53.9058  8.9
121.785 1874 Alaska-slab2-v3                                                                  200.8627   53.9709 10.5
115.755 1875 Alaska-slab2-v3                                                                  200.7636   54.0385 11.9
102.295 1876 Alaska-slab2-v3                                                                  200.6643   54.1064 13.1
 87.651 1877 Alaska-slab2-v3                                                                  200.5657   54.1744 14.5
 69.884 1878 Alaska-slab2-v3                                                                  200.4721   54.2443 16.1
 48.779 1879 Alaska-slab2-v3                                                                  200.3827   54.3155 18.1
121.785 1890 Alaska-slab2-v3                                                                  200.6664   53.8460  9.2
121.785 1891 Alaska-slab2-v3                                                                  200.5628   53.9102 11.0
113.582 1892 Alaska-slab2-v3                                                                  200.4644   53.9780 12.4
100.331 1893 Alaska-slab2-v3                                                                  200.3654   54.0459 13.6
 85.607 1894 Alaska-slab2-v3                                                                  200.2691   54.1148 15.0
 67.729 1895 Alaska-slab2-v3                                                                  200.1786   54.1859 16.7
 46.905 1896 Alaska-slab2-v3                                                                  200.0912   54.2579 18.7
121.785 1907 Alaska-slab2-v3                                                                  200.3709   53.7866  9.5
121.785 1908 Alaska-slab2-v3                                                                  200.2675   53.8503 11.3
111.442 1909 Alaska-slab2-v3                                                                  200.1695   53.9183 12.7
 98.343 1910 Alaska-slab2-v3                                                                  200.0710   53.9863 14.0
 83.685 1911 Alaska-slab2-v3                                                                  199.9770   54.0562 15.4
 65.805 1912 Alaska-slab2-v3                                                                  199.8893   54.1284 17.1
 45.221 1913 Alaska-slab2-v3                                                                  199.8037   54.2012 19.1
121.785 1924 Alaska-slab2-v3                                                                  200.0792   53.7284  9.6
121.785 1925 Alaska-slab2-v3                                                                  199.9768   53.7924 11.5
110.271 1926 Alaska-slab2-v3                                                                  199.8801   53.8610 12.9
 97.511 1927 Alaska-slab2-v3                                                                  199.7829   53.9297 14.1
 82.885 1928 Alaska-slab2-v3                                                                  199.6905   54.0003 15.5
 64.938 1929 Alaska-slab2-v3                                                                  199.6045   54.0732 17.2
 44.399 1930 Alaska-slab2-v3                                                                  199.5203   54.1464 19.2
121.785 1941 Alaska-slab2-v3                                                                  199.7909   53.6720  9.6
121.785 1942 Alaska-slab2-v3                                                                  199.6904   53.7369 11.5
109.946 1943 Alaska-slab2-v3                                                                  199.5958   53.8066 12.8
 97.533 1944 Alaska-slab2-v3                                                                  199.5008   53.8763 14.0
 83.242 1945 Alaska-slab2-v3                                                                  199.4096   53.9474 15.4
 65.300 1946 Alaska-slab2-v3                                                                  199.3242   54.0205 17.1
 44.542 1947 Alaska-slab2-v3                                                                  199.2407   54.0940 19.1
