  1.952 1453 Alaska-slab2-v3                                                                  206.4544   55.5398  8.0
  1.952 1454 Alaska-slab2-v3                                                                  206.3461   55.6049  9.2
  1.790 1455 Alaska-slab2-v3                                                                  206.2403   55.6716 10.3
  1.600 1456 Alaska-slab2-v3                                                                  206.1377   55.7402 11.2
  1.429 1457 Alaska-slab2-v3                                                                  206.0354   55.8091 12.1
  1.272 1458 Alaska-slab2-v3                                                                  205.9326   55.8780 12.8
  1.112 1459 Alaska-slab2-v3                                                                  205.8296   55.9468 13.6
  0.941 1460 Alaska-slab2-v3                                                                  205.7260   56.0154 14.4
  0.749 1461 Alaska-slab2-v3                                                                  205.6208   56.0831 15.4
  0.527 1462 Alaska-slab2-v3                                                                  205.5137   56.1499 16.5
  0.277 1463 Alaska-slab2-v3                                                                  205.4060   56.2162 17.7
  1.952 1477 Alaska-slab2-v3                                                                  206.0955   55.5043  8.8
  1.952 1478 Alaska-slab2-v3                                                                  205.9916   55.5720  9.8
  1.822 1479 Alaska-slab2-v3                                                                  205.8897   55.6408 10.7
  1.657 1480 Alaska-slab2-v3                                                                  205.7890   55.7103 11.5
  1.501 1481 Alaska-slab2-v3                                                                  205.6879   55.7798 12.3
  1.345 1482 Alaska-slab2-v3                                                                  205.5864   55.8492 13.1
  1.179 1483 Alaska-slab2-v3                                                                  205.4847   55.9185 13.9
  0.997 1484 Alaska-slab2-v3                                                                  205.3819   55.9873 14.9
  0.792 1485 Alaska-slab2-v3                                                                  205.2773   56.0552 15.9
  0.559 1486 Alaska-slab2-v3                                                                  205.1714   56.1224 17.1
  0.295 1487 Alaska-slab2-v3                                                                  205.0654   56.1893 18.5
  1.952 1500 Alaska-slab2-v3                                                                  205.8458   55.4021  8.3
  1.952 1501 Alaska-slab2-v3                                                                  205.7450   55.4712  9.2
  1.900 1502 Alaska-slab2-v3                                                                  205.6444   55.5406 10.1
  1.735 1503 Alaska-slab2-v3                                                                  205.5441   55.6102 10.9
  1.572 1504 Alaska-slab2-v3                                                                  205.4433   55.6797 11.7
  1.403 1505 Alaska-slab2-v3                                                                  205.3421   55.7491 12.6
  1.226 1506 Alaska-slab2-v3                                                                  205.2407   55.8184 13.5
  1.031 1507 Alaska-slab2-v3                                                                  205.1389   55.8874 14.5
  0.817 1508 Alaska-slab2-v3                                                                  205.0361   55.9561 15.5
  0.576 1509 Alaska-slab2-v3                                                                  204.9326   56.0242 16.8
  0.306 1510 Alaska-slab2-v3                                                                  204.8290   56.0922 18.1
  1.952 1524 Alaska-slab2-v3                                                                  205.4988   55.3689  8.7
  1.952 1525 Alaska-slab2-v3                                                                  205.4008   55.4394  9.5
  1.837 1526 Alaska-slab2-v3                                                                  205.3016   55.5095 10.3
  1.672 1527 Alaska-slab2-v3                                                                  205.2007   55.5787 11.2
  1.494 1528 Alaska-slab2-v3                                                                  205.0989   55.6477 12.1
  1.304 1529 Alaska-slab2-v3                                                                  204.9969   55.7165 13.0
  1.094 1530 Alaska-slab2-v3                                                                  204.8945   55.7851 14.1
  0.860 1531 Alaska-slab2-v3                                                                  204.7926   55.8539 15.2
  0.602 1532 Alaska-slab2-v3                                                                  204.6915   55.9229 16.5
  0.314 1533 Alaska-slab2-v3                                                                  204.5907   55.9919 18.0
  1.952 1547 Alaska-slab2-v3                                                                  205.2584   55.2577  8.5
  1.952 1548 Alaska-slab2-v3                                                                  205.1624   55.3289  9.3
  1.882 1549 Alaska-slab2-v3                                                                  205.0641   55.3994 10.1
  1.706 1550 Alaska-slab2-v3                                                                  204.9633   55.4688 11.0
  1.515 1551 Alaska-slab2-v3                                                                  204.8619   55.5377 11.9
  1.310 1552 Alaska-slab2-v3                                                                  204.7602   55.6064 12.9
  1.088 1553 Alaska-slab2-v3                                                                  204.6582   55.6750 14.0
  0.849 1554 Alaska-slab2-v3                                                                  204.5570   55.7439 15.2
  0.590 1555 Alaska-slab2-v3                                                                  204.4571   55.8134 16.5
  0.307 1556 Alaska-slab2-v3                                                                  204.3577   55.8830 17.9
  3.417 1570 Alaska-slab2-v3                                                                  205.0209   55.1392  8.5
  3.417 1571 Alaska-slab2-v3                                                                  204.9251   55.2105  9.3
  3.242 1572 Alaska-slab2-v3                                                                  204.8280   55.2811 10.2
  2.903 1573 Alaska-slab2-v3                                                                  204.7290   55.3509 11.1
  2.540 1574 Alaska-slab2-v3                                                                  204.6291   55.4202 12.2
  2.159 1575 Alaska-slab2-v3                                                                  204.5289   55.4895 13.2
  1.767 1576 Alaska-slab2-v3                                                                  204.4284   55.5586 14.4
  1.365 1577 Alaska-slab2-v3                                                                  204.3282   55.6280 15.5
  0.949 1578 Alaska-slab2-v3                                                                  204.2284   55.6975 16.7
  0.501 1579 Alaska-slab2-v3                                                                  204.1285   55.7670 18.0
  4.881 1593 Alaska-slab2-v3                                                                  204.7814   55.0242  8.6
  4.881 1594 Alaska-slab2-v3                                                                  204.6865   55.0957  9.4
  4.517 1595 Alaska-slab2-v3                                                                  204.5900   55.1664 10.4
  4.007 1596 Alaska-slab2-v3                                                                  204.4918   55.2363 11.4
  3.466 1597 Alaska-slab2-v3                                                                  204.3930   55.3061 12.5
  2.916 1598 Alaska-slab2-v3                                                                  204.2939   55.3757 13.6
  2.365 1599 Alaska-slab2-v3                                                                  204.1944   55.4452 14.6
  1.819 1600 Alaska-slab2-v3                                                                  204.0949   55.5148 15.7
  1.273 1601 Alaska-slab2-v3                                                                  203.9952   55.5844 16.8
  0.677 1602 Alaska-slab2-v3                                                                  203.8953   55.6538 18.0
  6.345 1615 Alaska-slab2-v3                                                                  204.6288   54.8438  8.0
  6.345 1616 Alaska-slab2-v3                                                                  204.5354   54.9157  8.9
  6.290 1617 Alaska-slab2-v3                                                                  204.4412   54.9874  9.8
  5.659 1618 Alaska-slab2-v3                                                                  204.3449   55.0581 10.7
  4.996 1619 Alaska-slab2-v3                                                                  204.2470   55.1280 11.7
  4.307 1620 Alaska-slab2-v3                                                                  204.1487   55.1978 12.8
  3.618 1621 Alaska-slab2-v3                                                                  204.0501   55.2676 13.8
  2.935 1622 Alaska-slab2-v3                                                                  203.9512   55.3373 14.9
  2.272 1623 Alaska-slab2-v3                                                                  203.8522   55.4071 15.9
  1.595 1624 Alaska-slab2-v3                                                                  203.7530   55.4769 16.9
  0.854 1625 Alaska-slab2-v3                                                                  203.6535   55.5464 18.0
  7.810 1638 Alaska-slab2-v3                                                                  204.3707   54.7446  8.3
  7.810 1639 Alaska-slab2-v3                                                                  204.2784   54.8168  9.2
  7.452 1640 Alaska-slab2-v3                                                                  204.1843   54.8883 10.2
  6.690 1641 Alaska-slab2-v3                                                                  204.0877   54.9587 11.1
  5.911 1642 Alaska-slab2-v3                                                                  203.9900   55.0287 12.1
  5.132 1643 Alaska-slab2-v3                                                                  203.8920   55.0987 13.1
  4.345 1644 Alaska-slab2-v3                                                                  203.7936   55.1685 14.0
  3.566 1645 Alaska-slab2-v3                                                                  203.6951   55.2384 15.0
  2.779 1646 Alaska-slab2-v3                                                                  203.5966   55.3083 16.0
  1.951 1647 Alaska-slab2-v3                                                                  203.4980   55.3783 17.0
  1.044 1648 Alaska-slab2-v3                                                                  203.3992   55.4480 18.1
  7.810 1661 Alaska-slab2-v3                                                                  204.0996   54.6557  8.6
  7.810 1662 Alaska-slab2-v3                                                                  204.0074   54.7278  9.6
  7.262 1663 Alaska-slab2-v3                                                                  203.9128   54.7990 10.6
  6.529 1664 Alaska-slab2-v3                                                                  203.8162   54.8693 11.5
  5.819 1665 Alaska-slab2-v3                                                                  203.7191   54.9396 12.4
  5.109 1666 Alaska-slab2-v3                                                                  203.6216   55.0097 13.3
  4.400 1667 Alaska-slab2-v3                                                                  203.5239   55.0798 14.2
  3.659 1668 Alaska-slab2-v3                                                                  203.4259   55.1499 15.2
  2.886 1669 Alaska-slab2-v3                                                                  203.3280   55.2200 16.1
  2.034 1670 Alaska-slab2-v3                                                                  203.2299   55.2900 17.2
  1.088 1671 Alaska-slab2-v3                                                                  203.1316   55.3598 18.4
  7.810 1683 Alaska-slab2-v3                                                                  203.8178   54.5758  8.9
  7.423 1684 Alaska-slab2-v3                                                                  203.7246   54.6474 10.0
  6.626 1685 Alaska-slab2-v3                                                                  203.6297   54.7183 10.9
  5.894 1686 Alaska-slab2-v3                                                                  203.5336   54.7888 11.8
  5.179 1687 Alaska-slab2-v3                                                                  203.4371   54.8593 12.7
  4.472 1688 Alaska-slab2-v3                                                                  203.3403   54.9297 13.6
  3.741 1689 Alaska-slab2-v3                                                                  203.2432   55.0001 14.4
  2.960 1690 Alaska-slab2-v3                                                                  203.1459   55.0703 15.4
  2.088 1691 Alaska-slab2-v3                                                                  203.0485   55.1405 16.5
  1.110 1692 Alaska-slab2-v3                                                                  202.9509   55.2104 17.6
  7.810 1705 Alaska-slab2-v3                                                                  203.5301   54.5031  9.1
  7.008 1706 Alaska-slab2-v3                                                                  203.4363   54.5742 10.1
  6.177 1707 Alaska-slab2-v3                                                                  203.3410   54.6449 11.1
  5.421 1708 Alaska-slab2-v3                                                                  203.2450   54.7154 12.0
  4.683 1709 Alaska-slab2-v3                                                                  203.1487   54.7859 12.9
  3.928 1710 Alaska-slab2-v3                                                                  203.0520   54.8563 13.8
  3.122 1711 Alaska-slab2-v3                                                                  202.9552   54.9266 14.7
  2.223 1712 Alaska-slab2-v3                                                                  202.8585   54.9969 15.8
  1.188 1713 Alaska-slab2-v3                                                                  202.7619   55.0672 17.0
  7.810 1726 Alaska-slab2-v3                                                                  203.2397   54.4355  9.2
  7.423 1727 Alaska-slab2-v3                                                                  203.1452   54.5063 10.3
  6.641 1728 Alaska-slab2-v3                                                                  203.0494   54.5766 11.2
  5.906 1729 Alaska-slab2-v3                                                                  202.9530   54.6469 12.2
  5.188 1730 Alaska-slab2-v3                                                                  202.8563   54.7171 13.1
  4.414 1731 Alaska-slab2-v3                                                                  202.7593   54.7871 14.0
  3.544 1732 Alaska-slab2-v3                                                                  202.6628   54.8573 15.1
  2.530 1733 Alaska-slab2-v3                                                                  202.5671   54.9278 16.4
  1.357 1734 Alaska-slab2-v3                                                                  202.4718   54.9981 17.9
  7.810 1745 Alaska-slab2-v3                                                                  203.0409   54.3010  8.0
  7.810 1746 Alaska-slab2-v3                                                                  202.9467   54.3715  9.3
  7.061 1747 Alaska-slab2-v3                                                                  202.8513   54.4418 10.4
  6.238 1748 Alaska-slab2-v3                                                                  202.7548   54.5117 11.4
  5.464 1749 Alaska-slab2-v3                                                                  202.6578   54.5816 12.3
  4.658 1750 Alaska-slab2-v3                                                                  202.5605   54.6514 13.3
  3.761 1751 Alaska-slab2-v3                                                                  202.4631   54.7210 14.4
  2.699 1752 Alaska-slab2-v3                                                                  202.3673   54.7912 15.7
  1.448 1753 Alaska-slab2-v3                                                                  202.2731   54.8618 17.2
  7.810 1765 Alaska-slab2-v3                                                                  202.7468   54.2407  8.1
  7.503 1766 Alaska-slab2-v3                                                                  202.6515   54.3106  9.4
  6.510 1767 Alaska-slab2-v3                                                                  202.5552   54.3803 10.6
  5.612 1768 Alaska-slab2-v3                                                                  202.4578   54.4497 11.6
  4.749 1769 Alaska-slab2-v3                                                                  202.3600   54.5191 12.6
  3.816 1770 Alaska-slab2-v3                                                                  202.2619   54.5883 13.7
  2.754 1771 Alaska-slab2-v3                                                                  202.1648   54.6578 14.9
  1.485 1772 Alaska-slab2-v3                                                                  202.0702   54.7281 16.4
  7.810 1784 Alaska-slab2-v3                                                                  202.4519   54.1833  8.1
  7.756 1785 Alaska-slab2-v3                                                                  202.3560   54.2528  9.5
  6.752 1786 Alaska-slab2-v3                                                                  202.2587   54.3219 10.7
  5.840 1787 Alaska-slab2-v3                                                                  202.1601   54.3906 11.8
  4.927 1788 Alaska-slab2-v3                                                                  202.0612   54.4592 12.9
  3.948 1789 Alaska-slab2-v3                                                                  201.9621   54.5277 14.1
  2.820 1790 Alaska-slab2-v3                                                                  201.8657   54.5972 15.4
  1.510 1791 Alaska-slab2-v3                                                                  201.7729   54.6681 17.0
  7.810 1803 Alaska-slab2-v3                                                                  202.1571   54.1283  8.2
  7.810 1804 Alaska-slab2-v3                                                                  202.0608   54.1975  9.5
  6.958 1805 Alaska-slab2-v3                                                                  201.9626   54.2661 10.8
  6.018 1806 Alaska-slab2-v3                                                                  201.8628   54.3340 11.9
  5.062 1807 Alaska-slab2-v3                                                                  201.7627   54.4018 13.1
  4.033 1808 Alaska-slab2-v3                                                                  201.6629   54.4697 14.4
  2.852 1809 Alaska-slab2-v3                                                                  201.5675   54.5394 15.9
  1.511 1810 Alaska-slab2-v3                                                                  201.4763   54.6108 17.6
  6.345 1821 Alaska-slab2-v3                                                                  201.8617   54.0745  8.2
  5.967 1822 Alaska-slab2-v3                                                                  201.7650   54.1434  9.6
  5.069 1823 Alaska-slab2-v3                                                                  201.6662   54.2115 10.9
  4.214 1824 Alaska-slab2-v3                                                                  201.5657   54.2789 12.1
  3.345 1825 Alaska-slab2-v3                                                                  201.4649   54.3462 13.3
  2.377 1826 Alaska-slab2-v3                                                                  201.3653   54.4140 14.7
  1.262 1827 Alaska-slab2-v3                                                                  201.2708   54.4839 16.3
  4.881 1839 Alaska-slab2-v3                                                                  201.5647   54.0202  8.3
  4.683 1840 Alaska-slab2-v3                                                                  201.4665   54.0882  9.8
  4.012 1841 Alaska-slab2-v3                                                                  201.3671   54.1560 11.1
  3.372 1842 Alaska-slab2-v3                                                                  201.2668   54.2234 12.3
  2.706 1843 Alaska-slab2-v3                                                                  201.1661   54.2907 13.6
  1.941 1844 Alaska-slab2-v3                                                                  201.0678   54.3588 15.0
  1.036 1845 Alaska-slab2-v3                                                                  200.9742   54.4288 16.8
  3.417 1856 Alaska-slab2-v3                                                                  201.2655   53.9641  8.6
  3.307 1857 Alaska-slab2-v3                                                                  201.1650   54.0308 10.1
  2.848 1858 Alaska-slab2-v3                                                                  201.0653   54.0982 11.4
  2.418 1859 Alaska-slab2-v3                                                                  200.9656   54.1659 12.6
  1.956 1860 Alaska-slab2-v3                                                                  200.8656   54.2334 13.9
  1.407 1861 Alaska-slab2-v3                                                                  200.7693   54.3023 15.5
  0.749 1862 Alaska-slab2-v3                                                                  200.6776   54.3727 17.4
  1.952 1873 Alaska-slab2-v3                                                                  200.9652   53.9058  8.9
  1.634 1874 Alaska-slab2-v3                                                                  200.8627   53.9709 10.5
  1.343 1875 Alaska-slab2-v3                                                                  200.7636   54.0385 11.9
  1.073 1876 Alaska-slab2-v3                                                                  200.6643   54.1064 13.1
  0.779 1877 Alaska-slab2-v3                                                                  200.5657   54.1744 14.5
  0.423 1878 Alaska-slab2-v3                                                                  200.4721   54.2443 16.1
  1.952 1890 Alaska-slab2-v3                                                                  200.6664   53.8460  9.2
  1.614 1891 Alaska-slab2-v3                                                                  200.5628   53.9102 11.0
  1.324 1892 Alaska-slab2-v3                                                                  200.4644   53.9780 12.4
  1.061 1893 Alaska-slab2-v3                                                                  200.3654   54.0459 13.6
  0.768 1894 Alaska-slab2-v3                                                                  200.2691   54.1148 15.0
  0.413 1895 Alaska-slab2-v3                                                                  200.1786   54.1859 16.7
  1.952 1907 Alaska-slab2-v3                                                                  200.3709   53.7866  9.5
  1.590 1908 Alaska-slab2-v3                                                                  200.2675   53.8503 11.3
  1.304 1909 Alaska-slab2-v3                                                                  200.1695   53.9183 12.7
  1.046 1910 Alaska-slab2-v3                                                                  200.0710   53.9863 14.0
  0.757 1911 Alaska-slab2-v3                                                                  199.9770   54.0562 15.4
  0.405 1912 Alaska-slab2-v3                                                                  199.8893   54.1284 17.1
  1.944 1924 Alaska-slab2-v3                                                                  200.0792   53.7284  9.6
  1.572 1925 Alaska-slab2-v3                                                                  199.9768   53.7924 11.5
  1.291 1926 Alaska-slab2-v3                                                                  199.8801   53.8610 12.9
  1.041 1927 Alaska-slab2-v3                                                                  199.7829   53.9297 14.1
  0.755 1928 Alaska-slab2-v3                                                                  199.6905   54.0003 15.5
  0.403 1929 Alaska-slab2-v3                                                                  199.6045   54.0732 17.2
  1.930 1941 Alaska-slab2-v3                                                                  199.7909   53.6720  9.6
  1.557 1942 Alaska-slab2-v3                                                                  199.6904   53.7369 11.5
  1.283 1943 Alaska-slab2-v3                                                                  199.5958   53.8066 12.8
  1.040 1944 Alaska-slab2-v3                                                                  199.5008   53.8763 14.0
  0.759 1945 Alaska-slab2-v3                                                                  199.4096   53.9474 15.4
  0.407 1946 Alaska-slab2-v3                                                                  199.3242   54.0205 17.1
