 53.282 1453 Alaska-slab2-v3                                                                  206.4544   55.5398  8.0
 53.282 1454 Alaska-slab2-v3                                                                  206.3461   55.6049  9.2
 53.282 1455 Alaska-slab2-v3                                                                  206.2403   55.6716 10.3
 53.282 1456 Alaska-slab2-v3                                                                  206.1377   55.7402 11.2
 53.282 1457 Alaska-slab2-v3                                                                  206.0354   55.8091 12.1
 53.282 1458 Alaska-slab2-v3                                                                  205.9326   55.8780 12.8
 53.282 1459 Alaska-slab2-v3                                                                  205.8296   55.9468 13.6
 51.392 1460 Alaska-slab2-v3                                                                  205.7260   56.0154 14.4
 47.803 1461 Alaska-slab2-v3                                                                  205.6208   56.0831 15.4
 43.680 1462 Alaska-slab2-v3                                                                  205.5137   56.1499 16.5
 39.021 1463 Alaska-slab2-v3                                                                  205.4060   56.2162 17.7
 33.867 1464 Alaska-slab2-v3                                                                  205.2980   56.2824 19.0
 53.282 1477 Alaska-slab2-v3                                                                  206.0955   55.5043  8.8
 53.282 1478 Alaska-slab2-v3                                                                  205.9916   55.5720  9.8
 53.282 1479 Alaska-slab2-v3                                                                  205.8897   55.6408 10.7
 53.282 1480 Alaska-slab2-v3                                                                  205.7890   55.7103 11.5
 53.282 1481 Alaska-slab2-v3                                                                  205.6879   55.7798 12.3
 53.282 1482 Alaska-slab2-v3                                                                  205.5864   55.8492 13.1
 53.282 1483 Alaska-slab2-v3                                                                  205.4847   55.9185 13.9
 53.282 1484 Alaska-slab2-v3                                                                  205.3819   55.9873 14.9
 49.542 1485 Alaska-slab2-v3                                                                  205.2773   56.0552 15.9
 45.282 1486 Alaska-slab2-v3                                                                  205.1714   56.1224 17.1
 40.449 1487 Alaska-slab2-v3                                                                  205.0654   56.1893 18.5
 35.044 1488 Alaska-slab2-v3                                                                  204.9581   56.2554 20.0
 53.282 1500 Alaska-slab2-v3                                                                  205.8458   55.4021  8.3
 53.282 1501 Alaska-slab2-v3                                                                  205.7450   55.4712  9.2
 53.282 1502 Alaska-slab2-v3                                                                  205.6444   55.5406 10.1
 53.282 1503 Alaska-slab2-v3                                                                  205.5441   55.6102 10.9
 53.282 1504 Alaska-slab2-v3                                                                  205.4433   55.6797 11.7
 53.282 1505 Alaska-slab2-v3                                                                  205.3421   55.7491 12.6
 53.282 1506 Alaska-slab2-v3                                                                  205.2407   55.8184 13.5
 53.282 1507 Alaska-slab2-v3                                                                  205.1389   55.8874 14.5
 50.712 1508 Alaska-slab2-v3                                                                  205.0361   55.9561 15.5
 46.364 1509 Alaska-slab2-v3                                                                  204.9326   56.0242 16.8
 41.476 1510 Alaska-slab2-v3                                                                  204.8290   56.0922 18.1
 35.941 1511 Alaska-slab2-v3                                                                  204.7246   56.1596 19.6
 53.282 1524 Alaska-slab2-v3                                                                  205.4988   55.3689  8.7
 53.282 1525 Alaska-slab2-v3                                                                  205.4008   55.4394  9.5
 53.282 1526 Alaska-slab2-v3                                                                  205.3016   55.5095 10.3
 53.282 1527 Alaska-slab2-v3                                                                  205.2007   55.5787 11.2
 53.282 1528 Alaska-slab2-v3                                                                  205.0989   55.6477 12.1
 53.282 1529 Alaska-slab2-v3                                                                  204.9969   55.7165 13.0
 53.282 1530 Alaska-slab2-v3                                                                  204.8945   55.7851 14.1
 52.011 1531 Alaska-slab2-v3                                                                  204.7926   55.8539 15.2
 47.390 1532 Alaska-slab2-v3                                                                  204.6915   55.9229 16.5
 42.232 1533 Alaska-slab2-v3                                                                  204.5907   55.9919 18.0
 36.608 1534 Alaska-slab2-v3                                                                  204.4894   56.0606 19.5
 53.282 1547 Alaska-slab2-v3                                                                  205.2584   55.2577  8.5
 53.282 1548 Alaska-slab2-v3                                                                  205.1624   55.3289  9.3
 53.282 1549 Alaska-slab2-v3                                                                  205.0641   55.3994 10.1
 53.282 1550 Alaska-slab2-v3                                                                  204.9633   55.4688 11.0
 53.282 1551 Alaska-slab2-v3                                                                  204.8619   55.5377 11.9
 53.282 1552 Alaska-slab2-v3                                                                  204.7602   55.6064 12.9
 53.282 1553 Alaska-slab2-v3                                                                  204.6582   55.6750 14.0
 51.864 1554 Alaska-slab2-v3                                                                  204.5570   55.7439 15.2
 47.230 1555 Alaska-slab2-v3                                                                  204.4571   55.8134 16.5
 42.166 1556 Alaska-slab2-v3                                                                  204.3577   55.8830 17.9
 36.671 1557 Alaska-slab2-v3                                                                  204.2578   55.9522 19.5
 93.244 1570 Alaska-slab2-v3                                                                  205.0209   55.1392  8.5
 93.244 1571 Alaska-slab2-v3                                                                  204.9251   55.2105  9.3
 93.244 1572 Alaska-slab2-v3                                                                  204.8280   55.2811 10.2
 93.244 1573 Alaska-slab2-v3                                                                  204.7290   55.3509 11.1
 93.244 1574 Alaska-slab2-v3                                                                  204.6291   55.4202 12.2
 93.244 1575 Alaska-slab2-v3                                                                  204.5289   55.4895 13.2
 93.244 1576 Alaska-slab2-v3                                                                  204.4284   55.5586 14.4
 88.002 1577 Alaska-slab2-v3                                                                  204.3282   55.6280 15.5
 80.504 1578 Alaska-slab2-v3                                                                  204.2284   55.6975 16.7
 72.435 1579 Alaska-slab2-v3                                                                  204.1285   55.7670 18.0
 63.412 1580 Alaska-slab2-v3                                                                  204.0284   55.8361 19.4
133.206 1593 Alaska-slab2-v3                                                                  204.7814   55.0242  8.6
133.206 1594 Alaska-slab2-v3                                                                  204.6865   55.0957  9.4
133.206 1595 Alaska-slab2-v3                                                                  204.5900   55.1664 10.4
133.206 1596 Alaska-slab2-v3                                                                  204.4918   55.2363 11.4
133.206 1597 Alaska-slab2-v3                                                                  204.3930   55.3061 12.5
133.206 1598 Alaska-slab2-v3                                                                  204.2939   55.3757 13.6
132.749 1599 Alaska-slab2-v3                                                                  204.1944   55.4452 14.6
122.889 1600 Alaska-slab2-v3                                                                  204.0949   55.5148 15.7
113.028 1601 Alaska-slab2-v3                                                                  203.9952   55.5844 16.8
102.255 1602 Alaska-slab2-v3                                                                  203.8953   55.6538 18.0
 90.021 1603 Alaska-slab2-v3                                                                  203.7952   55.7230 19.3
173.167 1615 Alaska-slab2-v3                                                                  204.6288   54.8438  8.0
173.167 1616 Alaska-slab2-v3                                                                  204.5354   54.9157  8.9
173.167 1617 Alaska-slab2-v3                                                                  204.4412   54.9874  9.8
173.167 1618 Alaska-slab2-v3                                                                  204.3449   55.0581 10.7
173.167 1619 Alaska-slab2-v3                                                                  204.2470   55.1280 11.7
173.167 1620 Alaska-slab2-v3                                                                  204.1487   55.1978 12.8
173.167 1621 Alaska-slab2-v3                                                                  204.0501   55.2676 13.8
170.625 1622 Alaska-slab2-v3                                                                  203.9512   55.3373 14.9
158.682 1623 Alaska-slab2-v3                                                                  203.8522   55.4071 15.9
146.503 1624 Alaska-slab2-v3                                                                  203.7530   55.4769 16.9
133.142 1625 Alaska-slab2-v3                                                                  203.6535   55.5464 18.0
117.770 1626 Alaska-slab2-v3                                                                  203.5539   55.6158 19.3
213.129 1638 Alaska-slab2-v3                                                                  204.3707   54.7446  8.3
213.129 1639 Alaska-slab2-v3                                                                  204.2784   54.8168  9.2
213.129 1640 Alaska-slab2-v3                                                                  204.1843   54.8883 10.2
213.129 1641 Alaska-slab2-v3                                                                  204.0877   54.9587 11.1
213.129 1642 Alaska-slab2-v3                                                                  203.9900   55.0287 12.1
213.129 1643 Alaska-slab2-v3                                                                  203.8920   55.0987 13.1
213.129 1644 Alaska-slab2-v3                                                                  203.7936   55.1685 14.0
211.483 1645 Alaska-slab2-v3                                                                  203.6951   55.2384 15.0
197.461 1646 Alaska-slab2-v3                                                                  203.5966   55.3083 16.0
182.723 1647 Alaska-slab2-v3                                                                  203.4980   55.3783 17.0
166.554 1648 Alaska-slab2-v3                                                                  203.3992   55.4480 18.1
147.953 1649 Alaska-slab2-v3                                                                  203.3003   55.5176 19.5
213.129 1661 Alaska-slab2-v3                                                                  204.0996   54.6557  8.6
213.129 1662 Alaska-slab2-v3                                                                  204.0074   54.7278  9.6
213.129 1663 Alaska-slab2-v3                                                                  203.9128   54.7990 10.6
213.129 1664 Alaska-slab2-v3                                                                  203.8162   54.8693 11.5
213.129 1665 Alaska-slab2-v3                                                                  203.7191   54.9396 12.4
213.129 1666 Alaska-slab2-v3                                                                  203.6216   55.0097 13.3
210.552 1667 Alaska-slab2-v3                                                                  203.5239   55.0798 14.2
196.303 1668 Alaska-slab2-v3                                                                  203.4259   55.1499 15.2
181.448 1669 Alaska-slab2-v3                                                                  203.3280   55.2200 16.1
165.076 1670 Alaska-slab2-v3                                                                  203.2299   55.2900 17.2
146.886 1671 Alaska-slab2-v3                                                                  203.1316   55.3598 18.4
125.967 1672 Alaska-slab2-v3                                                                  203.0333   55.4294 19.8
213.129 1683 Alaska-slab2-v3                                                                  203.8178   54.5758  8.9
213.129 1684 Alaska-slab2-v3                                                                  203.7246   54.6474 10.0
213.129 1685 Alaska-slab2-v3                                                                  203.6297   54.7183 10.9
213.129 1686 Alaska-slab2-v3                                                                  203.5336   54.7888 11.8
213.129 1687 Alaska-slab2-v3                                                                  203.4371   54.8593 12.7
213.129 1688 Alaska-slab2-v3                                                                  203.3403   54.9297 13.6
213.129 1689 Alaska-slab2-v3                                                                  203.2432   55.0001 14.4
204.563 1690 Alaska-slab2-v3                                                                  203.1459   55.0703 15.4
189.304 1691 Alaska-slab2-v3                                                                  203.0485   55.1405 16.5
172.173 1692 Alaska-slab2-v3                                                                  202.9509   55.2104 17.6
152.739 1693 Alaska-slab2-v3                                                                  202.8532   55.2802 19.0
213.129 1705 Alaska-slab2-v3                                                                  203.5301   54.5031  9.1
213.129 1706 Alaska-slab2-v3                                                                  203.4363   54.5742 10.1
213.129 1707 Alaska-slab2-v3                                                                  203.3410   54.6449 11.1
213.129 1708 Alaska-slab2-v3                                                                  203.2450   54.7154 12.0
213.129 1709 Alaska-slab2-v3                                                                  203.1487   54.7859 12.9
213.129 1710 Alaska-slab2-v3                                                                  203.0520   54.8563 13.8
208.924 1711 Alaska-slab2-v3                                                                  202.9552   54.9266 14.7
193.284 1712 Alaska-slab2-v3                                                                  202.8585   54.9969 15.8
175.284 1713 Alaska-slab2-v3                                                                  202.7619   55.0672 17.0
154.627 1714 Alaska-slab2-v3                                                                  202.6652   55.1371 18.4
213.129 1726 Alaska-slab2-v3                                                                  203.2397   54.4355  9.2
213.129 1727 Alaska-slab2-v3                                                                  203.1452   54.5063 10.3
213.129 1728 Alaska-slab2-v3                                                                  203.0494   54.5766 11.2
213.129 1729 Alaska-slab2-v3                                                                  202.9530   54.6469 12.2
213.129 1730 Alaska-slab2-v3                                                                  202.8563   54.7171 13.1
213.129 1731 Alaska-slab2-v3                                                                  202.7593   54.7871 14.0
199.490 1732 Alaska-slab2-v3                                                                  202.6628   54.8573 15.1
180.455 1733 Alaska-slab2-v3                                                                  202.5671   54.9278 16.4
158.423 1734 Alaska-slab2-v3                                                                  202.4718   54.9981 17.9
132.943 1735 Alaska-slab2-v3                                                                  202.3770   55.0683 19.6
213.129 1745 Alaska-slab2-v3                                                                  203.0409   54.3010  8.0
213.129 1746 Alaska-slab2-v3                                                                  202.9467   54.3715  9.3
213.129 1747 Alaska-slab2-v3                                                                  202.8513   54.4418 10.4
213.129 1748 Alaska-slab2-v3                                                                  202.7548   54.5117 11.4
213.129 1749 Alaska-slab2-v3                                                                  202.6578   54.5816 12.3
213.129 1750 Alaska-slab2-v3                                                                  202.5605   54.6514 13.3
206.809 1751 Alaska-slab2-v3                                                                  202.4631   54.7210 14.4
187.164 1752 Alaska-slab2-v3                                                                  202.3673   54.7912 15.7
164.016 1753 Alaska-slab2-v3                                                                  202.2731   54.8618 17.2
137.213 1754 Alaska-slab2-v3                                                                  202.1793   54.9322 19.0
213.129 1765 Alaska-slab2-v3                                                                  202.7468   54.2407  8.1
213.129 1766 Alaska-slab2-v3                                                                  202.6515   54.3106  9.4
213.129 1767 Alaska-slab2-v3                                                                  202.5552   54.3803 10.6
213.129 1768 Alaska-slab2-v3                                                                  202.4578   54.4497 11.6
213.129 1769 Alaska-slab2-v3                                                                  202.3600   54.5191 12.6
213.129 1770 Alaska-slab2-v3                                                                  202.2619   54.5883 13.7
212.914 1771 Alaska-slab2-v3                                                                  202.1648   54.6578 14.9
191.866 1772 Alaska-slab2-v3                                                                  202.0702   54.7281 16.4
167.239 1773 Alaska-slab2-v3                                                                  201.9771   54.7988 18.1
213.129 1784 Alaska-slab2-v3                                                                  202.4519   54.1833  8.1
213.129 1785 Alaska-slab2-v3                                                                  202.3560   54.2528  9.5
213.129 1786 Alaska-slab2-v3                                                                  202.2587   54.3219 10.7
213.129 1787 Alaska-slab2-v3                                                                  202.1601   54.3906 11.8
213.129 1788 Alaska-slab2-v3                                                                  202.0612   54.4592 12.9
213.129 1789 Alaska-slab2-v3                                                                  201.9621   54.5277 14.1
193.273 1790 Alaska-slab2-v3                                                                  201.8657   54.5972 15.4
169.416 1791 Alaska-slab2-v3                                                                  201.7729   54.6681 17.0
141.935 1792 Alaska-slab2-v3                                                                  201.6810   54.7390 18.8
213.129 1803 Alaska-slab2-v3                                                                  202.1571   54.1283  8.2
213.129 1804 Alaska-slab2-v3                                                                  202.0608   54.1975  9.5
213.129 1805 Alaska-slab2-v3                                                                  201.9626   54.2661 10.8
213.129 1806 Alaska-slab2-v3                                                                  201.8628   54.3340 11.9
213.129 1807 Alaska-slab2-v3                                                                  201.7627   54.4018 13.1
213.129 1808 Alaska-slab2-v3                                                                  201.6629   54.4697 14.4
191.971 1809 Alaska-slab2-v3                                                                  201.5675   54.5394 15.9
167.348 1810 Alaska-slab2-v3                                                                  201.4763   54.6108 17.6
139.629 1811 Alaska-slab2-v3                                                                  201.3857   54.6821 19.4
173.167 1821 Alaska-slab2-v3                                                                  201.8617   54.0745  8.2
173.167 1822 Alaska-slab2-v3                                                                  201.7650   54.1434  9.6
173.167 1823 Alaska-slab2-v3                                                                  201.6662   54.2115 10.9
173.167 1824 Alaska-slab2-v3                                                                  201.5657   54.2789 12.1
173.167 1825 Alaska-slab2-v3                                                                  201.4649   54.3462 13.3
173.167 1826 Alaska-slab2-v3                                                                  201.3653   54.4140 14.7
155.938 1827 Alaska-slab2-v3                                                                  201.2708   54.4839 16.3
134.913 1828 Alaska-slab2-v3                                                                  201.1799   54.5551 18.1
133.206 1839 Alaska-slab2-v3                                                                  201.5647   54.0202  8.3
133.206 1840 Alaska-slab2-v3                                                                  201.4665   54.0882  9.8
133.206 1841 Alaska-slab2-v3                                                                  201.3671   54.1560 11.1
133.206 1842 Alaska-slab2-v3                                                                  201.2668   54.2234 12.3
133.206 1843 Alaska-slab2-v3                                                                  201.1661   54.2907 13.6
123.558 1844 Alaska-slab2-v3                                                                  201.0678   54.3588 15.0
107.021 1845 Alaska-slab2-v3                                                                  200.9742   54.4288 16.8
 88.107 1846 Alaska-slab2-v3                                                                  200.8834   54.4996 18.8
 93.244 1856 Alaska-slab2-v3                                                                  201.2655   53.9641  8.6
 93.244 1857 Alaska-slab2-v3                                                                  201.1650   54.0308 10.1
 93.244 1858 Alaska-slab2-v3                                                                  201.0653   54.0982 11.4
 93.244 1859 Alaska-slab2-v3                                                                  200.9656   54.1659 12.6
 93.244 1860 Alaska-slab2-v3                                                                  200.8656   54.2334 13.9
 87.432 1861 Alaska-slab2-v3                                                                  200.7693   54.3023 15.5
 75.425 1862 Alaska-slab2-v3                                                                  200.6776   54.3727 17.4
 61.758 1863 Alaska-slab2-v3                                                                  200.5882   54.4437 19.5
 53.282 1873 Alaska-slab2-v3                                                                  200.9652   53.9058  8.9
 53.282 1874 Alaska-slab2-v3                                                                  200.8627   53.9709 10.5
 53.282 1875 Alaska-slab2-v3                                                                  200.7636   54.0385 11.9
 53.282 1876 Alaska-slab2-v3                                                                  200.6643   54.1064 13.1
 50.636 1877 Alaska-slab2-v3                                                                  200.5657   54.1744 14.5
 44.263 1878 Alaska-slab2-v3                                                                  200.4721   54.2443 16.1
 36.693 1879 Alaska-slab2-v3                                                                  200.3827   54.3155 18.1
 53.282 1890 Alaska-slab2-v3                                                                  200.6664   53.8460  9.2
 53.282 1891 Alaska-slab2-v3                                                                  200.5628   53.9102 11.0
 53.282 1892 Alaska-slab2-v3                                                                  200.4644   53.9780 12.4
 53.282 1893 Alaska-slab2-v3                                                                  200.3654   54.0459 13.6
 49.705 1894 Alaska-slab2-v3                                                                  200.2691   54.1148 15.0
 43.269 1895 Alaska-slab2-v3                                                                  200.1786   54.1859 16.7
 35.774 1896 Alaska-slab2-v3                                                                  200.0912   54.2579 18.7
 53.282 1907 Alaska-slab2-v3                                                                  200.3709   53.7866  9.5
 53.282 1908 Alaska-slab2-v3                                                                  200.2675   53.8503 11.3
 53.282 1909 Alaska-slab2-v3                                                                  200.1695   53.9183 12.7
 53.282 1910 Alaska-slab2-v3                                                                  200.0710   53.9863 14.0
 48.651 1911 Alaska-slab2-v3                                                                  199.9770   54.0562 15.4
 42.174 1912 Alaska-slab2-v3                                                                  199.8893   54.1284 17.1
 34.718 1913 Alaska-slab2-v3                                                                  199.8037   54.2012 19.1
 53.282 1924 Alaska-slab2-v3                                                                  200.0792   53.7284  9.6
 53.282 1925 Alaska-slab2-v3                                                                  199.9768   53.7924 11.5
 53.282 1926 Alaska-slab2-v3                                                                  199.8801   53.8610 12.9
 53.282 1927 Alaska-slab2-v3                                                                  199.7829   53.9297 14.1
 47.988 1928 Alaska-slab2-v3                                                                  199.6905   54.0003 15.5
 41.446 1929 Alaska-slab2-v3                                                                  199.6045   54.0732 17.2
 33.958 1930 Alaska-slab2-v3                                                                  199.5203   54.1464 19.2
 53.282 1941 Alaska-slab2-v3                                                                  199.7909   53.6720  9.6
 53.282 1942 Alaska-slab2-v3                                                                  199.6904   53.7369 11.5
 53.282 1943 Alaska-slab2-v3                                                                  199.5958   53.8066 12.8
 53.149 1944 Alaska-slab2-v3                                                                  199.5008   53.8763 14.0
 47.922 1945 Alaska-slab2-v3                                                                  199.4096   53.9474 15.4
 41.359 1946 Alaska-slab2-v3                                                                  199.3242   54.0205 17.1
 33.766 1947 Alaska-slab2-v3                                                                  199.2407   54.0940 19.1
