  0.241 0000 Alaska-slab2-v3                                                                  220.4681   60.1734  0.4
  0.241 0001 Alaska-slab2-v3                                                                  220.5024   60.2615  1.3
  0.241 0002 Alaska-slab2-v3                                                                  220.5366   60.3496  2.1
  0.241 0003 Alaska-slab2-v3                                                                  220.5709   60.4377  3.0
  0.241 0004 Alaska-slab2-v3                                                                  220.6056   60.5257  3.8
  0.241 0005 Alaska-slab2-v3                                                                  220.6418   60.6139  4.6
  0.241 0006 Alaska-slab2-v3                                                                  220.6782   60.7021  5.3
  0.241 0007 Alaska-slab2-v3                                                                  220.6972   60.7904  6.1
  0.241 0008 Alaska-slab2-v3                                                                  220.6900   60.8794  6.8
  0.241 0009 Alaska-slab2-v3                                                                  220.6726   60.9687  7.6
  0.241 0010 Alaska-slab2-v3                                                                  220.6551   61.0581  8.4
  0.241 0011 Alaska-slab2-v3                                                                  220.6343   61.1471  9.3
  0.214 0012 Alaska-slab2-v3                                                                  220.6074   61.2353 10.4
  0.183 0013 Alaska-slab2-v3                                                                  220.5693   61.3225 11.6
  0.148 0014 Alaska-slab2-v3                                                                  220.5225   61.4090 12.9
  0.112 0015 Alaska-slab2-v3                                                                  220.4743   61.4951 14.3
  0.075 0016 Alaska-slab2-v3                                                                  220.4241   61.5810 15.8
  0.037 0017 Alaska-slab2-v3                                                                  220.3721   61.6666 17.2
  0.483 0025 Alaska-slab2-v3                                                                  220.1533   60.2734  0.5
  0.483 0026 Alaska-slab2-v3                                                                  220.1770   60.3623  1.4
  0.483 0027 Alaska-slab2-v3                                                                  220.2007   60.4512  2.3
  0.483 0028 Alaska-slab2-v3                                                                  220.2247   60.5401  3.3
  0.483 0029 Alaska-slab2-v3                                                                  220.2487   60.6290  4.2
  0.483 0030 Alaska-slab2-v3                                                                  220.2729   60.7179  5.1
  0.483 0031 Alaska-slab2-v3                                                                  220.2856   60.8066  6.0
  0.483 0032 Alaska-slab2-v3                                                                  220.2708   60.8950  6.8
  0.483 0033 Alaska-slab2-v3                                                                  220.2400   60.9835  7.7
  0.483 0034 Alaska-slab2-v3                                                                  220.2091   61.0718  8.6
  0.480 0035 Alaska-slab2-v3                                                                  220.1755   61.1598  9.7
  0.422 0036 Alaska-slab2-v3                                                                  220.1353   61.2470 10.8
  0.358 0037 Alaska-slab2-v3                                                                  220.0881   61.3334 12.1
  0.290 0038 Alaska-slab2-v3                                                                  220.0377   61.4193 13.5
  0.218 0039 Alaska-slab2-v3                                                                  219.9860   61.5050 14.9
  0.145 0040 Alaska-slab2-v3                                                                  219.9318   61.5903 16.4
  0.072 0041 Alaska-slab2-v3                                                                  219.8759   61.6754 17.8
  0.724 0049 Alaska-slab2-v3                                                                  219.8109   60.3467  0.5
  0.724 0050 Alaska-slab2-v3                                                                  219.8248   60.4360  1.6
  0.724 0051 Alaska-slab2-v3                                                                  219.8386   60.5254  2.7
  0.724 0052 Alaska-slab2-v3                                                                  219.8526   60.6147  3.7
  0.724 0053 Alaska-slab2-v3                                                                  219.8667   60.7040  4.7
  0.724 0054 Alaska-slab2-v3                                                                  219.8736   60.7931  5.7
  0.724 0055 Alaska-slab2-v3                                                                  219.8548   60.8811  6.6
  0.724 0056 Alaska-slab2-v3                                                                  219.8144   60.9683  7.6
  0.724 0057 Alaska-slab2-v3                                                                  219.7710   61.0555  8.5
  0.715 0058 Alaska-slab2-v3                                                                  219.7270   61.1425  9.6
  0.625 0059 Alaska-slab2-v3                                                                  219.6794   61.2289 10.8
  0.528 0060 Alaska-slab2-v3                                                                  219.6278   61.3148 12.0
  0.426 0061 Alaska-slab2-v3                                                                  219.5751   61.4004 13.4
  0.320 0062 Alaska-slab2-v3                                                                  219.5215   61.4859 14.8
  0.213 0063 Alaska-slab2-v3                                                                  219.4654   61.5710 16.1
  0.107 0064 Alaska-slab2-v3                                                                  219.4075   61.6559 17.5
  0.965 0072 Alaska-slab2-v3                                                                  219.4474   60.3908  0.6
  0.965 0073 Alaska-slab2-v3                                                                  219.4526   60.4801  1.9
  0.965 0074 Alaska-slab2-v3                                                                  219.4578   60.5695  3.1
  0.965 0075 Alaska-slab2-v3                                                                  219.4631   60.6590  4.2
  0.965 0076 Alaska-slab2-v3                                                                  219.4664   60.7483  5.3
  0.965 0077 Alaska-slab2-v3                                                                  219.4483   60.8364  6.3
  0.965 0078 Alaska-slab2-v3                                                                  219.4033   60.9228  7.2
  0.965 0079 Alaska-slab2-v3                                                                  219.3506   61.0087  8.2
  0.965 0080 Alaska-slab2-v3                                                                  219.2976   61.0947  9.1
  0.921 0081 Alaska-slab2-v3                                                                  219.2445   61.1805 10.2
  0.803 0082 Alaska-slab2-v3                                                                  219.1907   61.2661 11.4
  0.676 0083 Alaska-slab2-v3                                                                  219.1363   61.3516 12.7
  0.543 0084 Alaska-slab2-v3                                                                  219.0817   61.4369 14.0
  0.410 0085 Alaska-slab2-v3                                                                  219.0245   61.5220 15.4
  0.278 0086 Alaska-slab2-v3                                                                  218.9643   61.6065 16.7
  0.144 0087 Alaska-slab2-v3                                                                  218.9032   61.6909 18.0
  1.207 0094 Alaska-slab2-v3                                                                  219.0747   60.4088  0.7
  1.207 0095 Alaska-slab2-v3                                                                  219.0718   60.4979  2.1
  1.207 0096 Alaska-slab2-v3                                                                  219.0689   60.5872  3.5
  1.207 0097 Alaska-slab2-v3                                                                  219.0659   60.6765  4.8
  1.207 0098 Alaska-slab2-v3                                                                  219.0522   60.7651  5.9
  1.207 0099 Alaska-slab2-v3                                                                  219.0101   60.8513  6.8
  1.207 0100 Alaska-slab2-v3                                                                  218.9502   60.9362  7.7
  1.207 0101 Alaska-slab2-v3                                                                  218.8900   61.0211  8.6
  1.194 0102 Alaska-slab2-v3                                                                  218.8295   61.1059  9.4
  1.061 0103 Alaska-slab2-v3                                                                  218.7707   61.1909 10.5
  0.909 0104 Alaska-slab2-v3                                                                  218.7137   61.2761 11.6
  0.743 0105 Alaska-slab2-v3                                                                  218.6566   61.3611 12.9
  0.566 0106 Alaska-slab2-v3                                                                  218.5991   61.4460 14.3
  0.386 0107 Alaska-slab2-v3                                                                  218.5368   61.5301 15.7
  0.200 0108 Alaska-slab2-v3                                                                  218.4698   61.6133 17.1
  1.207 0115 Alaska-slab2-v3                                                                  218.6998   60.4034  0.8
  1.207 0116 Alaska-slab2-v3                                                                  218.6885   60.4922  2.4
  1.207 0117 Alaska-slab2-v3                                                                  218.6771   60.5811  3.8
  1.207 0118 Alaska-slab2-v3                                                                  218.6656   60.6702  5.2
  1.207 0119 Alaska-slab2-v3                                                                  218.6323   60.7571  6.3
  1.207 0120 Alaska-slab2-v3                                                                  218.5713   60.8413  7.2
  1.207 0121 Alaska-slab2-v3                                                                  218.5043   60.9250  8.0
  1.207 0122 Alaska-slab2-v3                                                                  218.4369   61.0086  8.8
  1.143 0123 Alaska-slab2-v3                                                                  218.3694   61.0923  9.6
  1.016 0124 Alaska-slab2-v3                                                                  218.3052   61.1764 10.6
  0.863 0125 Alaska-slab2-v3                                                                  218.2444   61.2609 11.7
  0.681 0126 Alaska-slab2-v3                                                                  218.1834   61.3453 13.1
  0.475 0127 Alaska-slab2-v3                                                                  218.1209   61.4290 14.6
  0.245 0128 Alaska-slab2-v3                                                                  218.0524   61.5114 16.4
  1.207 0134 Alaska-slab2-v3                                                                  218.3264   60.3816  0.9
  1.207 0135 Alaska-slab2-v3                                                                  218.3057   60.4698  2.5
  1.207 0136 Alaska-slab2-v3                                                                  218.2849   60.5582  4.1
  1.207 0137 Alaska-slab2-v3                                                                  218.2619   60.6465  5.5
  1.207 0138 Alaska-slab2-v3                                                                  218.2133   60.7318  6.6
  1.207 0139 Alaska-slab2-v3                                                                  218.1403   60.8141  7.4
  1.207 0140 Alaska-slab2-v3                                                                  218.0664   60.8965  8.1
  1.207 0141 Alaska-slab2-v3                                                                  217.9921   60.9788  8.8
  1.207 0142 Alaska-slab2-v3                                                                  217.9176   61.0610  9.6
  1.126 0143 Alaska-slab2-v3                                                                  217.8476   61.1440 10.6
  0.971 0144 Alaska-slab2-v3                                                                  217.7819   61.2275 11.9
  0.772 0145 Alaska-slab2-v3                                                                  217.7163   61.3106 13.5
  0.527 0146 Alaska-slab2-v3                                                                  217.6471   61.3922 15.6
  0.257 0147 Alaska-slab2-v3                                                                  217.5723   61.4724 17.8
  1.207 0152 Alaska-slab2-v3                                                                  217.9560   60.3487  0.9
  1.207 0153 Alaska-slab2-v3                                                                  217.9251   60.4360  2.7
  1.207 0154 Alaska-slab2-v3                                                                  217.8940   60.5236  4.3
  1.207 0155 Alaska-slab2-v3                                                                  217.8567   60.6105  5.7
  1.207 0156 Alaska-slab2-v3                                                                  217.7950   60.6939  6.7
  1.207 0157 Alaska-slab2-v3                                                                  217.7144   60.7747  7.4
  1.207 0158 Alaska-slab2-v3                                                                  217.6334   60.8554  8.1
  1.207 0159 Alaska-slab2-v3                                                                  217.5520   60.9361  8.8
  1.207 0160 Alaska-slab2-v3                                                                  217.4711   61.0168  9.6
  1.056 0161 Alaska-slab2-v3                                                                  217.3959   61.0984 10.9
  0.851 0162 Alaska-slab2-v3                                                                  217.3259   61.1805 12.5
  0.592 0163 Alaska-slab2-v3                                                                  217.2545   61.2616 14.6
  0.292 0164 Alaska-slab2-v3                                                                  217.1779   61.3409 17.0
  1.207 0170 Alaska-slab2-v3                                                                  217.5897   60.3064  1.0
  1.207 0171 Alaska-slab2-v3                                                                  217.5486   60.3925  2.8
  1.207 0172 Alaska-slab2-v3                                                                  217.5071   60.4789  4.5
  1.207 0173 Alaska-slab2-v3                                                                  217.4550   60.5637  5.9
  1.207 0174 Alaska-slab2-v3                                                                  217.3802   60.6447  7.0
  1.207 0175 Alaska-slab2-v3                                                                  217.2929   60.7237  7.8
  1.207 0176 Alaska-slab2-v3                                                                  217.2052   60.8027  8.5
  1.179 0177 Alaska-slab2-v3                                                                  217.1176   60.8817  9.3
  1.047 0178 Alaska-slab2-v3                                                                  217.0329   60.9613 10.2
  0.868 0179 Alaska-slab2-v3                                                                  216.9532   61.0417 11.6
  0.626 0180 Alaska-slab2-v3                                                                  216.8765   61.1221 13.4
  0.327 0181 Alaska-slab2-v3                                                                  216.7970   61.2010 15.7
  1.207 0188 Alaska-slab2-v3                                                                  217.2301   60.2536  1.0
  1.207 0189 Alaska-slab2-v3                                                                  217.1792   60.3381  3.0
  1.207 0190 Alaska-slab2-v3                                                                  217.1277   60.4229  4.9
  1.207 0191 Alaska-slab2-v3                                                                  217.0622   60.5053  6.5
  1.207 0192 Alaska-slab2-v3                                                                  216.9785   60.5843  7.7
  1.207 0193 Alaska-slab2-v3                                                                  216.8900   60.6628  8.8
  1.174 0194 Alaska-slab2-v3                                                                  216.7993   60.7407  9.6
  1.067 0195 Alaska-slab2-v3                                                                  216.7064   60.8182 10.4
  0.943 0196 Alaska-slab2-v3                                                                  216.6152   60.8960 11.4
  0.785 0197 Alaska-slab2-v3                                                                  216.5257   60.9741 12.6
  0.571 0198 Alaska-slab2-v3                                                                  216.4367   61.0516 14.3
  0.296 0199 Alaska-slab2-v3                                                                  216.3478   61.1284 16.4
  1.207 0207 Alaska-slab2-v3                                                                  216.8806   60.1876  1.2
  1.207 0208 Alaska-slab2-v3                                                                  216.8211   60.2702  3.5
  1.207 0209 Alaska-slab2-v3                                                                  216.7599   60.3528  5.6
  1.207 0210 Alaska-slab2-v3                                                                  216.6886   60.4338  7.4
  1.207 0211 Alaska-slab2-v3                                                                  216.6061   60.5129  9.0
  1.125 0212 Alaska-slab2-v3                                                                  216.5155   60.5902 10.2
  1.003 0213 Alaska-slab2-v3                                                                  216.4176   60.6658 11.1
  0.897 0214 Alaska-slab2-v3                                                                  216.3169   60.7408 12.0
  0.786 0215 Alaska-slab2-v3                                                                  216.2154   60.8156 12.9
  0.646 0216 Alaska-slab2-v3                                                                  216.1141   60.8903 13.9
  0.462 0217 Alaska-slab2-v3                                                                  216.0149   60.9652 15.4
  0.236 0218 Alaska-slab2-v3                                                                  215.9183   61.0404 17.2
  1.207 0228 Alaska-slab2-v3                                                                  216.5462   60.1055  1.4
  1.207 0229 Alaska-slab2-v3                                                                  216.4789   60.1854  4.1
  1.207 0230 Alaska-slab2-v3                                                                  216.4121   60.2658  6.7
  1.207 0231 Alaska-slab2-v3                                                                  216.3398   60.3457  8.9
  1.056 0232 Alaska-slab2-v3                                                                  216.2532   60.4228 10.7
  0.896 0233 Alaska-slab2-v3                                                                  216.1527   60.4968 11.9
  0.782 0234 Alaska-slab2-v3                                                                  216.0465   60.5698 12.8
  0.692 0235 Alaska-slab2-v3                                                                  215.9396   60.6428 13.6
  0.598 0236 Alaska-slab2-v3                                                                  215.8326   60.7157 14.3
  0.483 0237 Alaska-slab2-v3                                                                  215.7265   60.7889 15.2
  0.337 0238 Alaska-slab2-v3                                                                  215.6225   60.8627 16.4
  0.169 0239 Alaska-slab2-v3                                                                  215.5197   60.9366 17.7
  1.207 0252 Alaska-slab2-v3                                                                  216.2342   60.0034  1.6
  1.207 0253 Alaska-slab2-v3                                                                  216.1579   60.0796  4.9
  1.207 0254 Alaska-slab2-v3                                                                  216.0843   60.1571  7.9
  1.118 0255 Alaska-slab2-v3                                                                  216.0024   60.2336 10.4
  0.894 0256 Alaska-slab2-v3                                                                  215.9029   60.3067 12.2
  0.753 0257 Alaska-slab2-v3                                                                  215.7964   60.3790 13.4
  0.666 0258 Alaska-slab2-v3                                                                  215.6890   60.4516 14.1
  0.605 0259 Alaska-slab2-v3                                                                  215.5810   60.5242 14.6
  0.540 0260 Alaska-slab2-v3                                                                  215.4741   60.5972 15.1
  0.456 0261 Alaska-slab2-v3                                                                  215.3691   60.6708 15.8
  0.350 0262 Alaska-slab2-v3                                                                  215.2643   60.7445 16.6
  0.235 0263 Alaska-slab2-v3                                                                  215.1591   60.8181 17.5
  0.114 0264 Alaska-slab2-v3                                                                  215.0535   60.8915 18.5
  1.207 0279 Alaska-slab2-v3                                                                  215.9496   59.8812  1.8
  1.207 0280 Alaska-slab2-v3                                                                  215.8586   59.9519  5.4
  1.207 0281 Alaska-slab2-v3                                                                  215.7667   60.0238  8.5
  1.088 0282 Alaska-slab2-v3                                                                  215.6685   60.0957 10.9
  0.881 0283 Alaska-slab2-v3                                                                  215.5633   60.1673 12.6
  0.749 0284 Alaska-slab2-v3                                                                  215.4567   60.2395 13.7
  0.666 0285 Alaska-slab2-v3                                                                  215.3492   60.3119 14.4
  0.608 0286 Alaska-slab2-v3                                                                  215.2419   60.3845 14.9
  0.549 0287 Alaska-slab2-v3                                                                  215.1390   60.4588 15.3
  0.481 0288 Alaska-slab2-v3                                                                  215.0397   60.5342 15.9
  0.405 0289 Alaska-slab2-v3                                                                  214.9400   60.6096 16.5
  0.323 0290 Alaska-slab2-v3                                                                  214.8399   60.6849 17.2
  0.238 0291 Alaska-slab2-v3                                                                  214.7393   60.7600 17.9
  0.154 0292 Alaska-slab2-v3                                                                  214.6382   60.8351 18.6
  0.074 0293 Alaska-slab2-v3                                                                  214.5375   60.9104 19.2
  2.112 0309 Alaska-slab2-v3                                                                  215.6867   59.7457  1.9
  2.112 0310 Alaska-slab2-v3                                                                  215.5774   59.8092  5.5
  2.112 0311 Alaska-slab2-v3                                                                  215.4642   59.8739  8.3
  2.019 0312 Alaska-slab2-v3                                                                  215.3509   59.9410 10.4
  1.691 0313 Alaska-slab2-v3                                                                  215.2419   60.0111 11.9
  1.440 0314 Alaska-slab2-v3                                                                  215.1347   60.0828 13.1
  1.244 0315 Alaska-slab2-v3                                                                  215.0267   60.1546 14.0
  1.084 0316 Alaska-slab2-v3                                                                  214.9191   60.2267 14.7
  0.944 0317 Alaska-slab2-v3                                                                  214.8202   60.3019 15.4
  0.812 0318 Alaska-slab2-v3                                                                  214.7293   60.3797 16.0
  0.690 0319 Alaska-slab2-v3                                                                  214.6379   60.4575 16.6
  0.575 0320 Alaska-slab2-v3                                                                  214.5461   60.5352 17.1
  0.466 0321 Alaska-slab2-v3                                                                  214.4538   60.6129 17.6
  0.364 0322 Alaska-slab2-v3                                                                  214.3610   60.6905 18.1
  0.266 0323 Alaska-slab2-v3                                                                  214.2678   60.7681 18.6
  0.175 0324 Alaska-slab2-v3                                                                  214.1741   60.8456 19.0
  0.085 0325 Alaska-slab2-v3                                                                  214.0807   60.9232 19.4
  3.017 0343 Alaska-slab2-v3                                                                  215.2307   59.7091  7.2
  3.017 0344 Alaska-slab2-v3                                                                  215.1063   59.7707  9.3
  2.626 0345 Alaska-slab2-v3                                                                  214.9901   59.8370 11.1
  2.200 0346 Alaska-slab2-v3                                                                  214.8804   59.9071 12.5
  1.888 0347 Alaska-slab2-v3                                                                  214.7697   59.9775 13.5
  1.655 0348 Alaska-slab2-v3                                                                  214.6583   60.0480 14.3
  1.474 0349 Alaska-slab2-v3                                                                  214.5502   60.1198 14.9
  1.324 0350 Alaska-slab2-v3                                                                  214.4495   60.1941 15.4
  1.183 0351 Alaska-slab2-v3                                                                  214.3549   60.2707 15.8
  1.051 0352 Alaska-slab2-v3                                                                  214.2625   60.3481 16.3
  0.919 0353 Alaska-slab2-v3                                                                  214.1698   60.4256 16.7
  0.794 0354 Alaska-slab2-v3                                                                  214.0765   60.5029 17.1
  0.668 0355 Alaska-slab2-v3                                                                  213.9828   60.5802 17.5
  0.539 0356 Alaska-slab2-v3                                                                  213.8887   60.6575 17.9
  0.411 0357 Alaska-slab2-v3                                                                  213.7941   60.7346 18.4
  0.279 0358 Alaska-slab2-v3                                                                  213.6991   60.8117 18.8
  0.144 0359 Alaska-slab2-v3                                                                  213.6036   60.8887 19.2
  3.922 0385 Alaska-slab2-v3                                                                  214.9690   59.5755  7.2
  3.922 0386 Alaska-slab2-v3                                                                  214.8431   59.6356  9.5
  3.366 0387 Alaska-slab2-v3                                                                  214.7243   59.7004 11.4
  2.834 0388 Alaska-slab2-v3                                                                  214.6103   59.7687 12.7
  2.467 0389 Alaska-slab2-v3                                                                  214.4953   59.8373 13.6
  2.227 0390 Alaska-slab2-v3                                                                  214.3795   59.9059 14.2
  2.073 0391 Alaska-slab2-v3                                                                  214.2631   59.9745 14.6
  1.967 0392 Alaska-slab2-v3                                                                  214.1482   60.0437 14.9
  1.868 0393 Alaska-slab2-v3                                                                  214.0383   60.1149 15.2
  1.758 0394 Alaska-slab2-v3                                                                  213.9339   60.1883 15.4
  1.628 0395 Alaska-slab2-v3                                                                  213.8315   60.2625 15.8
  1.474 0396 Alaska-slab2-v3                                                                  213.7286   60.3367 16.2
  1.305 0397 Alaska-slab2-v3                                                                  213.6253   60.4108 16.6
  1.119 0398 Alaska-slab2-v3                                                                  213.5216   60.4848 17.1
  0.918 0399 Alaska-slab2-v3                                                                  213.4174   60.5587 17.6
  0.706 0400 Alaska-slab2-v3                                                                  213.3127   60.6325 18.1
  0.481 0401 Alaska-slab2-v3                                                                  213.2076   60.7062 18.7
  0.244 0402 Alaska-slab2-v3                                                                  213.1020   60.7798 19.3
  4.827 0427 Alaska-slab2-v3                                                                  214.7141   59.4391  7.3
  4.827 0428 Alaska-slab2-v3                                                                  214.5858   59.4974  9.6
  4.086 0429 Alaska-slab2-v3                                                                  214.4641   59.5605 11.5
  3.423 0430 Alaska-slab2-v3                                                                  214.3463   59.6269 12.9
  2.973 0431 Alaska-slab2-v3                                                                  214.2275   59.6935 13.8
  2.697 0432 Alaska-slab2-v3                                                                  214.1078   59.7602 14.4
  2.542 0433 Alaska-slab2-v3                                                                  213.9875   59.8269 14.7
  2.469 0434 Alaska-slab2-v3                                                                  213.8667   59.8935 14.8
  2.416 0435 Alaska-slab2-v3                                                                  213.7462   59.9604 14.9
  2.348 0436 Alaska-slab2-v3                                                                  213.6291   60.0286 15.1
  2.237 0437 Alaska-slab2-v3                                                                  213.5162   60.0988 15.3
  2.072 0438 Alaska-slab2-v3                                                                  213.4044   60.1695 15.7
  1.864 0439 Alaska-slab2-v3                                                                  213.2921   60.2401 16.1
  1.617 0440 Alaska-slab2-v3                                                                  213.1795   60.3106 16.6
  1.336 0441 Alaska-slab2-v3                                                                  213.0664   60.3810 17.2
  1.026 0442 Alaska-slab2-v3                                                                  212.9528   60.4512 17.8
  0.702 0443 Alaska-slab2-v3                                                                  212.8388   60.5214 18.5
  0.353 0444 Alaska-slab2-v3                                                                  212.7243   60.5914 19.2
  4.827 0468 Alaska-slab2-v3                                                                  214.4693   59.2986  7.2
  4.827 0469 Alaska-slab2-v3                                                                  214.3377   59.3548  9.5
  3.976 0470 Alaska-slab2-v3                                                                  214.2120   59.4156 11.4
  3.294 0471 Alaska-slab2-v3                                                                  214.0899   59.4797 12.8
  2.827 0472 Alaska-slab2-v3                                                                  213.9667   59.5441 13.7
  2.538 0473 Alaska-slab2-v3                                                                  213.8427   59.6084 14.3
  2.379 0474 Alaska-slab2-v3                                                                  213.7181   59.6728 14.6
  2.304 0475 Alaska-slab2-v3                                                                  213.5930   59.7370 14.8
  2.264 0476 Alaska-slab2-v3                                                                  213.4673   59.8012 14.9
  2.219 0477 Alaska-slab2-v3                                                                  213.3418   59.8654 14.9
  2.120 0478 Alaska-slab2-v3                                                                  213.2188   59.9310 15.1
  1.956 0479 Alaska-slab2-v3                                                                  213.0983   59.9978 15.5
  1.727 0480 Alaska-slab2-v3                                                                  212.9777   60.0646 15.9
  1.443 0481 Alaska-slab2-v3                                                                  212.8566   60.1312 16.5
  1.120 0482 Alaska-slab2-v3                                                                  212.7351   60.1977 17.1
  0.761 0483 Alaska-slab2-v3                                                                  212.6132   60.2641 17.9
  0.388 0484 Alaska-slab2-v3                                                                  212.4909   60.3303 18.6
  4.827 0509 Alaska-slab2-v3                                                                  214.2376   59.1532  7.1
  4.827 0510 Alaska-slab2-v3                                                                  214.1024   59.2073  9.3
  4.130 0511 Alaska-slab2-v3                                                                  213.9719   59.2655 11.1
  3.466 0512 Alaska-slab2-v3                                                                  213.8453   59.3270 12.4
  2.992 0513 Alaska-slab2-v3                                                                  213.7176   59.3887 13.3
  2.682 0514 Alaska-slab2-v3                                                                  213.5892   59.4504 14.0
  2.487 0515 Alaska-slab2-v3                                                                  213.4601   59.5121 14.4
  2.372 0516 Alaska-slab2-v3                                                                  213.3304   59.5737 14.6
  2.302 0517 Alaska-slab2-v3                                                                  213.2003   59.6352 14.7
  2.222 0518 Alaska-slab2-v3                                                                  213.0697   59.6965 14.9
  2.108 0519 Alaska-slab2-v3                                                                  212.9395   59.7582 15.1
  1.933 0520 Alaska-slab2-v3                                                                  212.8102   59.8204 15.5
  1.698 0521 Alaska-slab2-v3                                                                  212.6808   59.8826 15.9
  1.413 0522 Alaska-slab2-v3                                                                  212.5511   59.9446 16.5
  1.094 0523 Alaska-slab2-v3                                                                  212.4208   60.0065 17.1
  0.744 0524 Alaska-slab2-v3                                                                  212.2902   60.0682 17.8
  0.375 0525 Alaska-slab2-v3                                                                  212.1591   60.1298 18.6
  4.827 0550 Alaska-slab2-v3                                                                  214.0194   59.0030  7.0
  4.827 0551 Alaska-slab2-v3                                                                  213.8813   59.0556  8.9
  4.398 0552 Alaska-slab2-v3                                                                  213.7467   59.1112 10.6
  3.752 0553 Alaska-slab2-v3                                                                  213.6158   59.1701 11.9
  3.271 0554 Alaska-slab2-v3                                                                  213.4846   59.2294 12.9
  2.919 0555 Alaska-slab2-v3                                                                  213.3527   59.2888 13.6
  2.675 0556 Alaska-slab2-v3                                                                  213.2201   59.3481 14.1
  2.502 0557 Alaska-slab2-v3                                                                  213.0869   59.4073 14.4
  2.368 0558 Alaska-slab2-v3                                                                  212.9532   59.4664 14.7
  2.244 0559 Alaska-slab2-v3                                                                  212.8188   59.5252 14.9
  2.105 0560 Alaska-slab2-v3                                                                  212.6833   59.5834 15.2
  1.936 0561 Alaska-slab2-v3                                                                  212.5469   59.6413 15.6
  1.737 0562 Alaska-slab2-v3                                                                  212.4101   59.6990 15.9
  1.504 0563 Alaska-slab2-v3                                                                  212.2729   59.7565 16.4
  1.251 0564 Alaska-slab2-v3                                                                  212.1353   59.8139 16.9
  0.968 0565 Alaska-slab2-v3                                                                  211.9972   59.8711 17.5
  0.665 0566 Alaska-slab2-v3                                                                  211.8586   59.9281 18.1
  0.342 0567 Alaska-slab2-v3                                                                  211.7197   59.9850 18.8
  4.827 0590 Alaska-slab2-v3                                                                  213.8124   58.8490  6.9
  4.827 0591 Alaska-slab2-v3                                                                  213.6725   58.9003  8.7
  4.709 0592 Alaska-slab2-v3                                                                  213.5347   58.9537 10.2
  4.090 0593 Alaska-slab2-v3                                                                  213.4001   59.0099 11.5
  3.602 0594 Alaska-slab2-v3                                                                  213.2660   59.0671 12.5
  3.220 0595 Alaska-slab2-v3                                                                  213.1312   59.1243 13.3
  2.925 0596 Alaska-slab2-v3                                                                  212.9957   59.1814 13.9
  2.702 0597 Alaska-slab2-v3                                                                  212.8597   59.2385 14.4
  2.519 0598 Alaska-slab2-v3                                                                  212.7232   59.2954 14.8
  2.359 0599 Alaska-slab2-v3                                                                  212.5850   59.3514 15.1
  2.209 0600 Alaska-slab2-v3                                                                  212.4447   59.4062 15.4
  2.055 0601 Alaska-slab2-v3                                                                  212.3036   59.4606 15.7
  1.895 0602 Alaska-slab2-v3                                                                  212.1621   59.5148 16.0
  1.731 0603 Alaska-slab2-v3                                                                  212.0201   59.5689 16.4
  1.547 0604 Alaska-slab2-v3                                                                  211.8777   59.6228 16.8
  1.354 0605 Alaska-slab2-v3                                                                  211.7348   59.6766 17.2
  1.136 0606 Alaska-slab2-v3                                                                  211.5915   59.7302 17.6
  0.899 0607 Alaska-slab2-v3                                                                  211.4478   59.7836 18.1
  0.633 0608 Alaska-slab2-v3                                                                  211.3036   59.8369 18.7
  0.334 0609 Alaska-slab2-v3                                                                  211.1594   59.8901 19.3
  4.827 0628 Alaska-slab2-v3                                                                  213.6139   58.6921  6.9
  4.827 0629 Alaska-slab2-v3                                                                  213.4727   58.7421  8.6
  4.742 0630 Alaska-slab2-v3                                                                  213.3324   58.7934 10.1
  4.122 0631 Alaska-slab2-v3                                                                  213.1942   58.8468 11.4
  3.617 0632 Alaska-slab2-v3                                                                  213.0564   58.9011 12.4
  3.215 0633 Alaska-slab2-v3                                                                  212.9178   58.9554 13.3
  2.895 0634 Alaska-slab2-v3                                                                  212.7787   59.0096 13.9
  2.643 0635 Alaska-slab2-v3                                                                  212.6390   59.0637 14.5
  2.439 0636 Alaska-slab2-v3                                                                  212.4985   59.1175 14.9
  2.260 0637 Alaska-slab2-v3                                                                  212.3560   59.1700 15.2
  2.100 0638 Alaska-slab2-v3                                                                  212.2117   59.2214 15.6
  1.949 0639 Alaska-slab2-v3                                                                  212.0669   59.2727 15.9
  1.809 0640 Alaska-slab2-v3                                                                  211.9217   59.3238 16.2
  1.668 0641 Alaska-slab2-v3                                                                  211.7760   59.3747 16.5
  1.523 0642 Alaska-slab2-v3                                                                  211.6299   59.4255 16.8
  1.372 0643 Alaska-slab2-v3                                                                  211.4834   59.4761 17.1
  1.207 0644 Alaska-slab2-v3                                                                  211.3364   59.5265 17.4
  1.023 0645 Alaska-slab2-v3                                                                  211.1891   59.5768 17.8
  0.815 0646 Alaska-slab2-v3                                                                  211.0413   59.6269 18.2
  0.582 0647 Alaska-slab2-v3                                                                  210.8931   59.6768 18.7
  0.310 0648 Alaska-slab2-v3                                                                  210.7446   59.7265 19.3
  4.827 0664 Alaska-slab2-v3                                                                  213.4216   58.5336  6.9
  4.827 0665 Alaska-slab2-v3                                                                  213.2794   58.5822  8.7
  4.563 0666 Alaska-slab2-v3                                                                  213.1372   58.6314 10.3
  3.915 0667 Alaska-slab2-v3                                                                  212.9951   58.6814 11.6
  3.401 0668 Alaska-slab2-v3                                                                  212.8525   58.7318 12.6
  2.996 0669 Alaska-slab2-v3                                                                  212.7092   58.7822 13.5
  2.684 0670 Alaska-slab2-v3                                                                  212.5653   58.8324 14.1
  2.442 0671 Alaska-slab2-v3                                                                  212.4209   58.8826 14.6
  2.254 0672 Alaska-slab2-v3                                                                  212.2756   58.9323 15.0
  2.091 0673 Alaska-slab2-v3                                                                  212.1287   58.9809 15.3
  1.958 0674 Alaska-slab2-v3                                                                  211.9807   59.0289 15.6
  1.834 0675 Alaska-slab2-v3                                                                  211.8323   59.0767 15.8
  1.715 0676 Alaska-slab2-v3                                                                  211.6835   59.1244 16.1
  1.607 0677 Alaska-slab2-v3                                                                  211.5343   59.1719 16.3
  1.488 0678 Alaska-slab2-v3                                                                  211.3847   59.2192 16.5
  1.359 0679 Alaska-slab2-v3                                                                  211.2346   59.2663 16.8
  1.211 0680 Alaska-slab2-v3                                                                  211.0842   59.3133 17.1
  1.043 0681 Alaska-slab2-v3                                                                  210.9334   59.3600 17.4
  0.845 0682 Alaska-slab2-v3                                                                  210.7821   59.4066 17.8
  0.608 0683 Alaska-slab2-v3                                                                  210.6306   59.4530 18.3
  0.326 0684 Alaska-slab2-v3                                                                  210.4786   59.4992 18.9
  4.827 0699 Alaska-slab2-v3                                                                  213.2312   58.3782  7.1
  4.827 0700 Alaska-slab2-v3                                                                  213.0897   58.4261  9.1
  4.403 0701 Alaska-slab2-v3                                                                  212.9473   58.4744 10.8
  3.745 0702 Alaska-slab2-v3                                                                  212.8039   58.5229 12.1
  3.252 0703 Alaska-slab2-v3                                                                  212.6595   58.5714 13.1
  2.891 0704 Alaska-slab2-v3                                                                  212.5144   58.6199 13.9
  2.643 0705 Alaska-slab2-v3                                                                  212.3686   58.6683 14.4
  2.467 0706 Alaska-slab2-v3                                                                  212.2224   58.7166 14.7
  2.336 0707 Alaska-slab2-v3                                                                  212.0755   58.7646 15.0
  2.228 0708 Alaska-slab2-v3                                                                  211.9278   58.8121 15.2
  2.131 0709 Alaska-slab2-v3                                                                  211.7795   58.8593 15.4
  2.038 0710 Alaska-slab2-v3                                                                  211.6308   58.9063 15.6
  1.945 0711 Alaska-slab2-v3                                                                  211.4817   58.9531 15.8
  1.843 0712 Alaska-slab2-v3                                                                  211.3322   58.9998 16.0
  1.731 0713 Alaska-slab2-v3                                                                  211.1823   59.0462 16.2
  1.594 0714 Alaska-slab2-v3                                                                  211.0320   59.0925 16.5
  1.429 0715 Alaska-slab2-v3                                                                  210.8814   59.1387 16.9
  1.234 0716 Alaska-slab2-v3                                                                  210.7304   59.1846 17.3
  1.000 0717 Alaska-slab2-v3                                                                  210.5790   59.2303 17.8
  0.717 0718 Alaska-slab2-v3                                                                  210.4273   59.2759 18.3
  0.390 0719 Alaska-slab2-v3                                                                  210.2753   59.3212 19.0
  4.827 0734 Alaska-slab2-v3                                                                  213.0391   58.2265  7.2
  4.827 0735 Alaska-slab2-v3                                                                  212.8990   58.2742  9.5
  4.118 0736 Alaska-slab2-v3                                                                  212.7582   58.3227 11.3
  3.443 0737 Alaska-slab2-v3                                                                  212.6163   58.3719 12.7
  2.973 0738 Alaska-slab2-v3                                                                  212.4734   58.4212 13.7
  2.665 0739 Alaska-slab2-v3                                                                  212.3297   58.4705 14.3
  2.484 0740 Alaska-slab2-v3                                                                  212.1853   58.5196 14.7
  2.382 0741 Alaska-slab2-v3                                                                  212.0405   58.5687 14.9
  2.313 0742 Alaska-slab2-v3                                                                  211.8955   58.6177 15.0
  2.245 0743 Alaska-slab2-v3                                                                  211.7504   58.6668 15.1
  2.167 0744 Alaska-slab2-v3                                                                  211.6051   58.7160 15.3
  2.074 0745 Alaska-slab2-v3                                                                  211.4594   58.7650 15.5
  1.961 0746 Alaska-slab2-v3                                                                  211.3134   58.8138 15.7
  1.829 0747 Alaska-slab2-v3                                                                  211.1669   58.8624 16.0
  1.668 0748 Alaska-slab2-v3                                                                  211.0201   58.9109 16.3
  1.477 0749 Alaska-slab2-v3                                                                  210.8729   58.9592 16.7
  1.257 0750 Alaska-slab2-v3                                                                  210.7253   59.0073 17.2
  1.003 0751 Alaska-slab2-v3                                                                  210.5773   59.0553 17.7
  0.709 0752 Alaska-slab2-v3                                                                  210.4290   59.1030 18.3
  0.377 0753 Alaska-slab2-v3                                                                  210.2804   59.1506 19.0
