 31.051 2160 Alaska-slab2-v3                                                                  195.9164   52.7538  8.8
 21.585 2161 Alaska-slab2-v3                                                                  195.8277   52.8066 13.0
 16.407 2162 Alaska-slab2-v3                                                                  195.7503   52.8815 14.6
 15.377 2163 Alaska-slab2-v3                                                                  195.6716   52.9580 15.0
 12.789 2164 Alaska-slab2-v3                                                                  195.5985   53.0359 15.8
  7.018 2165 Alaska-slab2-v3                                                                  195.5310   53.1146 17.7
 31.051 2175 Alaska-slab2-v3                                                                  195.6419   52.6846  8.7
 26.215 2176 Alaska-slab2-v3                                                                  195.5535   52.7408 12.7
 21.380 2177 Alaska-slab2-v3                                                                  195.4769   52.8160 14.4
 19.881 2178 Alaska-slab2-v3                                                                  195.3993   52.8928 14.9
 17.222 2179 Alaska-slab2-v3                                                                  195.3277   52.9711 15.9
 12.047 2180 Alaska-slab2-v3                                                                  195.2615   53.0502 17.7
  5.882 2181 Alaska-slab2-v3                                                                  195.1957   53.1287 19.9
 31.051 2190 Alaska-slab2-v3                                                                  195.3701   52.6129  8.4
 27.300 2191 Alaska-slab2-v3                                                                  195.2821   52.6730 12.2
 22.137 2192 Alaska-slab2-v3                                                                  195.2065   52.7485 14.0
 19.883 2193 Alaska-slab2-v3                                                                  195.1300   52.8254 14.8
 16.802 2194 Alaska-slab2-v3                                                                  195.0595   52.9040 15.9
 11.696 2195 Alaska-slab2-v3                                                                  194.9946   52.9835 17.7
  5.762 2196 Alaska-slab2-v3                                                                  194.9299   53.0626 19.8
 31.051 2205 Alaska-slab2-v3                                                                  195.1009   52.5389  8.2
 28.449 2206 Alaska-slab2-v3                                                                  195.0141   52.6025 11.6
 22.956 2207 Alaska-slab2-v3                                                                  194.9402   52.6785 13.5
 20.036 2208 Alaska-slab2-v3                                                                  194.8651   52.7557 14.6
 16.624 2209 Alaska-slab2-v3                                                                  194.7952   52.8344 15.7
 11.594 2210 Alaska-slab2-v3                                                                  194.7309   52.9142 17.5
  5.753 2211 Alaska-slab2-v3                                                                  194.6671   52.9936 19.5
 31.051 2220 Alaska-slab2-v3                                                                  194.8340   52.4634  7.9
 29.346 2221 Alaska-slab2-v3                                                                  194.7491   52.5299 11.1
 23.671 2222 Alaska-slab2-v3                                                                  194.6767   52.6063 13.1
 20.289 2223 Alaska-slab2-v3                                                                  194.6038   52.6841 14.2
 16.790 2224 Alaska-slab2-v3                                                                  194.5343   52.7630 15.4
 11.850 2225 Alaska-slab2-v3                                                                  194.4699   52.8428 17.1
  5.969 2226 Alaska-slab2-v3                                                                  194.4069   52.9224 19.1
 31.051 2235 Alaska-slab2-v3                                                                  194.5680   52.3876  7.8
 29.807 2236 Alaska-slab2-v3                                                                  194.4852   52.4562 10.8
 24.079 2237 Alaska-slab2-v3                                                                  194.4138   52.5328 12.7
 20.511 2238 Alaska-slab2-v3                                                                  194.3434   52.6114 13.9
 17.032 2239 Alaska-slab2-v3                                                                  194.2746   52.6905 15.0
 12.235 2240 Alaska-slab2-v3                                                                  194.2100   52.7703 16.6
  6.297 2241 Alaska-slab2-v3                                                                  194.1478   52.8502 18.6
 31.051 2250 Alaska-slab2-v3                                                                  194.3010   52.3122  7.7
 29.890 2251 Alaska-slab2-v3                                                                  194.2199   52.3821 10.5
 24.114 2252 Alaska-slab2-v3                                                                  194.1497   52.4592 12.4
 20.446 2253 Alaska-slab2-v3                                                                  194.0814   52.5384 13.6
 17.084 2254 Alaska-slab2-v3                                                                  194.0136   52.6179 14.7
 12.531 2255 Alaska-slab2-v3                                                                  193.9493   52.6979 16.2
  6.571 2256 Alaska-slab2-v3                                                                  193.8879   52.7780 18.2
 31.051 2265 Alaska-slab2-v3                                                                  194.0320   52.2386  7.6
 29.782 2266 Alaska-slab2-v3                                                                  193.9525   52.3094 10.4
 23.962 2267 Alaska-slab2-v3                                                                  193.8835   52.3869 12.3
 20.309 2268 Alaska-slab2-v3                                                                  193.8169   52.4665 13.5
 17.058 2269 Alaska-slab2-v3                                                                  193.7501   52.5464 14.6
 12.662 2270 Alaska-slab2-v3                                                                  193.6866   52.6267 16.0
  6.780 2271 Alaska-slab2-v3                                                                  193.6262   52.7072 17.9
 31.051 2279 Alaska-slab2-v3                                                                  193.7606   52.1681  7.6
 29.621 2280 Alaska-slab2-v3                                                                  193.6826   52.2395 10.4
 23.809 2281 Alaska-slab2-v3                                                                  193.6149   52.3174 12.3
 20.203 2282 Alaska-slab2-v3                                                                  193.5495   52.3974 13.5
 17.033 2283 Alaska-slab2-v3                                                                  193.4838   52.4776 14.5
 12.744 2284 Alaska-slab2-v3                                                                  193.4213   52.5583 15.9
  6.869 2285 Alaska-slab2-v3                                                                  193.3621   52.6391 17.8
 31.051 2293 Alaska-slab2-v3                                                                  193.4869   52.1014  7.7
 29.533 2294 Alaska-slab2-v3                                                                  193.4102   52.1732 10.5
 23.707 2295 Alaska-slab2-v3                                                                  193.3439   52.2515 12.4
 20.143 2296 Alaska-slab2-v3                                                                  193.2795   52.3318 13.5
 17.044 2297 Alaska-slab2-v3                                                                  193.2149   52.4124 14.5
 12.737 2298 Alaska-slab2-v3                                                                  193.1537   52.4933 15.9
  6.849 2299 Alaska-slab2-v3                                                                  193.0957   52.5744 17.8
 31.051 2307 Alaska-slab2-v3                                                                  193.2114   52.0382  7.7
 29.558 2308 Alaska-slab2-v3                                                                  193.1360   52.1104 10.6
 23.770 2309 Alaska-slab2-v3                                                                  193.0709   52.1890 12.4
 20.259 2310 Alaska-slab2-v3                                                                  193.0074   52.2696 13.6
 17.088 2311 Alaska-slab2-v3                                                                  192.9440   52.3504 14.6
 12.716 2312 Alaska-slab2-v3                                                                  192.8841   52.4317 16.0
  6.774 2313 Alaska-slab2-v3                                                                  192.8274   52.5130 18.0
 31.051 2321 Alaska-slab2-v3                                                                  192.9351   51.9779  7.7
 29.841 2322 Alaska-slab2-v3                                                                  192.8611   52.0507 10.5
 24.081 2323 Alaska-slab2-v3                                                                  192.7969   52.1296 12.4
 20.527 2324 Alaska-slab2-v3                                                                  192.7344   52.2105 13.6
 17.249 2325 Alaska-slab2-v3                                                                  192.6722   52.2915 14.6
 12.715 2326 Alaska-slab2-v3                                                                  192.6135   52.3730 16.1
  6.679 2327 Alaska-slab2-v3                                                                  192.5579   52.4546 18.1
 31.051 2335 Alaska-slab2-v3                                                                  192.6588   51.9199  7.6
 30.376 2336 Alaska-slab2-v3                                                                  192.5868   51.9938 10.3
 24.700 2337 Alaska-slab2-v3                                                                  192.5234   52.0730 12.2
 21.018 2338 Alaska-slab2-v3                                                                  192.4622   52.1542 13.4
 17.612 2339 Alaska-slab2-v3                                                                  192.4010   52.2355 14.5
 12.948 2340 Alaska-slab2-v3                                                                  192.3430   52.3171 16.0
  6.812 2341 Alaska-slab2-v3                                                                  192.2883   52.3988 18.0
 31.051 2349 Alaska-slab2-v3                                                                  192.3835   51.8632  7.4
 31.051 2350 Alaska-slab2-v3                                                                  192.3141   51.9389 10.0
 25.482 2351 Alaska-slab2-v3                                                                  192.2517   52.0185 11.8
 21.655 2352 Alaska-slab2-v3                                                                  192.1922   52.1001 13.0
 18.108 2353 Alaska-slab2-v3                                                                  192.1325   52.1817 14.1
 13.410 2354 Alaska-slab2-v3                                                                  192.0749   52.2635 15.6
  7.156 2355 Alaska-slab2-v3                                                                  192.0201   52.3451 17.7
 31.051 2363 Alaska-slab2-v3                                                                  192.1090   51.8066  7.2
 31.051 2364 Alaska-slab2-v3                                                                  192.0433   51.8843  9.5
 30.357 2365 Alaska-slab2-v3                                                                  191.9823   51.9645 11.2
 26.733 2366 Alaska-slab2-v3                                                                  191.9245   52.0465 12.5
 23.419 2367 Alaska-slab2-v3                                                                  191.8665   52.1286 13.7
 19.342 2368 Alaska-slab2-v3                                                                  191.8094   52.2105 15.1
 13.876 2369 Alaska-slab2-v3                                                                  191.7544   52.2923 17.0
  7.278 2370 Alaska-slab2-v3                                                                  191.7002   52.3734 19.4
 31.051 2377 Alaska-slab2-v3                                                                  191.8351   51.7486  7.1
 31.051 2378 Alaska-slab2-v3                                                                  191.7736   51.8283  9.0
 31.037 2379 Alaska-slab2-v3                                                                  191.7145   51.9093 10.6
 27.183 2380 Alaska-slab2-v3                                                                  191.6577   51.9915 12.0
 23.650 2381 Alaska-slab2-v3                                                                  191.6008   52.0738 13.2
 19.591 2382 Alaska-slab2-v3                                                                  191.5442   52.1559 14.6
 14.394 2383 Alaska-slab2-v3                                                                  191.4894   52.2379 16.3
  7.825 2384 Alaska-slab2-v3                                                                  191.4364   52.3195 18.6
 31.051 2391 Alaska-slab2-v3                                                                  191.5618   51.6883  6.9
 31.051 2392 Alaska-slab2-v3                                                                  191.5042   51.7695  8.6
 31.051 2393 Alaska-slab2-v3                                                                  191.4470   51.8512 10.1
 27.464 2394 Alaska-slab2-v3                                                                  191.3907   51.9335 11.5
 23.605 2395 Alaska-slab2-v3                                                                  191.3344   52.0158 12.8
 19.445 2396 Alaska-slab2-v3                                                                  191.2780   52.0980 14.1
 14.410 2397 Alaska-slab2-v3                                                                  191.2237   52.1804 15.8
  8.049 2398 Alaska-slab2-v3                                                                  191.1719   52.2625 17.9
 31.051 2404 Alaska-slab2-v3                                                                  191.2896   51.6250  6.8
 31.051 2405 Alaska-slab2-v3                                                                  191.2343   51.7071  8.3
 31.051 2406 Alaska-slab2-v3                                                                  191.1788   51.7894  9.8
 27.932 2407 Alaska-slab2-v3                                                                  191.1231   51.8718 11.1
 23.876 2408 Alaska-slab2-v3                                                                  191.0673   51.9542 12.4
 19.482 2409 Alaska-slab2-v3                                                                  191.0114   52.0365 13.9
 14.381 2410 Alaska-slab2-v3                                                                  190.9577   52.1189 15.5
  8.051 2411 Alaska-slab2-v3                                                                  190.9069   52.2013 17.6
 31.051 2417 Alaska-slab2-v3                                                                  191.0187   51.5590  6.7
 31.051 2418 Alaska-slab2-v3                                                                  190.9645   51.6415  8.2
 31.051 2419 Alaska-slab2-v3                                                                  190.9099   51.7241  9.6
 28.601 2420 Alaska-slab2-v3                                                                  190.8552   51.8068 10.9
 24.502 2421 Alaska-slab2-v3                                                                  190.8003   51.8894 12.2
 20.002 2422 Alaska-slab2-v3                                                                  190.7453   51.9718 13.7
 14.670 2423 Alaska-slab2-v3                                                                  190.6924   52.0543 15.4
  8.136 2424 Alaska-slab2-v3                                                                  190.6429   52.1369 17.5
 31.051 2430 Alaska-slab2-v3                                                                  190.7489   51.4914  6.7
 31.051 2431 Alaska-slab2-v3                                                                  190.6952   51.5741  8.1
 31.051 2432 Alaska-slab2-v3                                                                  190.6413   51.6569  9.5
 29.151 2433 Alaska-slab2-v3                                                                  190.5875   51.7398 10.8
 25.135 2434 Alaska-slab2-v3                                                                  190.5337   51.8227 12.1
 20.629 2435 Alaska-slab2-v3                                                                  190.4798   51.9054 13.5
 15.112 2436 Alaska-slab2-v3                                                                  190.4282   51.9881 15.3
  8.276 2437 Alaska-slab2-v3                                                                  190.3804   52.0708 17.6
 31.051 2443 Alaska-slab2-v3                                                                  190.4797   51.4236  6.7
 31.051 2444 Alaska-slab2-v3                                                                  190.4265   51.5064  8.1
 31.051 2445 Alaska-slab2-v3                                                                  190.3732   51.5893  9.5
 29.269 2446 Alaska-slab2-v3                                                                  190.3203   51.6724 10.8
 25.340 2447 Alaska-slab2-v3                                                                  190.2676   51.7556 12.1
 20.863 2448 Alaska-slab2-v3                                                                  190.2149   51.8385 13.5
 15.320 2449 Alaska-slab2-v3                                                                  190.1648   51.9215 15.4
  8.376 2450 Alaska-slab2-v3                                                                  190.1187   52.0044 17.6
 31.051 2456 Alaska-slab2-v3                                                                  190.2103   51.3567  6.8
 31.051 2457 Alaska-slab2-v3                                                                  190.1579   51.4396  8.2
 31.051 2458 Alaska-slab2-v3                                                                  190.1055   51.5226  9.6
 29.011 2459 Alaska-slab2-v3                                                                  190.0536   51.6059 10.9
 25.083 2460 Alaska-slab2-v3                                                                  190.0020   51.6893 12.2
 20.671 2461 Alaska-slab2-v3                                                                  189.9504   51.7725 13.7
 15.171 2462 Alaska-slab2-v3                                                                  189.9018   51.8558 15.5
  8.341 2463 Alaska-slab2-v3                                                                  189.8574   51.9391 17.8
 31.051 2469 Alaska-slab2-v3                                                                  189.9402   51.2920  6.8
 31.051 2470 Alaska-slab2-v3                                                                  189.8891   51.3750  8.4
 31.051 2471 Alaska-slab2-v3                                                                  189.8380   51.4582  9.9
 28.644 2472 Alaska-slab2-v3                                                                  189.7873   51.5417 11.3
 24.722 2473 Alaska-slab2-v3                                                                  189.7369   51.6254 12.6
 20.324 2474 Alaska-slab2-v3                                                                  189.6864   51.7088 14.1
 14.946 2475 Alaska-slab2-v3                                                                  189.6395   51.7924 15.9
  8.231 2476 Alaska-slab2-v3                                                                  189.5966   51.8761 18.1
 54.340 2482 Alaska-slab2-v3                                                                  189.6688   51.2307  6.9
 54.340 2483 Alaska-slab2-v3                                                                  189.6196   51.3137  8.8
 54.340 2484 Alaska-slab2-v3                                                                  189.5703   51.3972 10.4
 49.688 2485 Alaska-slab2-v3                                                                  189.5211   51.4810 11.7
 42.999 2486 Alaska-slab2-v3                                                                  189.4718   51.5649 13.1
 35.405 2487 Alaska-slab2-v3                                                                  189.4233   51.6486 14.6
 25.950 2488 Alaska-slab2-v3                                                                  189.3786   51.7326 16.5
 14.182 2489 Alaska-slab2-v3                                                                  189.3368   51.8163 18.8
 77.628 2495 Alaska-slab2-v3                                                                  189.3958   51.1735  7.1
 77.628 2496 Alaska-slab2-v3                                                                  189.3493   51.2566  9.2
 69.386 2497 Alaska-slab2-v3                                                                  189.3020   51.3403 10.9
 58.555 2498 Alaska-slab2-v3                                                                  189.2542   51.4244 12.3
 48.115 2499 Alaska-slab2-v3                                                                  189.2063   51.5085 13.6
 35.635 2500 Alaska-slab2-v3                                                                  189.1606   51.5928 15.2
 19.623 2501 Alaska-slab2-v3                                                                  189.1191   51.6771 17.3
100.916 2508 Alaska-slab2-v3                                                                  189.1215   51.1204  7.4
100.916 2509 Alaska-slab2-v3                                                                  189.0781   51.2032  9.9
 89.415 2510 Alaska-slab2-v3                                                                  189.0329   51.2871 11.7
 76.614 2511 Alaska-slab2-v3                                                                  188.9866   51.3716 13.0
 64.005 2512 Alaska-slab2-v3                                                                  188.9407   51.4562 14.3
 47.450 2513 Alaska-slab2-v3                                                                  188.8984   51.5409 16.0
 25.698 2514 Alaska-slab2-v3                                                                  188.8598   51.6253 18.3
124.205 2521 Alaska-slab2-v3                                                                  188.8463   51.0704  7.7
111.662 2522 Alaska-slab2-v3                                                                  188.8060   51.1527 10.6
 87.606 2523 Alaska-slab2-v3                                                                  188.7626   51.2368 12.5
 72.040 2524 Alaska-slab2-v3                                                                  188.7182   51.3218 13.7
 55.317 2525 Alaska-slab2-v3                                                                  188.6752   51.4069 15.0
 31.260 2526 Alaska-slab2-v3                                                                  188.6360   51.4919 16.9
124.205 2534 Alaska-slab2-v3                                                                  188.5701   51.0230  8.1
107.714 2535 Alaska-slab2-v3                                                                  188.5329   51.1043 11.4
 84.738 2536 Alaska-slab2-v3                                                                  188.4913   51.1887 13.2
 71.645 2537 Alaska-slab2-v3                                                                  188.4488   51.2742 14.3
 55.710 2538 Alaska-slab2-v3                                                                  188.4086   51.3599 15.6
 31.128 2539 Alaska-slab2-v3                                                                  188.3715   51.4450 17.6
124.205 2546 Alaska-slab2-v3                                                                  188.2929   50.9776  8.3
104.176 2547 Alaska-slab2-v3                                                                  188.2584   51.0580 12.0
 82.402 2548 Alaska-slab2-v3                                                                  188.2186   51.1427 13.8
 71.335 2549 Alaska-slab2-v3                                                                  188.1783   51.2288 14.7
 55.576 2550 Alaska-slab2-v3                                                                  188.1402   51.3148 16.0
 30.314 2551 Alaska-slab2-v3                                                                  188.1045   51.3999 18.1
124.205 2558 Alaska-slab2-v3                                                                  188.0151   50.9341  8.5
103.750 2559 Alaska-slab2-v3                                                                  187.9829   51.0142 12.3
 83.000 2560 Alaska-slab2-v3                                                                  187.9448   51.0992 14.0
 72.389 2561 Alaska-slab2-v3                                                                  187.9064   51.1856 14.9
 55.765 2562 Alaska-slab2-v3                                                                  187.8701   51.2717 16.3
 29.828 2563 Alaska-slab2-v3                                                                  187.8356   51.3569 18.5
124.205 2570 Alaska-slab2-v3                                                                  187.7371   50.8920  8.4
107.355 2571 Alaska-slab2-v3                                                                  187.7070   50.9726 12.2
 86.741 2572 Alaska-slab2-v3                                                                  187.6702   51.0578 14.0
 74.812 2573 Alaska-slab2-v3                                                                  187.6335   51.1444 15.0
 56.515 2574 Alaska-slab2-v3                                                                  187.5990   51.2306 16.6
 29.763 2575 Alaska-slab2-v3                                                                  187.5659   51.3157 18.9
124.205 2582 Alaska-slab2-v3                                                                  187.4593   50.8505  8.3
113.153 2583 Alaska-slab2-v3                                                                  187.4311   50.9322 11.8
 91.622 2584 Alaska-slab2-v3                                                                  187.3957   51.0176 13.7
 77.420 2585 Alaska-slab2-v3                                                                  187.3605   51.1042 14.9
 57.722 2586 Alaska-slab2-v3                                                                  187.3276   51.1904 16.6
 30.350 2587 Alaska-slab2-v3                                                                  187.2958   51.2756 19.0
124.205 2594 Alaska-slab2-v3                                                                  187.1815   50.8091  8.0
117.977 2595 Alaska-slab2-v3                                                                  187.1553   50.8921 11.3
 94.797 2596 Alaska-slab2-v3                                                                  187.1217   50.9776 13.3
 78.190 2597 Alaska-slab2-v3                                                                  187.0879   51.0642 14.8
 57.893 2598 Alaska-slab2-v3                                                                  187.0563   51.1506 16.5
 31.022 2599 Alaska-slab2-v3                                                                  187.0262   51.2361 18.9
124.205 2606 Alaska-slab2-v3                                                                  186.9034   50.7677  7.8
119.490 2607 Alaska-slab2-v3                                                                  186.8792   50.8520 10.8
 94.422 2608 Alaska-slab2-v3                                                                  186.8480   50.9377 12.9
 75.681 2609 Alaska-slab2-v3                                                                  186.8157   51.0243 14.5
 55.507 2610 Alaska-slab2-v3                                                                  186.7857   51.1111 16.2
 30.320 2611 Alaska-slab2-v3                                                                  186.7578   51.1974 18.3
124.205 2618 Alaska-slab2-v3                                                                  186.6250   50.7270  7.6
118.278 2619 Alaska-slab2-v3                                                                  186.6029   50.8123 10.3
 91.798 2620 Alaska-slab2-v3                                                                  186.5747   50.8985 12.4
 71.371 2621 Alaska-slab2-v3                                                                  186.5444   50.9853 14.0
 51.321 2622 Alaska-slab2-v3                                                                  186.5161   51.0725 15.6
 28.119 2623 Alaska-slab2-v3                                                                  186.4904   51.1595 17.5
124.205 2631 Alaska-slab2-v3                                                                  186.3462   50.6875  7.4
124.205 2632 Alaska-slab2-v3                                                                  186.3261   50.7736  9.9
106.529 2633 Alaska-slab2-v3                                                                  186.3013   50.8604 11.9
 87.842 2634 Alaska-slab2-v3                                                                  186.2741   50.9477 13.5
 70.345 2635 Alaska-slab2-v3                                                                  186.2478   51.0353 15.0
 50.468 2636 Alaska-slab2-v3                                                                  186.2236   51.1228 16.6
 27.138 2637 Alaska-slab2-v3                                                                  186.2002   51.2099 18.6
124.205 2644 Alaska-slab2-v3                                                                  186.0671   50.6497  7.3
124.205 2645 Alaska-slab2-v3                                                                  186.0487   50.7365  9.6
103.178 2646 Alaska-slab2-v3                                                                  186.0271   50.8239 11.5
 85.371 2647 Alaska-slab2-v3                                                                  186.0035   50.9118 12.9
 68.827 2648 Alaska-slab2-v3                                                                  185.9799   50.9999 14.2
 49.631 2649 Alaska-slab2-v3                                                                  185.9571   51.0878 15.7
 26.268 2650 Alaska-slab2-v3                                                                  185.9348   51.1752 17.6
124.205 2657 Alaska-slab2-v3                                                                  185.7873   50.6143  7.2
124.205 2658 Alaska-slab2-v3                                                                  185.7703   50.7014  9.5
115.244 2659 Alaska-slab2-v3                                                                  185.7512   50.7892 11.2
100.290 2660 Alaska-slab2-v3                                                                  185.7307   50.8777 12.5
 87.116 2661 Alaska-slab2-v3                                                                  185.7100   50.9662 13.6
 71.330 2662 Alaska-slab2-v3                                                                  185.6891   51.0545 14.9
 50.442 2663 Alaska-slab2-v3                                                                  185.6675   51.1422 16.7
 25.992 2664 Alaska-slab2-v3                                                                  185.6451   51.2292 18.7
124.205 2671 Alaska-slab2-v3                                                                  185.5072   50.5812  7.2
124.205 2672 Alaska-slab2-v3                                                                  185.4912   50.6685  9.4
111.852 2673 Alaska-slab2-v3                                                                  185.4736   50.7566 11.1
 97.594 2674 Alaska-slab2-v3                                                                  185.4549   50.8453 12.3
 85.794 2675 Alaska-slab2-v3                                                                  185.4362   50.9342 13.2
 71.782 2676 Alaska-slab2-v3                                                                  185.4172   51.0229 14.4
 52.239 2677 Alaska-slab2-v3                                                                  185.3969   51.1109 16.0
 27.164 2678 Alaska-slab2-v3                                                                  185.3752   51.1980 18.0
124.205 2685 Alaska-slab2-v3                                                                  185.2267   50.5503  7.2
124.205 2686 Alaska-slab2-v3                                                                  185.2117   50.6377  9.4
108.317 2687 Alaska-slab2-v3                                                                  185.1952   50.7258 11.1
 93.690 2688 Alaska-slab2-v3                                                                  185.1776   50.8146 12.3
 81.963 2689 Alaska-slab2-v3                                                                  185.1598   50.9036 13.2
 68.975 2690 Alaska-slab2-v3                                                                  185.1420   50.9925 14.2
 51.195 2691 Alaska-slab2-v3                                                                  185.1230   51.0809 15.6
 27.615 2692 Alaska-slab2-v3                                                                  185.1026   51.1684 17.5
