  5.571 2164 Alaska-slab2-v3                                                                  195.5985   53.0359 15.8
  4.736 2165 Alaska-slab2-v3                                                                  195.5310   53.1146 17.7
  3.720 2166 Alaska-slab2-v3                                                                  195.4640   53.1926 19.9
  5.539 2179 Alaska-slab2-v3                                                                  195.3277   52.9711 15.9
  4.712 2180 Alaska-slab2-v3                                                                  195.2615   53.0502 17.7
  3.727 2181 Alaska-slab2-v3                                                                  195.1957   53.1287 19.9
  2.788 2182 Alaska-slab2-v3                                                                  195.1300   53.2075 22.0
  5.499 2194 Alaska-slab2-v3                                                                  195.0595   52.9040 15.9
  4.686 2195 Alaska-slab2-v3                                                                  194.9946   52.9835 17.7
  3.742 2196 Alaska-slab2-v3                                                                  194.9299   53.0626 19.8
  2.824 2197 Alaska-slab2-v3                                                                  194.8651   53.1418 21.8
  5.508 2209 Alaska-slab2-v3                                                                  194.7952   52.8344 15.7
  4.711 2210 Alaska-slab2-v3                                                                  194.7309   52.9142 17.5
  3.786 2211 Alaska-slab2-v3                                                                  194.6671   52.9936 19.5
  2.875 2212 Alaska-slab2-v3                                                                  194.6032   53.0731 21.5
  5.595 2224 Alaska-slab2-v3                                                                  194.5343   52.7630 15.4
  4.820 2225 Alaska-slab2-v3                                                                  194.4699   52.8428 17.1
  3.896 2226 Alaska-slab2-v3                                                                  194.4069   52.9224 19.1
  2.959 2227 Alaska-slab2-v3                                                                  194.3436   53.0020 21.1
  5.735 2239 Alaska-slab2-v3                                                                  194.2746   52.6905 15.0
  4.993 2240 Alaska-slab2-v3                                                                  194.2100   52.7703 16.6
  4.074 2241 Alaska-slab2-v3                                                                  194.1478   52.8502 18.6
  3.100 2242 Alaska-slab2-v3                                                                  194.0852   52.9298 20.7
  5.178 2255 Alaska-slab2-v3                                                                  193.9493   52.6979 16.2
  4.272 2256 Alaska-slab2-v3                                                                  193.8879   52.7780 18.2
  3.274 2257 Alaska-slab2-v3                                                                  193.8262   52.8577 20.3
  5.326 2270 Alaska-slab2-v3                                                                  193.6866   52.6267 16.0
  4.448 2271 Alaska-slab2-v3                                                                  193.6262   52.7072 17.9
  3.435 2272 Alaska-slab2-v3                                                                  193.5655   52.7871 20.1
  5.431 2284 Alaska-slab2-v3                                                                  193.4213   52.5583 15.9
  4.565 2285 Alaska-slab2-v3                                                                  193.3621   52.6391 17.8
  3.552 2286 Alaska-slab2-v3                                                                  193.3026   52.7192 20.0
  5.492 2298 Alaska-slab2-v3                                                                  193.1537   52.4933 15.9
  4.631 2299 Alaska-slab2-v3                                                                  193.0957   52.5744 17.8
  3.629 2300 Alaska-slab2-v3                                                                  193.0373   52.6548 20.0
  9.653 2312 Alaska-slab2-v3                                                                  192.8841   52.4317 16.0
  8.139 2313 Alaska-slab2-v3                                                                  192.8274   52.5130 18.0
  6.412 2314 Alaska-slab2-v3                                                                  192.7702   52.5937 20.2
 13.764 2326 Alaska-slab2-v3                                                                  192.6135   52.3730 16.1
 11.563 2327 Alaska-slab2-v3                                                                  192.5579   52.4546 18.1
  9.128 2328 Alaska-slab2-v3                                                                  192.5018   52.5356 20.3
 17.940 2340 Alaska-slab2-v3                                                                  192.3430   52.3171 16.0
 15.023 2341 Alaska-slab2-v3                                                                  192.2883   52.3988 18.0
 11.785 2342 Alaska-slab2-v3                                                                  192.2330   52.4799 20.2
 22.464 2354 Alaska-slab2-v3                                                                  192.0749   52.2635 15.6
 18.820 2355 Alaska-slab2-v3                                                                  192.0201   52.3451 17.7
 14.650 2356 Alaska-slab2-v3                                                                  191.9654   52.4262 20.0
 23.165 2368 Alaska-slab2-v3                                                                  191.8094   52.2105 15.1
 19.628 2369 Alaska-slab2-v3                                                                  191.7544   52.2923 17.0
 15.358 2370 Alaska-slab2-v3                                                                  191.7002   52.3734 19.4
 10.648 2371 Alaska-slab2-v3                                                                  191.6448   52.4536 21.9
 20.664 2383 Alaska-slab2-v3                                                                  191.4894   52.2379 16.3
 16.509 2384 Alaska-slab2-v3                                                                  191.4364   52.3195 18.6
 11.560 2385 Alaska-slab2-v3                                                                  191.3815   52.3995 21.3
 21.507 2397 Alaska-slab2-v3                                                                  191.2237   52.1804 15.8
 17.595 2398 Alaska-slab2-v3                                                                  191.1719   52.2625 17.9
 12.645 2399 Alaska-slab2-v3                                                                  191.1184   52.3428 20.6
 21.992 2410 Alaska-slab2-v3                                                                  190.9577   52.1189 15.5
 18.166 2411 Alaska-slab2-v3                                                                  190.9069   52.2013 17.6
 13.299 2412 Alaska-slab2-v3                                                                  190.8550   52.2822 20.2
 22.283 2423 Alaska-slab2-v3                                                                  190.6924   52.0543 15.4
 18.350 2424 Alaska-slab2-v3                                                                  190.6429   52.1369 17.5
 13.452 2425 Alaska-slab2-v3                                                                  190.5927   52.2181 20.1
 22.478 2436 Alaska-slab2-v3                                                                  190.4282   51.9881 15.3
 18.352 2437 Alaska-slab2-v3                                                                  190.3804   52.0708 17.6
 13.357 2438 Alaska-slab2-v3                                                                  190.3318   52.1522 20.3
 22.546 2449 Alaska-slab2-v3                                                                  190.1648   51.9215 15.4
 18.346 2450 Alaska-slab2-v3                                                                  190.1187   52.0044 17.6
 13.281 2451 Alaska-slab2-v3                                                                  190.0718   52.0861 20.4
 22.459 2462 Alaska-slab2-v3                                                                  189.9018   51.8558 15.5
 18.329 2463 Alaska-slab2-v3                                                                  189.8574   51.9391 17.8
 13.285 2464 Alaska-slab2-v3                                                                  189.8118   52.0210 20.5
 22.248 2475 Alaska-slab2-v3                                                                  189.6395   51.7924 15.9
 18.177 2476 Alaska-slab2-v3                                                                  189.5966   51.8761 18.1
 13.187 2477 Alaska-slab2-v3                                                                  189.5517   51.9580 20.9
 21.931 2488 Alaska-slab2-v3                                                                  189.3786   51.7326 16.5
 17.819 2489 Alaska-slab2-v3                                                                  189.3368   51.8163 18.8
 12.863 2490 Alaska-slab2-v3                                                                  189.2920   51.8981 21.6
 24.987 2500 Alaska-slab2-v3                                                                  189.1606   51.5928 15.2
 21.526 2501 Alaska-slab2-v3                                                                  189.1191   51.6771 17.3
 17.285 2502 Alaska-slab2-v3                                                                  189.0776   51.7604 19.8
 20.947 2513 Alaska-slab2-v3                                                                  188.8984   51.5409 16.0
 16.735 2514 Alaska-slab2-v3                                                                  188.8598   51.6253 18.3
 11.759 2515 Alaska-slab2-v3                                                                  188.8181   51.7081 21.0
 24.045 2525 Alaska-slab2-v3                                                                  188.6752   51.4069 15.0
 20.707 2526 Alaska-slab2-v3                                                                  188.6360   51.4919 16.9
 16.369 2527 Alaska-slab2-v3                                                                  188.5981   51.5760 19.3
 19.441 2538 Alaska-slab2-v3                                                                  188.4086   51.3599 15.6
 16.651 2539 Alaska-slab2-v3                                                                  188.3715   51.4450 17.6
 13.119 2540 Alaska-slab2-v3                                                                  188.3330   51.5288 20.1
 12.626 2550 Alaska-slab2-v3                                                                  188.1402   51.3148 16.0
 10.117 2551 Alaska-slab2-v3                                                                  188.1045   51.3999 18.1
  7.107 2552 Alaska-slab2-v3                                                                  188.0659   51.4837 20.6
  8.781 2562 Alaska-slab2-v3                                                                  187.8701   51.2717 16.3
  6.969 2563 Alaska-slab2-v3                                                                  187.8356   51.3569 18.5
  4.885 2564 Alaska-slab2-v3                                                                  187.7975   51.4407 21.1
  4.987 2574 Alaska-slab2-v3                                                                  187.5990   51.2306 16.6
  3.910 2575 Alaska-slab2-v3                                                                  187.5659   51.3157 18.9
  2.712 2576 Alaska-slab2-v3                                                                  187.5286   51.3996 21.5
  4.992 2586 Alaska-slab2-v3                                                                  187.3276   51.1904 16.6
  3.884 2587 Alaska-slab2-v3                                                                  187.2958   51.2756 19.0
  2.656 2588 Alaska-slab2-v3                                                                  187.2596   51.3594 21.7
  5.016 2598 Alaska-slab2-v3                                                                  187.0563   51.1506 16.5
  3.931 2599 Alaska-slab2-v3                                                                  187.0262   51.2361 18.9
  2.678 2600 Alaska-slab2-v3                                                                  186.9916   51.3201 21.5
  5.014 2610 Alaska-slab2-v3                                                                  186.7857   51.1111 16.2
  4.010 2611 Alaska-slab2-v3                                                                  186.7578   51.1974 18.3
  2.800 2612 Alaska-slab2-v3                                                                  186.7261   51.2821 20.8
  5.841 2622 Alaska-slab2-v3                                                                  186.5161   51.0725 15.6
  5.032 2623 Alaska-slab2-v3                                                                  186.4904   51.1595 17.5
  4.052 2624 Alaska-slab2-v3                                                                  186.4633   51.2456 19.7
  4.896 2636 Alaska-slab2-v3                                                                  186.2236   51.1228 16.6
  3.975 2637 Alaska-slab2-v3                                                                  186.2002   51.2099 18.6
  2.904 2638 Alaska-slab2-v3                                                                  186.1726   51.2958 20.9
  5.751 2649 Alaska-slab2-v3                                                                  185.9571   51.0878 15.7
  4.934 2650 Alaska-slab2-v3                                                                  185.9348   51.1752 17.6
  4.014 2651 Alaska-slab2-v3                                                                  185.9110   51.2620 19.7
  4.796 2663 Alaska-slab2-v3                                                                  185.6675   51.1422 16.7
  3.819 2664 Alaska-slab2-v3                                                                  185.6451   51.2292 18.7
  2.780 2665 Alaska-slab2-v3                                                                  185.6203   51.3157 20.9
  5.696 2677 Alaska-slab2-v3                                                                  185.3969   51.1109 16.0
  4.799 2678 Alaska-slab2-v3                                                                  185.3752   51.1980 18.0
  3.828 2679 Alaska-slab2-v3                                                                  185.3522   51.2847 20.2
  5.575 2691 Alaska-slab2-v3                                                                  185.1230   51.0809 15.6
  4.722 2692 Alaska-slab2-v3                                                                  185.1026   51.1684 17.5
  3.723 2693 Alaska-slab2-v3                                                                  185.0813   51.2553 19.7
