  7.484 2160 Alaska-slab2-v3                                                                  195.9164   52.7538  8.8
  7.484 2161 Alaska-slab2-v3                                                                  195.8277   52.8066 13.0
  7.179 2162 Alaska-slab2-v3                                                                  195.7503   52.8815 14.6
  7.003 2163 Alaska-slab2-v3                                                                  195.6716   52.9580 15.0
  6.562 2164 Alaska-slab2-v3                                                                  195.5985   53.0359 15.8
  5.578 2165 Alaska-slab2-v3                                                                  195.5310   53.1146 17.7
  4.382 2166 Alaska-slab2-v3                                                                  195.4640   53.1926 19.9
  7.484 2175 Alaska-slab2-v3                                                                  195.6419   52.6846  8.7
  7.484 2176 Alaska-slab2-v3                                                                  195.5535   52.7408 12.7
  7.306 2177 Alaska-slab2-v3                                                                  195.4769   52.8160 14.4
  7.024 2178 Alaska-slab2-v3                                                                  195.3993   52.8928 14.9
  6.524 2179 Alaska-slab2-v3                                                                  195.3277   52.9711 15.9
  5.550 2180 Alaska-slab2-v3                                                                  195.2615   53.0502 17.7
  4.390 2181 Alaska-slab2-v3                                                                  195.1957   53.1287 19.9
  3.283 2182 Alaska-slab2-v3                                                                  195.1300   53.2075 22.0
  7.484 2190 Alaska-slab2-v3                                                                  195.3701   52.6129  8.4
  7.484 2191 Alaska-slab2-v3                                                                  195.2821   52.6730 12.2
  7.476 2192 Alaska-slab2-v3                                                                  195.2065   52.7485 14.0
  7.054 2193 Alaska-slab2-v3                                                                  195.1300   52.8254 14.8
  6.476 2194 Alaska-slab2-v3                                                                  195.0595   52.9040 15.9
  5.519 2195 Alaska-slab2-v3                                                                  194.9946   52.9835 17.7
  4.407 2196 Alaska-slab2-v3                                                                  194.9299   53.0626 19.8
  3.326 2197 Alaska-slab2-v3                                                                  194.8651   53.1418 21.8
  7.484 2205 Alaska-slab2-v3                                                                  195.1009   52.5389  8.2
  7.484 2206 Alaska-slab2-v3                                                                  195.0141   52.6025 11.6
  7.484 2207 Alaska-slab2-v3                                                                  194.9402   52.6785 13.5
  7.123 2208 Alaska-slab2-v3                                                                  194.8651   52.7557 14.6
  6.487 2209 Alaska-slab2-v3                                                                  194.7952   52.8344 15.7
  5.549 2210 Alaska-slab2-v3                                                                  194.7309   52.9142 17.5
  4.459 2211 Alaska-slab2-v3                                                                  194.6671   52.9936 19.5
  3.386 2212 Alaska-slab2-v3                                                                  194.6032   53.0731 21.5
  7.484 2220 Alaska-slab2-v3                                                                  194.8340   52.4634  7.9
  7.484 2221 Alaska-slab2-v3                                                                  194.7491   52.5299 11.1
  7.484 2222 Alaska-slab2-v3                                                                  194.6767   52.6063 13.1
  7.237 2223 Alaska-slab2-v3                                                                  194.6038   52.6841 14.2
  6.590 2224 Alaska-slab2-v3                                                                  194.5343   52.7630 15.4
  5.676 2225 Alaska-slab2-v3                                                                  194.4699   52.8428 17.1
  4.589 2226 Alaska-slab2-v3                                                                  194.4069   52.9224 19.1
  3.485 2227 Alaska-slab2-v3                                                                  194.3436   53.0020 21.1
  7.484 2235 Alaska-slab2-v3                                                                  194.5680   52.3876  7.8
  7.484 2236 Alaska-slab2-v3                                                                  194.4852   52.4562 10.8
  7.484 2237 Alaska-slab2-v3                                                                  194.4138   52.5328 12.7
  7.389 2238 Alaska-slab2-v3                                                                  194.3434   52.6114 13.9
  6.755 2239 Alaska-slab2-v3                                                                  194.2746   52.6905 15.0
  5.880 2240 Alaska-slab2-v3                                                                  194.2100   52.7703 16.6
  4.798 2241 Alaska-slab2-v3                                                                  194.1478   52.8502 18.6
  3.651 2242 Alaska-slab2-v3                                                                  194.0852   52.9298 20.7
  7.484 2250 Alaska-slab2-v3                                                                  194.3010   52.3122  7.7
  7.484 2251 Alaska-slab2-v3                                                                  194.2199   52.3821 10.5
  7.484 2252 Alaska-slab2-v3                                                                  194.1497   52.4592 12.4
  7.484 2253 Alaska-slab2-v3                                                                  194.0814   52.5384 13.6
  6.913 2254 Alaska-slab2-v3                                                                  194.0136   52.6179 14.7
  6.098 2255 Alaska-slab2-v3                                                                  193.9493   52.6979 16.2
  5.031 2256 Alaska-slab2-v3                                                                  193.8879   52.7780 18.2
  3.856 2257 Alaska-slab2-v3                                                                  193.8262   52.8577 20.3
  7.484 2265 Alaska-slab2-v3                                                                  194.0320   52.2386  7.6
  7.484 2266 Alaska-slab2-v3                                                                  193.9525   52.3094 10.4
  7.484 2267 Alaska-slab2-v3                                                                  193.8835   52.3869 12.3
  7.484 2268 Alaska-slab2-v3                                                                  193.8169   52.4665 13.5
  7.046 2269 Alaska-slab2-v3                                                                  193.7501   52.5464 14.6
  6.273 2270 Alaska-slab2-v3                                                                  193.6866   52.6267 16.0
  5.238 2271 Alaska-slab2-v3                                                                  193.6262   52.7072 17.9
  4.046 2272 Alaska-slab2-v3                                                                  193.5655   52.7871 20.1
  7.484 2279 Alaska-slab2-v3                                                                  193.7606   52.1681  7.6
  7.484 2280 Alaska-slab2-v3                                                                  193.6826   52.2395 10.4
  7.484 2281 Alaska-slab2-v3                                                                  193.6149   52.3174 12.3
  7.484 2282 Alaska-slab2-v3                                                                  193.5495   52.3974 13.5
  7.142 2283 Alaska-slab2-v3                                                                  193.4838   52.4776 14.5
  6.397 2284 Alaska-slab2-v3                                                                  193.4213   52.5583 15.9
  5.376 2285 Alaska-slab2-v3                                                                  193.3621   52.6391 17.8
  4.183 2286 Alaska-slab2-v3                                                                  193.3026   52.7192 20.0
  7.484 2293 Alaska-slab2-v3                                                                  193.4869   52.1014  7.7
  7.484 2294 Alaska-slab2-v3                                                                  193.4102   52.1732 10.5
  7.484 2295 Alaska-slab2-v3                                                                  193.3439   52.2515 12.4
  7.484 2296 Alaska-slab2-v3                                                                  193.2795   52.3318 13.5
  7.209 2297 Alaska-slab2-v3                                                                  193.2149   52.4124 14.5
  6.468 2298 Alaska-slab2-v3                                                                  193.1537   52.4933 15.9
  5.454 2299 Alaska-slab2-v3                                                                  193.0957   52.5744 17.8
  4.274 2300 Alaska-slab2-v3                                                                  193.0373   52.6548 20.0
 13.098 2307 Alaska-slab2-v3                                                                  193.2114   52.0382  7.7
 13.098 2308 Alaska-slab2-v3                                                                  193.1360   52.1104 10.6
 13.098 2309 Alaska-slab2-v3                                                                  193.0709   52.1890 12.4
 13.098 2310 Alaska-slab2-v3                                                                  193.0074   52.2696 13.6
 12.682 2311 Alaska-slab2-v3                                                                  192.9440   52.3504 14.6
 11.369 2312 Alaska-slab2-v3                                                                  192.8841   52.4317 16.0
  9.585 2313 Alaska-slab2-v3                                                                  192.8274   52.5130 18.0
  7.552 2314 Alaska-slab2-v3                                                                  192.7702   52.5937 20.2
 18.711 2321 Alaska-slab2-v3                                                                  192.9351   51.9779  7.7
 18.711 2322 Alaska-slab2-v3                                                                  192.8611   52.0507 10.5
 18.711 2323 Alaska-slab2-v3                                                                  192.7969   52.1296 12.4
 18.711 2324 Alaska-slab2-v3                                                                  192.7344   52.2105 13.6
 18.158 2325 Alaska-slab2-v3                                                                  192.6722   52.2915 14.6
 16.211 2326 Alaska-slab2-v3                                                                  192.6135   52.3730 16.1
 13.619 2327 Alaska-slab2-v3                                                                  192.5579   52.4546 18.1
 10.750 2328 Alaska-slab2-v3                                                                  192.5018   52.5356 20.3
 24.324 2335 Alaska-slab2-v3                                                                  192.6588   51.9199  7.6
 24.324 2336 Alaska-slab2-v3                                                                  192.5868   51.9938 10.3
 24.324 2337 Alaska-slab2-v3                                                                  192.5234   52.0730 12.2
 24.324 2338 Alaska-slab2-v3                                                                  192.4622   52.1542 13.4
 23.740 2339 Alaska-slab2-v3                                                                  192.4010   52.2355 14.5
 21.129 2340 Alaska-slab2-v3                                                                  192.3430   52.3171 16.0
 17.693 2341 Alaska-slab2-v3                                                                  192.2883   52.3988 18.0
 13.880 2342 Alaska-slab2-v3                                                                  192.2330   52.4799 20.2
 29.937 2349 Alaska-slab2-v3                                                                  192.3835   51.8632  7.4
 29.937 2350 Alaska-slab2-v3                                                                  192.3141   51.9389 10.0
 29.937 2351 Alaska-slab2-v3                                                                  192.2517   52.0185 11.8
 29.937 2352 Alaska-slab2-v3                                                                  192.1922   52.1001 13.0
 29.681 2353 Alaska-slab2-v3                                                                  192.1325   52.1817 14.1
 26.457 2354 Alaska-slab2-v3                                                                  192.0749   52.2635 15.6
 22.165 2355 Alaska-slab2-v3                                                                  192.0201   52.3451 17.7
 17.253 2356 Alaska-slab2-v3                                                                  191.9654   52.4262 20.0
 29.937 2363 Alaska-slab2-v3                                                                  192.1090   51.8066  7.2
 29.937 2364 Alaska-slab2-v3                                                                  192.0433   51.8843  9.5
 29.937 2365 Alaska-slab2-v3                                                                  191.9823   51.9645 11.2
 29.937 2366 Alaska-slab2-v3                                                                  191.9245   52.0465 12.5
 29.937 2367 Alaska-slab2-v3                                                                  191.8665   52.1286 13.7
 27.282 2368 Alaska-slab2-v3                                                                  191.8094   52.2105 15.1
 23.117 2369 Alaska-slab2-v3                                                                  191.7544   52.2923 17.0
 18.087 2370 Alaska-slab2-v3                                                                  191.7002   52.3734 19.4
 12.540 2371 Alaska-slab2-v3                                                                  191.6448   52.4536 21.9
 29.937 2377 Alaska-slab2-v3                                                                  191.8351   51.7486  7.1
 29.937 2378 Alaska-slab2-v3                                                                  191.7736   51.8283  9.0
 29.937 2379 Alaska-slab2-v3                                                                  191.7145   51.9093 10.6
 29.937 2380 Alaska-slab2-v3                                                                  191.6577   51.9915 12.0
 29.937 2381 Alaska-slab2-v3                                                                  191.6008   52.0738 13.2
 28.208 2382 Alaska-slab2-v3                                                                  191.5442   52.1559 14.6
 24.337 2383 Alaska-slab2-v3                                                                  191.4894   52.2379 16.3
 19.443 2384 Alaska-slab2-v3                                                                  191.4364   52.3195 18.6
 13.615 2385 Alaska-slab2-v3                                                                  191.3815   52.3995 21.3
 29.937 2391 Alaska-slab2-v3                                                                  191.5618   51.6883  6.9
 29.937 2392 Alaska-slab2-v3                                                                  191.5042   51.7695  8.6
 29.937 2393 Alaska-slab2-v3                                                                  191.4470   51.8512 10.1
 29.937 2394 Alaska-slab2-v3                                                                  191.3907   51.9335 11.5
 29.937 2395 Alaska-slab2-v3                                                                  191.3344   52.0158 12.8
 28.976 2396 Alaska-slab2-v3                                                                  191.2780   52.0980 14.1
 25.330 2397 Alaska-slab2-v3                                                                  191.2237   52.1804 15.8
 20.722 2398 Alaska-slab2-v3                                                                  191.1719   52.2625 17.9
 14.892 2399 Alaska-slab2-v3                                                                  191.1184   52.3428 20.6
 29.937 2404 Alaska-slab2-v3                                                                  191.2896   51.6250  6.8
 29.937 2405 Alaska-slab2-v3                                                                  191.2343   51.7071  8.3
 29.937 2406 Alaska-slab2-v3                                                                  191.1788   51.7894  9.8
 29.937 2407 Alaska-slab2-v3                                                                  191.1231   51.8718 11.1
 29.937 2408 Alaska-slab2-v3                                                                  191.0673   51.9542 12.4
 29.532 2409 Alaska-slab2-v3                                                                  191.0114   52.0365 13.9
 25.901 2410 Alaska-slab2-v3                                                                  190.9577   52.1189 15.5
 21.395 2411 Alaska-slab2-v3                                                                  190.9069   52.2013 17.6
 15.663 2412 Alaska-slab2-v3                                                                  190.8550   52.2822 20.2
 29.937 2417 Alaska-slab2-v3                                                                  191.0187   51.5590  6.7
 29.937 2418 Alaska-slab2-v3                                                                  190.9645   51.6415  8.2
 29.937 2419 Alaska-slab2-v3                                                                  190.9099   51.7241  9.6
 29.937 2420 Alaska-slab2-v3                                                                  190.8552   51.8068 10.9
 29.937 2421 Alaska-slab2-v3                                                                  190.8003   51.8894 12.2
 29.937 2422 Alaska-slab2-v3                                                                  190.7453   51.9718 13.7
 26.244 2423 Alaska-slab2-v3                                                                  190.6924   52.0543 15.4
 21.612 2424 Alaska-slab2-v3                                                                  190.6429   52.1369 17.5
 15.843 2425 Alaska-slab2-v3                                                                  190.5927   52.2181 20.1
 29.937 2430 Alaska-slab2-v3                                                                  190.7489   51.4914  6.7
 29.937 2431 Alaska-slab2-v3                                                                  190.6952   51.5741  8.1
 29.937 2432 Alaska-slab2-v3                                                                  190.6413   51.6569  9.5
 29.937 2433 Alaska-slab2-v3                                                                  190.5875   51.7398 10.8
 29.937 2434 Alaska-slab2-v3                                                                  190.5337   51.8227 12.1
 29.937 2435 Alaska-slab2-v3                                                                  190.4798   51.9054 13.5
 26.473 2436 Alaska-slab2-v3                                                                  190.4282   51.9881 15.3
 21.614 2437 Alaska-slab2-v3                                                                  190.3804   52.0708 17.6
 15.731 2438 Alaska-slab2-v3                                                                  190.3318   52.1522 20.3
 29.937 2443 Alaska-slab2-v3                                                                  190.4797   51.4236  6.7
 29.937 2444 Alaska-slab2-v3                                                                  190.4265   51.5064  8.1
 29.937 2445 Alaska-slab2-v3                                                                  190.3732   51.5893  9.5
 29.937 2446 Alaska-slab2-v3                                                                  190.3203   51.6724 10.8
 29.937 2447 Alaska-slab2-v3                                                                  190.2676   51.7556 12.1
 29.937 2448 Alaska-slab2-v3                                                                  190.2149   51.8385 13.5
 26.553 2449 Alaska-slab2-v3                                                                  190.1648   51.9215 15.4
 21.607 2450 Alaska-slab2-v3                                                                  190.1187   52.0044 17.6
 15.641 2451 Alaska-slab2-v3                                                                  190.0718   52.0861 20.4
 29.937 2456 Alaska-slab2-v3                                                                  190.2103   51.3567  6.8
 29.937 2457 Alaska-slab2-v3                                                                  190.1579   51.4396  8.2
 29.937 2458 Alaska-slab2-v3                                                                  190.1055   51.5226  9.6
 29.937 2459 Alaska-slab2-v3                                                                  190.0536   51.6059 10.9
 29.937 2460 Alaska-slab2-v3                                                                  190.0020   51.6893 12.2
 29.937 2461 Alaska-slab2-v3                                                                  189.9504   51.7725 13.7
 26.451 2462 Alaska-slab2-v3                                                                  189.9018   51.8558 15.5
 21.587 2463 Alaska-slab2-v3                                                                  189.8574   51.9391 17.8
 15.647 2464 Alaska-slab2-v3                                                                  189.8118   52.0210 20.5
 29.937 2469 Alaska-slab2-v3                                                                  189.9402   51.2920  6.8
 29.937 2470 Alaska-slab2-v3                                                                  189.8891   51.3750  8.4
 29.937 2471 Alaska-slab2-v3                                                                  189.8380   51.4582  9.9
 29.937 2472 Alaska-slab2-v3                                                                  189.7873   51.5417 11.3
 29.937 2473 Alaska-slab2-v3                                                                  189.7369   51.6254 12.6
 29.937 2474 Alaska-slab2-v3                                                                  189.6864   51.7088 14.1
 26.203 2475 Alaska-slab2-v3                                                                  189.6395   51.7924 15.9
 21.408 2476 Alaska-slab2-v3                                                                  189.5966   51.8761 18.1
 15.531 2477 Alaska-slab2-v3                                                                  189.5517   51.9580 20.9
 29.937 2482 Alaska-slab2-v3                                                                  189.6688   51.2307  6.9
 29.937 2483 Alaska-slab2-v3                                                                  189.6196   51.3137  8.8
 29.937 2484 Alaska-slab2-v3                                                                  189.5703   51.3972 10.4
 29.937 2485 Alaska-slab2-v3                                                                  189.5211   51.4810 11.7
 29.937 2486 Alaska-slab2-v3                                                                  189.4718   51.5649 13.1
 29.720 2487 Alaska-slab2-v3                                                                  189.4233   51.6486 14.6
 25.829 2488 Alaska-slab2-v3                                                                  189.3786   51.7326 16.5
 20.986 2489 Alaska-slab2-v3                                                                  189.3368   51.8163 18.8
 15.150 2490 Alaska-slab2-v3                                                                  189.2920   51.8981 21.6
 29.937 2495 Alaska-slab2-v3                                                                  189.3958   51.1735  7.1
 29.937 2496 Alaska-slab2-v3                                                                  189.3493   51.2566  9.2
 29.937 2497 Alaska-slab2-v3                                                                  189.3020   51.3403 10.9
 29.937 2498 Alaska-slab2-v3                                                                  189.2542   51.4244 12.3
 29.937 2499 Alaska-slab2-v3                                                                  189.2063   51.5085 13.6
 29.428 2500 Alaska-slab2-v3                                                                  189.1606   51.5928 15.2
 25.352 2501 Alaska-slab2-v3                                                                  189.1191   51.6771 17.3
 20.358 2502 Alaska-slab2-v3                                                                  189.0776   51.7604 19.8
 29.937 2508 Alaska-slab2-v3                                                                  189.1215   51.1204  7.4
 29.937 2509 Alaska-slab2-v3                                                                  189.0781   51.2032  9.9
 29.937 2510 Alaska-slab2-v3                                                                  189.0329   51.2871 11.7
 29.937 2511 Alaska-slab2-v3                                                                  188.9866   51.3716 13.0
 28.445 2512 Alaska-slab2-v3                                                                  188.9407   51.4562 14.3
 24.670 2513 Alaska-slab2-v3                                                                  188.8984   51.5409 16.0
 19.709 2514 Alaska-slab2-v3                                                                  188.8598   51.6253 18.3
 13.849 2515 Alaska-slab2-v3                                                                  188.8181   51.7081 21.0
 29.937 2521 Alaska-slab2-v3                                                                  188.8463   51.0704  7.7
 29.937 2522 Alaska-slab2-v3                                                                  188.8060   51.1527 10.6
 29.937 2523 Alaska-slab2-v3                                                                  188.7626   51.2368 12.5
 29.937 2524 Alaska-slab2-v3                                                                  188.7182   51.3218 13.7
 28.318 2525 Alaska-slab2-v3                                                                  188.6752   51.4069 15.0
 24.387 2526 Alaska-slab2-v3                                                                  188.6360   51.4919 16.9
 19.278 2527 Alaska-slab2-v3                                                                  188.5981   51.5760 19.3
 24.324 2534 Alaska-slab2-v3                                                                  188.5701   51.0230  8.1
 24.324 2535 Alaska-slab2-v3                                                                  188.5329   51.1043 11.4
 24.324 2536 Alaska-slab2-v3                                                                  188.4913   51.1887 13.2
 24.324 2537 Alaska-slab2-v3                                                                  188.4488   51.2742 14.3
 22.896 2538 Alaska-slab2-v3                                                                  188.4086   51.3599 15.6
 19.611 2539 Alaska-slab2-v3                                                                  188.3715   51.4450 17.6
 15.451 2540 Alaska-slab2-v3                                                                  188.3330   51.5288 20.1
 18.711 2546 Alaska-slab2-v3                                                                  188.2929   50.9776  8.3
 18.711 2547 Alaska-slab2-v3                                                                  188.2584   51.0580 12.0
 18.007 2548 Alaska-slab2-v3                                                                  188.2186   51.1427 13.8
 16.713 2549 Alaska-slab2-v3                                                                  188.1783   51.2288 14.7
 14.870 2550 Alaska-slab2-v3                                                                  188.1402   51.3148 16.0
 11.916 2551 Alaska-slab2-v3                                                                  188.1045   51.3999 18.1
  8.371 2552 Alaska-slab2-v3                                                                  188.0659   51.4837 20.6
 13.098 2558 Alaska-slab2-v3                                                                  188.0151   50.9341  8.5
 13.098 2559 Alaska-slab2-v3                                                                  187.9829   51.0142 12.3
 12.583 2560 Alaska-slab2-v3                                                                  187.9448   51.0992 14.0
 11.710 2561 Alaska-slab2-v3                                                                  187.9064   51.1856 14.9
 10.342 2562 Alaska-slab2-v3                                                                  187.8701   51.2717 16.3
  8.208 2563 Alaska-slab2-v3                                                                  187.8356   51.3569 18.5
  5.753 2564 Alaska-slab2-v3                                                                  187.7975   51.4407 21.1
  7.484 2570 Alaska-slab2-v3                                                                  187.7371   50.8920  8.4
  7.484 2571 Alaska-slab2-v3                                                                  187.7070   50.9726 12.2
  7.306 2572 Alaska-slab2-v3                                                                  187.6702   51.0578 14.0
  6.741 2573 Alaska-slab2-v3                                                                  187.6335   51.1444 15.0
  5.873 2574 Alaska-slab2-v3                                                                  187.5990   51.2306 16.6
  4.605 2575 Alaska-slab2-v3                                                                  187.5659   51.3157 18.9
  3.195 2576 Alaska-slab2-v3                                                                  187.5286   51.3996 21.5
  7.484 2582 Alaska-slab2-v3                                                                  187.4593   50.8505  8.3
  7.484 2583 Alaska-slab2-v3                                                                  187.4311   50.9322 11.8
  7.484 2584 Alaska-slab2-v3                                                                  187.3957   51.0176 13.7
  6.818 2585 Alaska-slab2-v3                                                                  187.3605   51.1042 14.9
  5.879 2586 Alaska-slab2-v3                                                                  187.3276   51.1904 16.6
  4.575 2587 Alaska-slab2-v3                                                                  187.2958   51.2756 19.0
  3.128 2588 Alaska-slab2-v3                                                                  187.2596   51.3594 21.7
  7.484 2594 Alaska-slab2-v3                                                                  187.1815   50.8091  8.0
  7.484 2595 Alaska-slab2-v3                                                                  187.1553   50.8921 11.3
  7.484 2596 Alaska-slab2-v3                                                                  187.1217   50.9776 13.3
  6.873 2597 Alaska-slab2-v3                                                                  187.0879   51.0642 14.8
  5.907 2598 Alaska-slab2-v3                                                                  187.0563   51.1506 16.5
  4.629 2599 Alaska-slab2-v3                                                                  187.0262   51.2361 18.9
  3.154 2600 Alaska-slab2-v3                                                                  186.9916   51.3201 21.5
  7.484 2606 Alaska-slab2-v3                                                                  186.9034   50.7677  7.8
  7.484 2607 Alaska-slab2-v3                                                                  186.8792   50.8520 10.8
  7.484 2608 Alaska-slab2-v3                                                                  186.8480   50.9377 12.9
  6.853 2609 Alaska-slab2-v3                                                                  186.8157   51.0243 14.5
  5.906 2610 Alaska-slab2-v3                                                                  186.7857   51.1111 16.2
  4.722 2611 Alaska-slab2-v3                                                                  186.7578   51.1974 18.3
  3.298 2612 Alaska-slab2-v3                                                                  186.7261   51.2821 20.8
  7.484 2618 Alaska-slab2-v3                                                                  186.6250   50.7270  7.6
  7.484 2619 Alaska-slab2-v3                                                                  186.6029   50.8123 10.3
  7.484 2620 Alaska-slab2-v3                                                                  186.5747   50.8985 12.4
  7.484 2621 Alaska-slab2-v3                                                                  186.5444   50.9853 14.0
  6.879 2622 Alaska-slab2-v3                                                                  186.5161   51.0725 15.6
  5.926 2623 Alaska-slab2-v3                                                                  186.4904   51.1595 17.5
  4.772 2624 Alaska-slab2-v3                                                                  186.4633   51.2456 19.7
  7.484 2631 Alaska-slab2-v3                                                                  186.3462   50.6875  7.4
  7.484 2632 Alaska-slab2-v3                                                                  186.3261   50.7736  9.9
  7.484 2633 Alaska-slab2-v3                                                                  186.3013   50.8604 11.9
  7.484 2634 Alaska-slab2-v3                                                                  186.2741   50.9477 13.5
  6.690 2635 Alaska-slab2-v3                                                                  186.2478   51.0353 15.0
  5.766 2636 Alaska-slab2-v3                                                                  186.2236   51.1228 16.6
  4.681 2637 Alaska-slab2-v3                                                                  186.2002   51.2099 18.6
  3.420 2638 Alaska-slab2-v3                                                                  186.1726   51.2958 20.9
  7.484 2644 Alaska-slab2-v3                                                                  186.0671   50.6497  7.3
  7.484 2645 Alaska-slab2-v3                                                                  186.0487   50.7365  9.6
  7.484 2646 Alaska-slab2-v3                                                                  186.0271   50.8239 11.5
  7.484 2647 Alaska-slab2-v3                                                                  186.0035   50.9118 12.9
  7.484 2648 Alaska-slab2-v3                                                                  185.9799   50.9999 14.2
  6.774 2649 Alaska-slab2-v3                                                                  185.9571   51.0878 15.7
  5.810 2650 Alaska-slab2-v3                                                                  185.9348   51.1752 17.6
  4.727 2651 Alaska-slab2-v3                                                                  185.9110   51.2620 19.7
  7.484 2657 Alaska-slab2-v3                                                                  185.7873   50.6143  7.2
  7.484 2658 Alaska-slab2-v3                                                                  185.7703   50.7014  9.5
  7.484 2659 Alaska-slab2-v3                                                                  185.7512   50.7892 11.2
  7.484 2660 Alaska-slab2-v3                                                                  185.7307   50.8777 12.5
  7.375 2661 Alaska-slab2-v3                                                                  185.7100   50.9662 13.6
  6.632 2662 Alaska-slab2-v3                                                                  185.6891   51.0545 14.9
  5.649 2663 Alaska-slab2-v3                                                                  185.6675   51.1422 16.7
  4.498 2664 Alaska-slab2-v3                                                                  185.6451   51.2292 18.7
  3.274 2665 Alaska-slab2-v3                                                                  185.6203   51.3157 20.9
  7.484 2671 Alaska-slab2-v3                                                                  185.5072   50.5812  7.2
  7.484 2672 Alaska-slab2-v3                                                                  185.4912   50.6685  9.4
  7.484 2673 Alaska-slab2-v3                                                                  185.4736   50.7566 11.1
  7.484 2674 Alaska-slab2-v3                                                                  185.4549   50.8453 12.3
  7.484 2675 Alaska-slab2-v3                                                                  185.4362   50.9342 13.2
  7.484 2676 Alaska-slab2-v3                                                                  185.4172   51.0229 14.4
  6.708 2677 Alaska-slab2-v3                                                                  185.3969   51.1109 16.0
  5.652 2678 Alaska-slab2-v3                                                                  185.3752   51.1980 18.0
  4.508 2679 Alaska-slab2-v3                                                                  185.3522   51.2847 20.2
  7.484 2685 Alaska-slab2-v3                                                                  185.2267   50.5503  7.2
  7.484 2686 Alaska-slab2-v3                                                                  185.2117   50.6377  9.4
  7.484 2687 Alaska-slab2-v3                                                                  185.1952   50.7258 11.1
  7.484 2688 Alaska-slab2-v3                                                                  185.1776   50.8146 12.3
  7.484 2689 Alaska-slab2-v3                                                                  185.1598   50.9036 13.2
  7.323 2690 Alaska-slab2-v3                                                                  185.1420   50.9925 14.2
  6.566 2691 Alaska-slab2-v3                                                                  185.1230   51.0809 15.6
  5.561 2692 Alaska-slab2-v3                                                                  185.1026   51.1684 17.5
  4.384 2693 Alaska-slab2-v3                                                                  185.0813   51.2553 19.7
