 22.708 2160 Alaska-slab2-v3                                                                  195.9164   52.7538  8.8
  7.300 2161 Alaska-slab2-v3                                                                  195.8277   52.8066 13.0
  1.211 2162 Alaska-slab2-v3                                                                  195.7503   52.8815 14.6
  2.829 2164 Alaska-slab2-v3                                                                  195.5985   53.0359 15.8
  1.553 2165 Alaska-slab2-v3                                                                  195.5310   53.1146 17.7
 23.079 2175 Alaska-slab2-v3                                                                  195.6419   52.6846  8.7
  8.245 2176 Alaska-slab2-v3                                                                  195.5535   52.7408 12.7
  1.951 2177 Alaska-slab2-v3                                                                  195.4769   52.8160 14.4
  3.810 2179 Alaska-slab2-v3                                                                  195.3277   52.9711 15.9
  2.665 2180 Alaska-slab2-v3                                                                  195.2615   53.0502 17.7
  1.301 2181 Alaska-slab2-v3                                                                  195.1957   53.1287 19.9
 23.653 2190 Alaska-slab2-v3                                                                  195.3701   52.6129  8.4
  9.654 2191 Alaska-slab2-v3                                                                  195.2821   52.6730 12.2
  2.933 2192 Alaska-slab2-v3                                                                  195.2065   52.7485 14.0
  3.717 2194 Alaska-slab2-v3                                                                  195.0595   52.9040 15.9
  2.587 2195 Alaska-slab2-v3                                                                  194.9946   52.9835 17.7
  1.275 2196 Alaska-slab2-v3                                                                  194.9299   53.0626 19.8
 24.097 2205 Alaska-slab2-v3                                                                  195.1009   52.5389  8.2
 10.991 2206 Alaska-slab2-v3                                                                  195.0141   52.6025 11.6
  3.815 2207 Alaska-slab2-v3                                                                  194.9402   52.6785 13.5
  3.678 2209 Alaska-slab2-v3                                                                  194.7952   52.8344 15.7
  2.565 2210 Alaska-slab2-v3                                                                  194.7309   52.9142 17.5
  1.273 2211 Alaska-slab2-v3                                                                  194.6671   52.9936 19.5
 24.270 2220 Alaska-slab2-v3                                                                  194.8340   52.4634  7.9
 11.903 2221 Alaska-slab2-v3                                                                  194.7491   52.5299 11.1
  4.444 2222 Alaska-slab2-v3                                                                  194.6767   52.6063 13.1
  3.714 2224 Alaska-slab2-v3                                                                  194.5343   52.7630 15.4
  2.622 2225 Alaska-slab2-v3                                                                  194.4699   52.8428 17.1
  1.321 2226 Alaska-slab2-v3                                                                  194.4069   52.9224 19.1
 24.129 2235 Alaska-slab2-v3                                                                  194.5680   52.3876  7.8
 12.283 2236 Alaska-slab2-v3                                                                  194.4852   52.4562 10.8
  4.715 2237 Alaska-slab2-v3                                                                  194.4138   52.5328 12.7
  3.768 2239 Alaska-slab2-v3                                                                  194.2746   52.6905 15.0
  2.707 2240 Alaska-slab2-v3                                                                  194.2100   52.7703 16.6
  1.393 2241 Alaska-slab2-v3                                                                  194.1478   52.8502 18.6
 26.302 2250 Alaska-slab2-v3                                                                  194.3010   52.3122  7.7
 15.632 2251 Alaska-slab2-v3                                                                  194.2199   52.3821 10.5
  8.581 2252 Alaska-slab2-v3                                                                  194.1497   52.4592 12.4
  4.104 2253 Alaska-slab2-v3                                                                  194.0814   52.5384 13.6
  2.772 2255 Alaska-slab2-v3                                                                  193.9493   52.6979 16.2
  1.454 2256 Alaska-slab2-v3                                                                  193.8879   52.7780 18.2
 26.099 2265 Alaska-slab2-v3                                                                  194.0320   52.2386  7.6
 15.523 2266 Alaska-slab2-v3                                                                  193.9525   52.3094 10.4
  8.423 2267 Alaska-slab2-v3                                                                  193.8835   52.3869 12.3
  3.966 2268 Alaska-slab2-v3                                                                  193.8169   52.4665 13.5
  2.801 2270 Alaska-slab2-v3                                                                  193.6866   52.6267 16.0
  1.500 2271 Alaska-slab2-v3                                                                  193.6262   52.7072 17.9
 25.999 2279 Alaska-slab2-v3                                                                  193.7606   52.1681  7.6
 15.349 2280 Alaska-slab2-v3                                                                  193.6826   52.2395 10.4
  8.262 2281 Alaska-slab2-v3                                                                  193.6149   52.3174 12.3
  3.866 2282 Alaska-slab2-v3                                                                  193.5495   52.3974 13.5
  2.819 2284 Alaska-slab2-v3                                                                  193.4213   52.5583 15.9
  1.520 2285 Alaska-slab2-v3                                                                  193.3621   52.6391 17.8
 25.965 2293 Alaska-slab2-v3                                                                  193.4869   52.1014  7.7
 15.232 2294 Alaska-slab2-v3                                                                  193.4102   52.1732 10.5
  8.126 2295 Alaska-slab2-v3                                                                  193.3439   52.2515 12.4
  3.780 2296 Alaska-slab2-v3                                                                  193.2795   52.3318 13.5
  2.818 2298 Alaska-slab2-v3                                                                  193.1537   52.4933 15.9
  1.515 2299 Alaska-slab2-v3                                                                  193.0957   52.5744 17.8
 26.049 2307 Alaska-slab2-v3                                                                  193.2114   52.0382  7.7
 15.223 2308 Alaska-slab2-v3                                                                  193.1360   52.1104 10.6
  8.157 2309 Alaska-slab2-v3                                                                  193.0709   52.1890 12.4
  3.872 2310 Alaska-slab2-v3                                                                  193.0074   52.2696 13.6
  2.813 2312 Alaska-slab2-v3                                                                  192.8841   52.4317 16.0
  1.499 2313 Alaska-slab2-v3                                                                  192.8274   52.5130 18.0
 26.126 2321 Alaska-slab2-v3                                                                  192.9351   51.9779  7.7
 15.428 2322 Alaska-slab2-v3                                                                  192.8611   52.0507 10.5
  8.371 2323 Alaska-slab2-v3                                                                  192.7969   52.1296 12.4
  4.016 2324 Alaska-slab2-v3                                                                  192.7344   52.2105 13.6
  2.813 2326 Alaska-slab2-v3                                                                  192.6135   52.3730 16.1
  1.478 2327 Alaska-slab2-v3                                                                  192.5579   52.4546 18.1
 26.151 2335 Alaska-slab2-v3                                                                  192.6588   51.9199  7.6
 15.766 2336 Alaska-slab2-v3                                                                  192.5868   51.9938 10.3
  8.755 2337 Alaska-slab2-v3                                                                  192.5234   52.0730 12.2
  4.207 2338 Alaska-slab2-v3                                                                  192.4622   52.1542 13.4
  2.864 2340 Alaska-slab2-v3                                                                  192.3430   52.3171 16.0
  1.507 2341 Alaska-slab2-v3                                                                  192.2883   52.3988 18.0
 26.039 2349 Alaska-slab2-v3                                                                  192.3835   51.8632  7.4
 16.206 2350 Alaska-slab2-v3                                                                  192.3141   51.9389 10.0
  9.211 2351 Alaska-slab2-v3                                                                  192.2517   52.0185 11.8
  4.431 2352 Alaska-slab2-v3                                                                  192.1922   52.1001 13.0
  2.967 2354 Alaska-slab2-v3                                                                  192.0749   52.2635 15.6
  1.583 2355 Alaska-slab2-v3                                                                  192.0201   52.3451 17.7
 20.985 2363 Alaska-slab2-v3                                                                  192.1090   51.8066  7.2
 13.630 2364 Alaska-slab2-v3                                                                  192.0433   51.8843  9.5
  8.008 2365 Alaska-slab2-v3                                                                  191.9823   51.9645 11.2
  3.824 2366 Alaska-slab2-v3                                                                  191.9245   52.0465 12.5
  4.279 2368 Alaska-slab2-v3                                                                  191.8094   52.2105 15.1
  3.070 2369 Alaska-slab2-v3                                                                  191.7544   52.2923 17.0
  1.610 2370 Alaska-slab2-v3                                                                  191.7002   52.3734 19.4
 17.173 2377 Alaska-slab2-v3                                                                  191.8351   51.7486  7.1
 13.092 2378 Alaska-slab2-v3                                                                  191.7736   51.8283  9.0
  9.247 2379 Alaska-slab2-v3                                                                  191.7145   51.9093 10.6
  6.133 2380 Alaska-slab2-v3                                                                  191.6577   51.9915 12.0
  3.279 2381 Alaska-slab2-v3                                                                  191.6008   52.0738 13.2
  3.184 2383 Alaska-slab2-v3                                                                  191.4894   52.2379 16.3
  1.731 2384 Alaska-slab2-v3                                                                  191.4364   52.3195 18.6
 12.021 2391 Alaska-slab2-v3                                                                  191.5618   51.6883  6.9
  9.413 2392 Alaska-slab2-v3                                                                  191.5042   51.7695  8.6
  6.796 2393 Alaska-slab2-v3                                                                  191.4470   51.8512 10.1
  4.520 2394 Alaska-slab2-v3                                                                  191.3907   51.9335 11.5
  2.345 2395 Alaska-slab2-v3                                                                  191.3344   52.0158 12.8
  3.188 2397 Alaska-slab2-v3                                                                  191.2237   52.1804 15.8
  1.781 2398 Alaska-slab2-v3                                                                  191.1719   52.2625 17.9
  6.869 2404 Alaska-slab2-v3                                                                  191.2896   51.6250  6.8
  5.497 2405 Alaska-slab2-v3                                                                  191.2343   51.7071  8.3
  4.061 2406 Alaska-slab2-v3                                                                  191.1788   51.7894  9.8
  2.724 2407 Alaska-slab2-v3                                                                  191.1231   51.8718 11.1
  1.416 2408 Alaska-slab2-v3                                                                  191.0673   51.9542 12.4
  3.181 2410 Alaska-slab2-v3                                                                  190.9577   52.1189 15.5
  1.781 2411 Alaska-slab2-v3                                                                  190.9069   52.2013 17.6
  6.869 2417 Alaska-slab2-v3                                                                  191.0187   51.5590  6.7
  5.522 2418 Alaska-slab2-v3                                                                  190.9645   51.6415  8.2
  4.134 2419 Alaska-slab2-v3                                                                  190.9099   51.7241  9.6
  2.806 2420 Alaska-slab2-v3                                                                  190.8552   51.8068 10.9
  1.468 2421 Alaska-slab2-v3                                                                  190.8003   51.8894 12.2
  3.245 2423 Alaska-slab2-v3                                                                  190.6924   52.0543 15.4
  1.800 2424 Alaska-slab2-v3                                                                  190.6429   52.1369 17.5
  6.869 2430 Alaska-slab2-v3                                                                  190.7489   51.4914  6.7
  5.493 2431 Alaska-slab2-v3                                                                  190.6952   51.5741  8.1
  4.133 2432 Alaska-slab2-v3                                                                  190.6413   51.6569  9.5
  2.823 2433 Alaska-slab2-v3                                                                  190.5875   51.7398 10.8
  1.493 2434 Alaska-slab2-v3                                                                  190.5337   51.8227 12.1
  3.343 2436 Alaska-slab2-v3                                                                  190.4282   51.9881 15.3
  1.831 2437 Alaska-slab2-v3                                                                  190.3804   52.0708 17.6
  6.869 2443 Alaska-slab2-v3                                                                  190.4797   51.4236  6.7
  5.479 2444 Alaska-slab2-v3                                                                  190.4265   51.5064  8.1
  4.099 2445 Alaska-slab2-v3                                                                  190.3732   51.5893  9.5
  2.800 2446 Alaska-slab2-v3                                                                  190.3203   51.6724 10.8
  1.492 2447 Alaska-slab2-v3                                                                  190.2676   51.7556 12.1
  3.389 2449 Alaska-slab2-v3                                                                  190.1648   51.9215 15.4
  1.853 2450 Alaska-slab2-v3                                                                  190.1187   52.0044 17.6
  6.869 2456 Alaska-slab2-v3                                                                  190.2103   51.3567  6.8
  5.471 2457 Alaska-slab2-v3                                                                  190.1579   51.4396  8.2
  4.068 2458 Alaska-slab2-v3                                                                  190.1055   51.5226  9.6
  2.766 2459 Alaska-slab2-v3                                                                  190.0536   51.6059 10.9
  1.463 2460 Alaska-slab2-v3                                                                  190.0020   51.6893 12.2
  3.356 2462 Alaska-slab2-v3                                                                  189.9018   51.8558 15.5
  1.845 2463 Alaska-slab2-v3                                                                  189.8574   51.9391 17.8
  6.869 2469 Alaska-slab2-v3                                                                  189.9402   51.2920  6.8
  5.492 2470 Alaska-slab2-v3                                                                  189.8891   51.3750  8.4
  4.045 2471 Alaska-slab2-v3                                                                  189.8380   51.4582  9.9
  2.736 2472 Alaska-slab2-v3                                                                  189.7873   51.5417 11.3
  1.446 2473 Alaska-slab2-v3                                                                  189.7369   51.6254 12.6
  3.306 2475 Alaska-slab2-v3                                                                  189.6395   51.7924 15.9
  1.821 2476 Alaska-slab2-v3                                                                  189.5966   51.8761 18.1
  6.869 2482 Alaska-slab2-v3                                                                  189.6688   51.2307  6.9
  5.488 2483 Alaska-slab2-v3                                                                  189.6196   51.3137  8.8
  3.979 2484 Alaska-slab2-v3                                                                  189.5703   51.3972 10.4
  2.678 2485 Alaska-slab2-v3                                                                  189.5211   51.4810 11.7
  1.424 2486 Alaska-slab2-v3                                                                  189.4718   51.5649 13.1
  5.741 2488 Alaska-slab2-v3                                                                  189.3786   51.7326 16.5
  3.137 2489 Alaska-slab2-v3                                                                  189.3368   51.8163 18.8
  6.562 2495 Alaska-slab2-v3                                                                  189.3958   51.1735  7.1
  4.449 2496 Alaska-slab2-v3                                                                  189.3493   51.2566  9.2
  2.728 2497 Alaska-slab2-v3                                                                  189.3020   51.3403 10.9
  1.339 2498 Alaska-slab2-v3                                                                  189.2542   51.4244 12.3
  7.883 2500 Alaska-slab2-v3                                                                  189.1606   51.5928 15.2
  4.341 2501 Alaska-slab2-v3                                                                  189.1191   51.6771 17.3
  6.649 2508 Alaska-slab2-v3                                                                  189.1215   51.1204  7.4
  4.279 2509 Alaska-slab2-v3                                                                  189.0781   51.2032  9.9
  2.533 2510 Alaska-slab2-v3                                                                  189.0329   51.2871 11.7
  1.257 2511 Alaska-slab2-v3                                                                  188.9866   51.3716 13.0
 10.497 2513 Alaska-slab2-v3                                                                  188.8984   51.5409 16.0
  5.685 2514 Alaska-slab2-v3                                                                  188.8598   51.6253 18.3
  6.002 2521 Alaska-slab2-v3                                                                  188.8463   51.0704  7.7
  3.086 2522 Alaska-slab2-v3                                                                  188.8060   51.1527 10.6
  1.213 2523 Alaska-slab2-v3                                                                  188.7626   51.2368 12.5
 12.237 2525 Alaska-slab2-v3                                                                  188.6752   51.4069 15.0
  6.916 2526 Alaska-slab2-v3                                                                  188.6360   51.4919 16.9
  5.991 2534 Alaska-slab2-v3                                                                  188.5701   51.0230  8.1
  2.803 2535 Alaska-slab2-v3                                                                  188.5329   51.1043 11.4
  1.018 2536 Alaska-slab2-v3                                                                  188.4913   51.1887 13.2
 12.324 2538 Alaska-slab2-v3                                                                  188.4086   51.3599 15.6
  6.886 2539 Alaska-slab2-v3                                                                  188.3715   51.4450 17.6
  5.955 2546 Alaska-slab2-v3                                                                  188.2929   50.9776  8.3
  2.548 2547 Alaska-slab2-v3                                                                  188.2584   51.0580 12.0
  0.859 2548 Alaska-slab2-v3                                                                  188.2186   51.1427 13.8
 12.295 2550 Alaska-slab2-v3                                                                  188.1402   51.3148 16.0
  6.706 2551 Alaska-slab2-v3                                                                  188.1045   51.3999 18.1
  5.935 2558 Alaska-slab2-v3                                                                  188.0151   50.9341  8.5
  2.448 2559 Alaska-slab2-v3                                                                  187.9829   51.0142 12.3
  0.828 2560 Alaska-slab2-v3                                                                  187.9448   51.0992 14.0
 12.337 2562 Alaska-slab2-v3                                                                  187.8701   51.2717 16.3
  6.599 2563 Alaska-slab2-v3                                                                  187.8356   51.3569 18.5
  6.003 2570 Alaska-slab2-v3                                                                  187.7371   50.8920  8.4
  2.575 2571 Alaska-slab2-v3                                                                  187.7070   50.9726 12.2
  0.944 2572 Alaska-slab2-v3                                                                  187.6702   51.0578 14.0
 12.502 2574 Alaska-slab2-v3                                                                  187.5990   51.2306 16.6
  6.584 2575 Alaska-slab2-v3                                                                  187.5659   51.3157 18.9
  6.138 2582 Alaska-slab2-v3                                                                  187.4593   50.8505  8.3
  2.871 2583 Alaska-slab2-v3                                                                  187.4311   50.9322 11.8
  1.141 2584 Alaska-slab2-v3                                                                  187.3957   51.0176 13.7
 12.769 2586 Alaska-slab2-v3                                                                  187.3276   51.1904 16.6
  6.714 2587 Alaska-slab2-v3                                                                  187.2958   51.2756 19.0
  6.274 2594 Alaska-slab2-v3                                                                  187.1815   50.8091  8.0
  3.211 2595 Alaska-slab2-v3                                                                  187.1553   50.8921 11.3
  1.340 2596 Alaska-slab2-v3                                                                  187.1217   50.9776 13.3
 12.807 2598 Alaska-slab2-v3                                                                  187.0563   51.1506 16.5
  6.863 2599 Alaska-slab2-v3                                                                  187.0262   51.2361 18.9
  6.361 2606 Alaska-slab2-v3                                                                  186.9034   50.7677  7.8
  3.484 2607 Alaska-slab2-v3                                                                  186.8792   50.8520 10.8
  1.491 2608 Alaska-slab2-v3                                                                  186.8480   50.9377 12.9
 12.280 2610 Alaska-slab2-v3                                                                  186.7857   51.1111 16.2
  6.708 2611 Alaska-slab2-v3                                                                  186.7578   51.1974 18.3
  6.341 2618 Alaska-slab2-v3                                                                  186.6250   50.7270  7.6
  3.640 2619 Alaska-slab2-v3                                                                  186.6029   50.8123 10.3
  1.585 2620 Alaska-slab2-v3                                                                  186.5747   50.8985 12.4
 11.354 2622 Alaska-slab2-v3                                                                  186.5161   51.0725 15.6
  6.221 2623 Alaska-slab2-v3                                                                  186.4904   51.1595 17.5
  6.869 2631 Alaska-slab2-v3                                                                  186.3462   50.6875  7.4
  4.619 2632 Alaska-slab2-v3                                                                  186.3261   50.7736  9.9
  2.792 2633 Alaska-slab2-v3                                                                  186.3013   50.8604 11.9
  1.350 2634 Alaska-slab2-v3                                                                  186.2741   50.9477 13.5
 11.165 2636 Alaska-slab2-v3                                                                  186.2236   51.1228 16.6
  6.004 2637 Alaska-slab2-v3                                                                  186.2002   51.2099 18.6
  6.695 2644 Alaska-slab2-v3                                                                  186.0671   50.6497  7.3
  4.415 2645 Alaska-slab2-v3                                                                  186.0487   50.7365  9.6
  2.628 2646 Alaska-slab2-v3                                                                  186.0271   50.8239 11.5
  1.266 2647 Alaska-slab2-v3                                                                  186.0035   50.9118 12.9
 10.980 2649 Alaska-slab2-v3                                                                  185.9571   51.0878 15.7
  5.811 2650 Alaska-slab2-v3                                                                  185.9348   51.1752 17.6
  6.869 2657 Alaska-slab2-v3                                                                  185.7873   50.6143  7.2
  5.000 2658 Alaska-slab2-v3                                                                  185.7703   50.7014  9.5
  3.407 2659 Alaska-slab2-v3                                                                  185.7512   50.7892 11.2
  2.247 2660 Alaska-slab2-v3                                                                  185.7307   50.8777 12.5
  1.225 2661 Alaska-slab2-v3                                                                  185.7100   50.9662 13.6
 11.159 2663 Alaska-slab2-v3                                                                  185.6675   51.1422 16.7
  5.750 2664 Alaska-slab2-v3                                                                  185.6451   51.2292 18.7
  6.836 2671 Alaska-slab2-v3                                                                  185.5072   50.5812  7.2
  4.723 2672 Alaska-slab2-v3                                                                  185.4912   50.6685  9.4
  3.117 2673 Alaska-slab2-v3                                                                  185.4736   50.7566 11.1
  2.008 2674 Alaska-slab2-v3                                                                  185.4549   50.8453 12.3
  1.090 2675 Alaska-slab2-v3                                                                  185.4362   50.9342 13.2
 11.556 2677 Alaska-slab2-v3                                                                  185.3969   51.1109 16.0
  6.009 2678 Alaska-slab2-v3                                                                  185.3752   51.1980 18.0
  6.768 2685 Alaska-slab2-v3                                                                  185.2267   50.5503  7.2
  4.634 2686 Alaska-slab2-v3                                                                  185.2117   50.6377  9.4
  3.012 2687 Alaska-slab2-v3                                                                  185.1952   50.7258 11.1
  1.892 2688 Alaska-slab2-v3                                                                  185.1776   50.8146 12.3
  0.994 2689 Alaska-slab2-v3                                                                  185.1598   50.9036 13.2
 11.326 2691 Alaska-slab2-v3                                                                  185.1230   51.0809 15.6
  6.109 2692 Alaska-slab2-v3                                                                  185.1026   51.1684 17.5
