  0.389 3113 Alaska-slab2-v3                                                                  175.9635   50.9730  7.1
  0.393 3124 Alaska-slab2-v3                                                                  175.6909   51.0312  7.1
  0.396 3135 Alaska-slab2-v3                                                                  175.4189   51.0910  7.1
  0.404 3146 Alaska-slab2-v3                                                                  175.1476   51.1524  7.1
  0.409 3157 Alaska-slab2-v3                                                                  174.8771   51.2153  7.2
  0.418 3168 Alaska-slab2-v3                                                                  174.6074   51.2799  7.2
  0.426 3179 Alaska-slab2-v3                                                                  174.3383   51.3460  7.3
  0.432 3190 Alaska-slab2-v3                                                                  174.0700   51.4139  7.3
  0.432 3201 Alaska-slab2-v3                                                                  173.8023   51.4837  7.3
  0.432 3212 Alaska-slab2-v3                                                                  173.5355   51.5558  7.3
  0.426 3223 Alaska-slab2-v3                                                                  173.2698   51.6305  7.3
  0.422 3234 Alaska-slab2-v3                                                                  173.0059   51.7080  7.2
  0.728 3246 Alaska-slab2-v3                                                                  172.7438   51.7888  7.2
  1.013 3258 Alaska-slab2-v3                                                                  172.4838   51.8731  7.2
  1.268 3270 Alaska-slab2-v3                                                                  172.2263   51.9610  7.1
  1.494 3283 Alaska-slab2-v3                                                                  171.9713   52.0523  7.0
  1.442 3296 Alaska-slab2-v3                                                                  171.7183   52.1464  6.9
  1.409 3309 Alaska-slab2-v3                                                                  171.4673   52.2427  6.9
  1.391 3322 Alaska-slab2-v3                                                                  171.2178   52.3409  6.9
  1.386 3335 Alaska-slab2-v3                                                                  170.9693   52.4405  6.9
  2.213 3349 Alaska-slab2-v3                                                                  170.7214   52.5414  6.8
  1.046 3350 Alaska-slab2-v3                                                                  170.8230   52.6053  8.5
  2.170 3363 Alaska-slab2-v3                                                                  170.4736   52.6431  6.8
  1.031 3364 Alaska-slab2-v3                                                                  170.5766   52.7064  8.4
  2.118 3377 Alaska-slab2-v3                                                                  170.2255   52.7452  6.8
  1.019 3378 Alaska-slab2-v3                                                                  170.3296   52.8082  8.3
  2.061 3392 Alaska-slab2-v3                                                                  169.9768   52.8474  6.7
  1.008 3393 Alaska-slab2-v3                                                                  170.0819   52.9101  8.1
  1.982 3407 Alaska-slab2-v3                                                                  169.7243   52.9548  6.7
  0.980 3408 Alaska-slab2-v3                                                                  169.8281   53.0187  8.0
  1.888 3416 Alaska-slab2-v3                                                                  169.4675   53.0673  6.6
  0.944 3417 Alaska-slab2-v3                                                                  169.5679   53.1334  7.8
  2.431 3425 Alaska-slab2-v3                                                                  169.2101   53.1793  6.6
  1.630 3426 Alaska-slab2-v3                                                                  169.3074   53.2473  7.7
  0.822 3427 Alaska-slab2-v3                                                                  169.4050   53.3152  8.8
  2.375 3434 Alaska-slab2-v3                                                                  168.9521   53.2912  6.6
  1.597 3435 Alaska-slab2-v3                                                                  169.0464   53.3608  7.6
  0.806 3436 Alaska-slab2-v3                                                                  169.1410   53.4303  8.7
  2.304 3443 Alaska-slab2-v3                                                                  168.6937   53.4032  6.5
  1.556 3444 Alaska-slab2-v3                                                                  168.7853   53.4742  7.5
  0.792 3445 Alaska-slab2-v3                                                                  168.8772   53.5452  8.6
  2.194 3452 Alaska-slab2-v3                                                                  168.4354   53.5154  6.5
  1.483 3453 Alaska-slab2-v3                                                                  168.5250   53.5876  7.4
  0.756 3454 Alaska-slab2-v3                                                                  168.6148   53.6597  8.4
  2.072 3461 Alaska-slab2-v3                                                                  168.1774   53.6281  6.4
  1.402 3462 Alaska-slab2-v3                                                                  168.2654   53.7012  7.3
  0.717 3463 Alaska-slab2-v3                                                                  168.3536   53.7742  8.2
  1.988 3471 Alaska-slab2-v3                                                                  167.9197   53.7416  6.4
  1.501 3472 Alaska-slab2-v3                                                                  168.0058   53.8156  7.3
  1.009 3473 Alaska-slab2-v3                                                                  168.0922   53.8895  8.1
  0.510 3474 Alaska-slab2-v3                                                                  168.1790   53.9633  8.9
  1.508 3481 Alaska-slab2-v3                                                                  167.6621   53.8559  6.4
  1.131 3482 Alaska-slab2-v3                                                                  167.7460   53.9309  7.3
  0.754 3483 Alaska-slab2-v3                                                                  167.8302   54.0058  8.1
  0.377 3484 Alaska-slab2-v3                                                                  167.9147   54.0806  8.9
  1.065 3492 Alaska-slab2-v3                                                                  167.4045   53.9710  6.4
  0.802 3493 Alaska-slab2-v3                                                                  167.4858   54.0470  7.2
  0.536 3494 Alaska-slab2-v3                                                                  167.5675   54.1229  8.1
  0.270 3495 Alaska-slab2-v3                                                                  167.6494   54.1988  8.9
  0.612 3503 Alaska-slab2-v3                                                                  167.1467   54.0865  6.4
  0.462 3504 Alaska-slab2-v3                                                                  167.2254   54.1636  7.2
  0.312 3505 Alaska-slab2-v3                                                                  167.3044   54.2406  8.1
  0.159 3506 Alaska-slab2-v3                                                                  167.3837   54.3175  8.9
  0.614 3515 Alaska-slab2-v3                                                                  166.8888   54.2024  6.4
  0.465 3516 Alaska-slab2-v3                                                                  166.9648   54.2805  7.3
  0.313 3517 Alaska-slab2-v3                                                                  167.0410   54.3585  8.1
  0.158 3518 Alaska-slab2-v3                                                                  167.1176   54.4364  9.0
  0.499 3527 Alaska-slab2-v3                                                                  166.6302   54.3186  6.4
  0.375 3528 Alaska-slab2-v3                                                                  166.7030   54.3977  7.3
  0.249 3529 Alaska-slab2-v3                                                                  166.7761   54.4767  8.2
  0.124 3530 Alaska-slab2-v3                                                                  166.8495   54.5557  9.1
  0.325 3539 Alaska-slab2-v3                                                                  166.3705   54.4349  6.5
  0.215 3540 Alaska-slab2-v3                                                                  166.4394   54.5152  7.5
  0.106 3541 Alaska-slab2-v3                                                                  166.5086   54.5954  8.4
  0.235 3551 Alaska-slab2-v3                                                                  166.1096   54.5512  6.6
  0.154 3552 Alaska-slab2-v3                                                                  166.1735   54.6327  7.7
  0.075 3553 Alaska-slab2-v3                                                                  166.2376   54.7142  8.8
  0.101 3563 Alaska-slab2-v3                                                                  165.8466   54.6675  6.7
  0.049 3564 Alaska-slab2-v3                                                                  165.9035   54.7504  8.1
