 10.608 2701 Alaska-slab2-v3                                                                  184.9321   50.6085  9.4
 10.608 2702 Alaska-slab2-v3                                                                  184.9167   50.6967 11.2
 10.390 2703 Alaska-slab2-v3                                                                  184.9002   50.7854 12.4
  9.526 2704 Alaska-slab2-v3                                                                  184.8836   50.8745 13.4
  8.654 2705 Alaska-slab2-v3                                                                  184.8668   50.9635 14.4
  7.546 2706 Alaska-slab2-v3                                                                  184.8487   51.0521 15.7
  6.115 2707 Alaska-slab2-v3                                                                  184.8291   51.1401 17.3
  4.344 2708 Alaska-slab2-v3                                                                  184.8091   51.2274 19.3
  2.294 2709 Alaska-slab2-v3                                                                  184.7869   51.3139 21.7
 10.608 2716 Alaska-slab2-v3                                                                  184.6522   50.5808  9.4
 10.608 2717 Alaska-slab2-v3                                                                  184.6381   50.6690 11.2
 10.135 2718 Alaska-slab2-v3                                                                  184.6230   50.7578 12.5
  9.189 2719 Alaska-slab2-v3                                                                  184.6078   50.8468 13.6
  8.287 2720 Alaska-slab2-v3                                                                  184.5923   50.9359 14.6
  7.243 2721 Alaska-slab2-v3                                                                  184.5748   51.0247 15.8
  5.934 2722 Alaska-slab2-v3                                                                  184.5556   51.1130 17.3
  4.307 2723 Alaska-slab2-v3                                                                  184.5363   51.2007 19.1
  2.317 2724 Alaska-slab2-v3                                                                  184.5152   51.2874 21.4
 10.608 2731 Alaska-slab2-v3                                                                  184.3720   50.5546  9.4
 10.608 2732 Alaska-slab2-v3                                                                  184.3591   50.6428 11.2
  9.996 2733 Alaska-slab2-v3                                                                  184.3452   50.7316 12.6
  9.005 2734 Alaska-slab2-v3                                                                  184.3312   50.8207 13.7
  8.067 2735 Alaska-slab2-v3                                                                  184.3167   50.9099 14.7
  7.021 2736 Alaska-slab2-v3                                                                  184.2999   50.9987 15.9
  5.762 2737 Alaska-slab2-v3                                                                  184.2813   51.0871 17.3
  4.208 2738 Alaska-slab2-v3                                                                  184.2627   51.1751 19.0
  2.296 2739 Alaska-slab2-v3                                                                  184.2425   51.2621 21.2
 10.608 2746 Alaska-slab2-v3                                                                  184.0914   50.5302  9.3
 10.608 2747 Alaska-slab2-v3                                                                  184.0794   50.6186 11.1
 10.039 2748 Alaska-slab2-v3                                                                  184.0666   50.7074 12.5
  9.044 2749 Alaska-slab2-v3                                                                  184.0536   50.7966 13.6
  8.085 2750 Alaska-slab2-v3                                                                  184.0402   50.8858 14.6
  6.991 2751 Alaska-slab2-v3                                                                  184.0244   50.9747 15.9
  5.683 2752 Alaska-slab2-v3                                                                  184.0065   51.0631 17.3
  4.123 2753 Alaska-slab2-v3                                                                  183.9887   51.1511 19.1
  2.259 2754 Alaska-slab2-v3                                                                  183.9695   51.2384 21.1
 10.608 2761 Alaska-slab2-v3                                                                  183.8105   50.5081  9.3
 10.608 2762 Alaska-slab2-v3                                                                  183.7994   50.5965 11.0
 10.248 2763 Alaska-slab2-v3                                                                  183.7875   50.6855 12.3
  9.295 2764 Alaska-slab2-v3                                                                  183.7755   50.7748 13.4
  8.324 2765 Alaska-slab2-v3                                                                  183.7633   50.8640 14.5
  7.176 2766 Alaska-slab2-v3                                                                  183.7487   50.9529 15.8
  5.769 2767 Alaska-slab2-v3                                                                  183.7317   51.0412 17.4
  4.113 2768 Alaska-slab2-v3                                                                  183.7146   51.1291 19.2
  2.244 2769 Alaska-slab2-v3                                                                  183.6962   51.2164 21.3
 10.608 2776 Alaska-slab2-v3                                                                  183.5292   50.4885  9.2
 10.608 2777 Alaska-slab2-v3                                                                  183.5191   50.5771 10.9
 10.564 2778 Alaska-slab2-v3                                                                  183.5081   50.6662 12.2
  9.653 2779 Alaska-slab2-v3                                                                  183.4970   50.7555 13.2
  8.698 2780 Alaska-slab2-v3                                                                  183.4859   50.8448 14.3
  7.507 2781 Alaska-slab2-v3                                                                  183.4725   50.9336 15.6
  5.992 2782 Alaska-slab2-v3                                                                  183.4566   51.0218 17.4
  4.231 2783 Alaska-slab2-v3                                                                  183.4403   51.1095 19.4
  2.269 2784 Alaska-slab2-v3                                                                  183.4229   51.1966 21.6
 10.608 2791 Alaska-slab2-v3                                                                  183.2476   50.4719  9.2
 10.608 2792 Alaska-slab2-v3                                                                  183.2383   50.5605 10.8
 10.608 2793 Alaska-slab2-v3                                                                  183.2282   50.6497 12.1
  9.972 2794 Alaska-slab2-v3                                                                  183.2180   50.7391 13.1
  9.018 2795 Alaska-slab2-v3                                                                  183.2078   50.8284 14.2
  7.806 2796 Alaska-slab2-v3                                                                  183.1956   50.9172 15.6
  6.241 2797 Alaska-slab2-v3                                                                  183.1809   51.0053 17.4
  4.384 2798 Alaska-slab2-v3                                                                  183.1656   51.0928 19.6
  2.321 2799 Alaska-slab2-v3                                                                  183.1494   51.1796 22.0
 18.564 2806 Alaska-slab2-v3                                                                  182.9656   50.4585  9.1
 18.564 2807 Alaska-slab2-v3                                                                  182.9573   50.5472 10.7
 17.162 2808 Alaska-slab2-v3                                                                  182.9481   50.6364 12.0
 15.359 2809 Alaska-slab2-v3                                                                  182.9388   50.7258 13.0
 13.456 2810 Alaska-slab2-v3                                                                  182.9294   50.8151 14.2
 11.068 2811 Alaska-slab2-v3                                                                  182.9181   50.9039 15.6
  7.997 2812 Alaska-slab2-v3                                                                  182.9046   50.9921 17.5
  4.274 2813 Alaska-slab2-v3                                                                  182.8905   51.0794 19.7
 26.520 2821 Alaska-slab2-v3                                                                  182.6836   50.4486  8.9
 26.520 2822 Alaska-slab2-v3                                                                  182.6763   50.5374 10.5
 24.930 2823 Alaska-slab2-v3                                                                  182.6679   50.6266 11.8
 22.175 2824 Alaska-slab2-v3                                                                  182.6593   50.7159 13.0
 19.326 2825 Alaska-slab2-v3                                                                  182.6507   50.8052 14.2
 15.907 2826 Alaska-slab2-v3                                                                  182.6403   50.8941 15.6
 11.634 2827 Alaska-slab2-v3                                                                  182.6279   50.9823 17.4
  6.315 2828 Alaska-slab2-v3                                                                  182.6151   51.0698 19.7
 34.476 2835 Alaska-slab2-v3                                                                  182.4019   50.4425  8.7
 34.476 2836 Alaska-slab2-v3                                                                  182.3958   50.5313 10.3
 33.089 2837 Alaska-slab2-v3                                                                  182.3882   50.6205 11.6
 29.265 2838 Alaska-slab2-v3                                                                  182.3801   50.7097 12.9
 25.318 2839 Alaska-slab2-v3                                                                  182.3720   50.7989 14.1
 20.754 2840 Alaska-slab2-v3                                                                  182.3624   50.8878 15.6
 15.172 2841 Alaska-slab2-v3                                                                  182.3512   50.9762 17.4
  8.295 2842 Alaska-slab2-v3                                                                  182.3395   51.0636 19.7
 42.433 2849 Alaska-slab2-v3                                                                  182.1201   50.4400  8.5
 42.433 2850 Alaska-slab2-v3                                                                  182.1156   50.5291 10.0
 41.998 2851 Alaska-slab2-v3                                                                  182.1090   50.6182 11.3
 37.046 2852 Alaska-slab2-v3                                                                  182.1013   50.7074 12.6
 31.867 2853 Alaska-slab2-v3                                                                  182.0936   50.7965 14.0
 25.932 2854 Alaska-slab2-v3                                                                  182.0847   50.8853 15.6
 18.825 2855 Alaska-slab2-v3                                                                  182.0745   50.9736 17.5
 10.244 2856 Alaska-slab2-v3                                                                  182.0637   51.0610 19.7
 42.433 2863 Alaska-slab2-v3                                                                  181.8380   50.4414  8.3
 42.433 2864 Alaska-slab2-v3                                                                  181.8349   50.5305  9.7
 42.433 2865 Alaska-slab2-v3                                                                  181.8294   50.6197 11.1
 38.555 2866 Alaska-slab2-v3                                                                  181.8222   50.7089 12.4
 33.111 2867 Alaska-slab2-v3                                                                  181.8150   50.7979 13.9
 26.809 2868 Alaska-slab2-v3                                                                  181.8068   50.8865 15.6
 19.240 2869 Alaska-slab2-v3                                                                  181.7974   50.9745 17.6
 10.366 2870 Alaska-slab2-v3                                                                  181.7875   51.0618 20.0
 42.433 2877 Alaska-slab2-v3                                                                  181.5553   50.4465  8.2
 42.433 2878 Alaska-slab2-v3                                                                  181.5532   50.5356  9.6
 42.433 2879 Alaska-slab2-v3                                                                  181.5486   50.6249 11.0
 40.071 2880 Alaska-slab2-v3                                                                  181.5422   50.7140 12.3
 34.549 2881 Alaska-slab2-v3                                                                  181.5358   50.8030 13.9
 27.901 2882 Alaska-slab2-v3                                                                  181.5284   50.8914 15.7
 19.908 2883 Alaska-slab2-v3                                                                  181.5199   50.9791 17.9
 10.644 2884 Alaska-slab2-v3                                                                  181.5111   51.0661 20.4
 42.433 2891 Alaska-slab2-v3                                                                  181.2723   50.4553  8.3
 42.433 2892 Alaska-slab2-v3                                                                  181.2705   50.5445  9.7
 42.433 2893 Alaska-slab2-v3                                                                  181.2666   50.6337 11.1
 41.172 2894 Alaska-slab2-v3                                                                  181.2612   50.7229 12.5
 35.641 2895 Alaska-slab2-v3                                                                  181.2558   50.8118 14.1
 28.884 2896 Alaska-slab2-v3                                                                  181.2495   50.9001 16.0
 20.621 2897 Alaska-slab2-v3                                                                  181.2423   50.9875 18.4
 10.993 2898 Alaska-slab2-v3                                                                  181.2349   51.0739 21.1
 42.433 2904 Alaska-slab2-v3                                                                  180.9893   50.4677  8.5
 42.433 2905 Alaska-slab2-v3                                                                  180.9876   50.5567 10.0
 40.574 2906 Alaska-slab2-v3                                                                  180.9842   50.6459 11.4
 35.077 2907 Alaska-slab2-v3                                                                  180.9801   50.7350 12.9
 28.766 2908 Alaska-slab2-v3                                                                  180.9758   50.8239 14.5
 20.984 2909 Alaska-slab2-v3                                                                  180.9708   50.9120 16.5
 11.421 2910 Alaska-slab2-v3                                                                  180.9650   50.9992 19.0
 42.433 2917 Alaska-slab2-v3                                                                  180.7065   50.4827  8.8
 42.433 2918 Alaska-slab2-v3                                                                  180.7050   50.5716 10.4
 40.644 2919 Alaska-slab2-v3                                                                  180.7024   50.6607 11.9
 35.280 2920 Alaska-slab2-v3                                                                  180.6995   50.7498 13.3
 29.021 2921 Alaska-slab2-v3                                                                  180.6963   50.8386 15.0
 21.198 2922 Alaska-slab2-v3                                                                  180.6925   50.9266 17.1
 11.586 2923 Alaska-slab2-v3                                                                  180.6884   51.0136 19.7
 42.433 2930 Alaska-slab2-v3                                                                  180.4238   50.4994  9.1
 42.433 2931 Alaska-slab2-v3                                                                  180.4228   50.5882 10.8
 40.995 2932 Alaska-slab2-v3                                                                  180.4212   50.6773 12.2
 35.750 2933 Alaska-slab2-v3                                                                  180.4195   50.7664 13.7
 29.390 2934 Alaska-slab2-v3                                                                  180.4175   50.8551 15.4
 21.378 2935 Alaska-slab2-v3                                                                  180.4150   50.9429 17.7
 11.641 2936 Alaska-slab2-v3                                                                  180.4124   51.0295 20.4
 42.433 2942 Alaska-slab2-v3                                                                  180.1413   50.5169  9.3
 42.433 2943 Alaska-slab2-v3                                                                  180.1410   50.6056 11.0
 41.737 2944 Alaska-slab2-v3                                                                  180.1405   50.6948 12.4
 36.624 2945 Alaska-slab2-v3                                                                  180.1401   50.7839 13.9
 29.981 2946 Alaska-slab2-v3                                                                  180.1393   50.8723 15.8
 21.425 2947 Alaska-slab2-v3                                                                  180.1382   50.9596 18.2
 11.512 2948 Alaska-slab2-v3                                                                  180.1372   51.0460 21.1
 42.433 2954 Alaska-slab2-v3                                                                  179.8595   50.5313  9.4
 40.897 2955 Alaska-slab2-v3                                                                  179.8612   50.6200 11.2
 35.387 2956 Alaska-slab2-v3                                                                  179.8629   50.7092 12.6
 29.640 2957 Alaska-slab2-v3                                                                  179.8646   50.7983 14.0
 21.964 2958 Alaska-slab2-v3                                                                  179.8659   50.8866 16.0
 11.927 2959 Alaska-slab2-v3                                                                  179.8669   50.9737 18.5
 42.433 2966 Alaska-slab2-v3                                                                  179.5790   50.5430  9.6
 40.642 2967 Alaska-slab2-v3                                                                  179.5835   50.6316 11.4
 35.153 2968 Alaska-slab2-v3                                                                  179.5878   50.7207 12.8
 29.586 2969 Alaska-slab2-v3                                                                  179.5922   50.8098 14.2
 22.345 2970 Alaska-slab2-v3                                                                  179.5964   50.8983 16.1
 12.496 2971 Alaska-slab2-v3                                                                  179.6002   50.9854 18.6
 42.433 2978 Alaska-slab2-v3                                                                  179.2990   50.5579  9.7
 40.641 2979 Alaska-slab2-v3                                                                  179.3064   50.6463 11.5
 35.171 2980 Alaska-slab2-v3                                                                  179.3134   50.7354 12.9
 29.701 2981 Alaska-slab2-v3                                                                  179.3204   50.8244 14.3
 22.536 2982 Alaska-slab2-v3                                                                  179.3273   50.9128 16.2
 12.674 2983 Alaska-slab2-v3                                                                  179.3340   50.9997 18.7
 42.433 2990 Alaska-slab2-v3                                                                  179.0199   50.5780  9.7
 40.852 2991 Alaska-slab2-v3                                                                  179.0302   50.6663 11.6
 35.522 2992 Alaska-slab2-v3                                                                  179.0398   50.7553 13.0
 29.964 2993 Alaska-slab2-v3                                                                  179.0494   50.8442 14.4
 22.615 2994 Alaska-slab2-v3                                                                  179.0591   50.9323 16.4
 12.602 2995 Alaska-slab2-v3                                                                  179.0686   51.0190 19.0
 34.476 3002 Alaska-slab2-v3                                                                  178.7420   50.6040  9.8
 33.514 3003 Alaska-slab2-v3                                                                  178.7552   50.6922 11.6
 29.237 3004 Alaska-slab2-v3                                                                  178.7674   50.7810 13.0
 24.654 3005 Alaska-slab2-v3                                                                  178.7798   50.8697 14.5
 18.392 3006 Alaska-slab2-v3                                                                  178.7922   50.9575 16.5
 10.112 3007 Alaska-slab2-v3                                                                  178.8044   51.0439 19.3
 26.520 3014 Alaska-slab2-v3                                                                  178.4654   50.6353  9.8
 26.091 3015 Alaska-slab2-v3                                                                  178.4815   50.7233 11.6
 22.818 3016 Alaska-slab2-v3                                                                  178.4964   50.8120 13.0
 19.197 3017 Alaska-slab2-v3                                                                  178.5114   50.9004 14.6
 14.206 3018 Alaska-slab2-v3                                                                  178.5266   50.9878 16.7
  7.730 3019 Alaska-slab2-v3                                                                  178.5414   51.0738 19.5
 18.564 3025 Alaska-slab2-v3                                                                  178.1902   50.6710  9.8
 18.508 3026 Alaska-slab2-v3                                                                  178.2094   50.7588 11.6
 16.225 3027 Alaska-slab2-v3                                                                  178.2269   50.8472 13.0
 13.620 3028 Alaska-slab2-v3                                                                  178.2445   50.9354 14.6
 10.018 3029 Alaska-slab2-v3                                                                  178.2624   51.0224 16.9
  5.419 3030 Alaska-slab2-v3                                                                  178.2798   51.1081 19.7
 10.608 3036 Alaska-slab2-v3                                                                  177.9160   50.7103  9.7
 10.608 3037 Alaska-slab2-v3                                                                  177.9384   50.7977 11.5
  9.403 3038 Alaska-slab2-v3                                                                  177.9585   50.8859 12.9
  7.879 3039 Alaska-slab2-v3                                                                  177.9788   50.9738 14.6
  5.788 3040 Alaska-slab2-v3                                                                  177.9995   51.0605 16.9
  3.131 3041 Alaska-slab2-v3                                                                  178.0197   51.1457 19.8
 10.608 3047 Alaska-slab2-v3                                                                  177.6429   50.7524  9.6
 10.608 3048 Alaska-slab2-v3                                                                  177.6686   50.8395 11.3
  9.503 3049 Alaska-slab2-v3                                                                  177.6915   50.9274 12.8
  7.952 3050 Alaska-slab2-v3                                                                  177.7145   51.0150 14.5
  5.843 3051 Alaska-slab2-v3                                                                  177.7381   51.1013 16.8
  3.159 3052 Alaska-slab2-v3                                                                  177.7610   51.1862 19.8
 10.608 3058 Alaska-slab2-v3                                                                  177.3704   50.7972  9.4
 10.608 3059 Alaska-slab2-v3                                                                  177.3997   50.8839 11.2
  9.579 3060 Alaska-slab2-v3                                                                  177.4254   50.9714 12.7
  8.009 3061 Alaska-slab2-v3                                                                  177.4512   51.0587 14.4
  5.887 3062 Alaska-slab2-v3                                                                  177.4776   51.1447 16.7
  3.187 3063 Alaska-slab2-v3                                                                  177.5036   51.2292 19.6
 10.608 3069 Alaska-slab2-v3                                                                  177.0983   50.8445  9.2
 10.608 3070 Alaska-slab2-v3                                                                  177.1313   50.9307 11.0
  9.644 3071 Alaska-slab2-v3                                                                  177.1599   51.0179 12.5
  8.058 3072 Alaska-slab2-v3                                                                  177.1886   51.1048 14.2
  5.935 3073 Alaska-slab2-v3                                                                  177.2180   51.1905 16.5
  3.208 3074 Alaska-slab2-v3                                                                  177.2470   51.2746 19.4
 10.608 3080 Alaska-slab2-v3                                                                  176.8266   50.8941  9.1
 10.608 3081 Alaska-slab2-v3                                                                  176.8631   50.9798 10.8
  9.677 3082 Alaska-slab2-v3                                                                  176.8947   51.0666 12.3
  8.105 3083 Alaska-slab2-v3                                                                  176.9263   51.1531 14.0
  5.990 3084 Alaska-slab2-v3                                                                  176.9587   51.2385 16.3
  3.257 3085 Alaska-slab2-v3                                                                  176.9909   51.3222 19.2
 10.608 3091 Alaska-slab2-v3                                                                  176.5551   50.9460  9.0
 10.608 3092 Alaska-slab2-v3                                                                  176.5947   51.0311 10.8
  9.676 3093 Alaska-slab2-v3                                                                  176.6293   51.1174 12.3
  8.104 3094 Alaska-slab2-v3                                                                  176.6639   51.2036 13.9
  6.043 3095 Alaska-slab2-v3                                                                  176.6995   51.2885 16.1
  3.323 3096 Alaska-slab2-v3                                                                  176.7350   51.3718 19.0
 10.608 3103 Alaska-slab2-v3                                                                  176.2839   50.9998  9.0
 10.608 3104 Alaska-slab2-v3                                                                  176.3264   51.0844 10.7
  9.643 3105 Alaska-slab2-v3                                                                  176.3640   51.1702 12.3
  8.061 3106 Alaska-slab2-v3                                                                  176.4015   51.2558 14.0
  6.064 3107 Alaska-slab2-v3                                                                  176.4402   51.3404 16.1
  3.381 3108 Alaska-slab2-v3                                                                  176.4791   51.4232 18.9
