  0.512 1958 Alaska-slab2-v3                                                                  199.5056   53.6169  9.6
  0.412 1959 Alaska-slab2-v3                                                                  199.4072   53.6831 11.3
  0.340 1960 Alaska-slab2-v3                                                                  199.3153   53.7539 12.6
  0.275 1961 Alaska-slab2-v3                                                                  199.2228   53.8248 13.8
  0.891 1975 Alaska-slab2-v3                                                                  199.2223   53.5625  9.4
  0.718 1976 Alaska-slab2-v3                                                                  199.1261   53.6299 11.1
  0.586 1977 Alaska-slab2-v3                                                                  199.0365   53.7018 12.4
  0.473 1978 Alaska-slab2-v3                                                                  198.9464   53.7737 13.6
  0.347 1979 Alaska-slab2-v3                                                                  198.8576   53.8460 14.8
  1.303 1992 Alaska-slab2-v3                                                                  198.9403   53.5080  9.2
  1.188 1993 Alaska-slab2-v3                                                                  198.8460   53.5765 10.9
  1.015 1994 Alaska-slab2-v3                                                                  198.7579   53.6489 12.2
  0.862 1995 Alaska-slab2-v3                                                                  198.6694   53.7215 13.4
  0.702 1996 Alaska-slab2-v3                                                                  198.5814   53.7941 14.6
  1.694 2008 Alaska-slab2-v3                                                                  198.6587   53.4528  9.0
  1.564 2009 Alaska-slab2-v3                                                                  198.5659   53.5222 10.6
  1.330 2010 Alaska-slab2-v3                                                                  198.4779   53.5946 12.0
  1.121 2011 Alaska-slab2-v3                                                                  198.3898   53.6672 13.2
  0.905 2012 Alaska-slab2-v3                                                                  198.3020   53.7399 14.5
  2.085 2024 Alaska-slab2-v3                                                                  198.3749   53.3958  8.9
  1.969 2025 Alaska-slab2-v3                                                                  198.2830   53.4657 10.6
  1.681 2026 Alaska-slab2-v3                                                                  198.1946   53.5378 11.9
  1.416 2027 Alaska-slab2-v3                                                                  198.1064   53.6102 13.2
  1.135 2028 Alaska-slab2-v3                                                                  198.0189   53.6829 14.6
  2.085 2040 Alaska-slab2-v3                                                                  198.0871   53.3362  9.0
  1.770 2041 Alaska-slab2-v3                                                                  197.9952   53.4060 10.7
  1.456 2042 Alaska-slab2-v3                                                                  197.9073   53.4782 12.1
  1.163 2043 Alaska-slab2-v3                                                                  197.8192   53.5506 13.4
  0.838 2044 Alaska-slab2-v3                                                                  197.7333   53.6236 14.9
  2.085 2056 Alaska-slab2-v3                                                                  197.7964   53.2740  9.4
  1.778 2057 Alaska-slab2-v3                                                                  197.7048   53.3436 11.2
  1.484 2058 Alaska-slab2-v3                                                                  197.6178   53.4162 12.6
  1.204 2059 Alaska-slab2-v3                                                                  197.5304   53.4887 13.9
  1.863 2071 Alaska-slab2-v3                                                                  197.5054   53.2094 10.1
  1.440 2072 Alaska-slab2-v3                                                                  197.4159   53.2794 12.0
  1.140 2073 Alaska-slab2-v3                                                                  197.3297   53.3524 13.3
  0.848 2074 Alaska-slab2-v3                                                                  197.2445   53.4258 14.6
  1.773 2086 Alaska-slab2-v3                                                                  197.2162   53.1421 11.0
  1.356 2087 Alaska-slab2-v3                                                                  197.1304   53.2137 12.9
  1.100 2088 Alaska-slab2-v3                                                                  197.0449   53.2870 14.0
  1.694 2100 Alaska-slab2-v3                                                                  197.0307   53.0183  8.2
  1.350 2101 Alaska-slab2-v3                                                                  196.9324   53.0739 11.7
  1.026 2102 Alaska-slab2-v3                                                                  196.8491   53.1466 13.6
  0.859 2103 Alaska-slab2-v3                                                                  196.7645   53.2206 14.6
  1.303 2115 Alaska-slab2-v3                                                                  196.7498   52.9534  8.5
  0.972 2116 Alaska-slab2-v3                                                                  196.6541   53.0059 12.4
  0.739 2117 Alaska-slab2-v3                                                                  196.5720   53.0791 14.1
  0.648 2118 Alaska-slab2-v3                                                                  196.4889   53.1538 14.8
  0.912 2130 Alaska-slab2-v3                                                                  196.4706   52.8875  8.7
  0.647 2131 Alaska-slab2-v3                                                                  196.3781   52.9384 12.8
  0.492 2132 Alaska-slab2-v3                                                                  196.2978   53.0122 14.5
  0.450 2133 Alaska-slab2-v3                                                                  196.2163   53.0876 14.9
  0.521 2145 Alaska-slab2-v3                                                                  196.1928   52.8211  8.8
  0.360 2146 Alaska-slab2-v3                                                                  196.1029   52.8721 13.0
  0.273 2147 Alaska-slab2-v3                                                                  196.0243   52.9465 14.7
  0.257 2148 Alaska-slab2-v3                                                                  195.9443   53.0225 15.0
