 14.162 2164 Alaska-slab2-v3                                                                  195.5985   53.0359 15.8
 12.039 2165 Alaska-slab2-v3                                                                  195.5310   53.1146 17.7
  9.457 2166 Alaska-slab2-v3                                                                  195.4640   53.1926 19.9
 14.080 2179 Alaska-slab2-v3                                                                  195.3277   52.9711 15.9
 11.978 2180 Alaska-slab2-v3                                                                  195.2615   53.0502 17.7
  9.475 2181 Alaska-slab2-v3                                                                  195.1957   53.1287 19.9
  7.086 2182 Alaska-slab2-v3                                                                  195.1300   53.2075 22.0
 13.977 2194 Alaska-slab2-v3                                                                  195.0595   52.9040 15.9
 11.911 2195 Alaska-slab2-v3                                                                  194.9946   52.9835 17.7
  9.511 2196 Alaska-slab2-v3                                                                  194.9299   53.0626 19.8
  7.179 2197 Alaska-slab2-v3                                                                  194.8651   53.1418 21.8
 14.000 2209 Alaska-slab2-v3                                                                  194.7952   52.8344 15.7
 11.975 2210 Alaska-slab2-v3                                                                  194.7309   52.9142 17.5
  9.624 2211 Alaska-slab2-v3                                                                  194.6671   52.9936 19.5
  7.308 2212 Alaska-slab2-v3                                                                  194.6032   53.0731 21.5
 14.223 2224 Alaska-slab2-v3                                                                  194.5343   52.7630 15.4
 12.251 2225 Alaska-slab2-v3                                                                  194.4699   52.8428 17.1
  9.904 2226 Alaska-slab2-v3                                                                  194.4069   52.9224 19.1
  7.522 2227 Alaska-slab2-v3                                                                  194.3436   53.0020 21.1
 14.578 2239 Alaska-slab2-v3                                                                  194.2746   52.6905 15.0
 12.691 2240 Alaska-slab2-v3                                                                  194.2100   52.7703 16.6
 10.356 2241 Alaska-slab2-v3                                                                  194.1478   52.8502 18.6
  7.879 2242 Alaska-slab2-v3                                                                  194.0852   52.9298 20.7
 13.161 2255 Alaska-slab2-v3                                                                  193.9493   52.6979 16.2
 10.859 2256 Alaska-slab2-v3                                                                  193.8879   52.7780 18.2
  8.321 2257 Alaska-slab2-v3                                                                  193.8262   52.8577 20.3
 13.538 2270 Alaska-slab2-v3                                                                  193.6866   52.6267 16.0
 11.305 2271 Alaska-slab2-v3                                                                  193.6262   52.7072 17.9
  8.732 2272 Alaska-slab2-v3                                                                  193.5655   52.7871 20.1
 13.806 2284 Alaska-slab2-v3                                                                  193.4213   52.5583 15.9
 11.604 2285 Alaska-slab2-v3                                                                  193.3621   52.6391 17.8
  9.029 2286 Alaska-slab2-v3                                                                  193.3026   52.7192 20.0
 13.959 2298 Alaska-slab2-v3                                                                  193.1537   52.4933 15.9
 11.771 2299 Alaska-slab2-v3                                                                  193.0957   52.5744 17.8
  9.225 2300 Alaska-slab2-v3                                                                  193.0373   52.6548 20.0
 14.021 2312 Alaska-slab2-v3                                                                  192.8841   52.4317 16.0
 11.821 2313 Alaska-slab2-v3                                                                  192.8274   52.5130 18.0
  9.313 2314 Alaska-slab2-v3                                                                  192.7702   52.5937 20.2
 13.995 2326 Alaska-slab2-v3                                                                  192.6135   52.3730 16.1
 11.757 2327 Alaska-slab2-v3                                                                  192.5579   52.4546 18.1
  9.281 2328 Alaska-slab2-v3                                                                  192.5018   52.5356 20.3
 14.031 2340 Alaska-slab2-v3                                                                  192.3430   52.3171 16.0
 11.750 2341 Alaska-slab2-v3                                                                  192.2883   52.3988 18.0
  9.217 2342 Alaska-slab2-v3                                                                  192.2330   52.4799 20.2
 14.275 2354 Alaska-slab2-v3                                                                  192.0749   52.2635 15.6
 11.959 2355 Alaska-slab2-v3                                                                  192.0201   52.3451 17.7
  9.309 2356 Alaska-slab2-v3                                                                  191.9654   52.4262 20.0
 14.721 2368 Alaska-slab2-v3                                                                  191.8094   52.2105 15.1
 12.473 2369 Alaska-slab2-v3                                                                  191.7544   52.2923 17.0
  9.759 2370 Alaska-slab2-v3                                                                  191.7002   52.3734 19.4
  6.766 2371 Alaska-slab2-v3                                                                  191.6448   52.4536 21.9
 13.131 2383 Alaska-slab2-v3                                                                  191.4894   52.2379 16.3
 10.491 2384 Alaska-slab2-v3                                                                  191.4364   52.3195 18.6
  7.346 2385 Alaska-slab2-v3                                                                  191.3815   52.3995 21.3
 13.667 2397 Alaska-slab2-v3                                                                  191.2237   52.1804 15.8
 11.181 2398 Alaska-slab2-v3                                                                  191.1719   52.2625 17.9
  8.035 2399 Alaska-slab2-v3                                                                  191.1184   52.3428 20.6
 13.975 2410 Alaska-slab2-v3                                                                  190.9577   52.1189 15.5
 11.544 2411 Alaska-slab2-v3                                                                  190.9069   52.2013 17.6
  8.451 2412 Alaska-slab2-v3                                                                  190.8550   52.2822 20.2
 14.160 2423 Alaska-slab2-v3                                                                  190.6924   52.0543 15.4
 11.661 2424 Alaska-slab2-v3                                                                  190.6429   52.1369 17.5
  8.548 2425 Alaska-slab2-v3                                                                  190.5927   52.2181 20.1
 14.284 2436 Alaska-slab2-v3                                                                  190.4282   51.9881 15.3
 11.662 2437 Alaska-slab2-v3                                                                  190.3804   52.0708 17.6
  8.488 2438 Alaska-slab2-v3                                                                  190.3318   52.1522 20.3
 14.327 2449 Alaska-slab2-v3                                                                  190.1648   51.9215 15.4
 11.658 2450 Alaska-slab2-v3                                                                  190.1187   52.0044 17.6
  8.439 2451 Alaska-slab2-v3                                                                  190.0718   52.0861 20.4
 14.272 2462 Alaska-slab2-v3                                                                  189.9018   51.8558 15.5
 11.647 2463 Alaska-slab2-v3                                                                  189.8574   51.9391 17.8
  8.442 2464 Alaska-slab2-v3                                                                  189.8118   52.0210 20.5
 14.138 2475 Alaska-slab2-v3                                                                  189.6395   51.7924 15.9
 11.551 2476 Alaska-slab2-v3                                                                  189.5966   51.8761 18.1
  8.380 2477 Alaska-slab2-v3                                                                  189.5517   51.9580 20.9
 24.389 2488 Alaska-slab2-v3                                                                  189.3786   51.7326 16.5
 19.816 2489 Alaska-slab2-v3                                                                  189.3368   51.8163 18.8
 14.305 2490 Alaska-slab2-v3                                                                  189.2920   51.8981 21.6
 39.695 2500 Alaska-slab2-v3                                                                  189.1606   51.5928 15.2
 34.198 2501 Alaska-slab2-v3                                                                  189.1191   51.6771 17.3
 27.461 2502 Alaska-slab2-v3                                                                  189.0776   51.7604 19.8
 43.260 2513 Alaska-slab2-v3                                                                  188.8984   51.5409 16.0
 34.562 2514 Alaska-slab2-v3                                                                  188.8598   51.6253 18.3
 24.286 2515 Alaska-slab2-v3                                                                  188.8181   51.7081 21.0
 61.118 2525 Alaska-slab2-v3                                                                  188.6752   51.4069 15.0
 52.633 2526 Alaska-slab2-v3                                                                  188.6360   51.4919 16.9
 41.608 2527 Alaska-slab2-v3                                                                  188.5981   51.5760 19.3
 60.819 2538 Alaska-slab2-v3                                                                  188.4086   51.3599 15.6
 52.093 2539 Alaska-slab2-v3                                                                  188.3715   51.4450 17.6
 41.043 2540 Alaska-slab2-v3                                                                  188.3330   51.5288 20.1
 51.350 2550 Alaska-slab2-v3                                                                  188.1402   51.3148 16.0
 41.148 2551 Alaska-slab2-v3                                                                  188.1045   51.3999 18.1
 28.905 2552 Alaska-slab2-v3                                                                  188.0659   51.4837 20.6
 51.020 2562 Alaska-slab2-v3                                                                  187.8701   51.2717 16.3
 40.490 2563 Alaska-slab2-v3                                                                  187.8356   51.3569 18.5
 28.381 2564 Alaska-slab2-v3                                                                  187.7975   51.4407 21.1
 50.704 2574 Alaska-slab2-v3                                                                  187.5990   51.2306 16.6
 39.758 2575 Alaska-slab2-v3                                                                  187.5659   51.3157 18.9
 27.579 2576 Alaska-slab2-v3                                                                  187.5286   51.3996 21.5
 50.757 2586 Alaska-slab2-v3                                                                  187.3276   51.1904 16.6
 39.493 2587 Alaska-slab2-v3                                                                  187.2958   51.2756 19.0
 27.004 2588 Alaska-slab2-v3                                                                  187.2596   51.3594 21.7
 50.998 2598 Alaska-slab2-v3                                                                  187.0563   51.1506 16.5
 39.965 2599 Alaska-slab2-v3                                                                  187.0262   51.2361 18.9
 27.228 2600 Alaska-slab2-v3                                                                  186.9916   51.3201 21.5
 50.983 2610 Alaska-slab2-v3                                                                  186.7857   51.1111 16.2
 40.767 2611 Alaska-slab2-v3                                                                  186.7578   51.1974 18.3
 28.469 2612 Alaska-slab2-v3                                                                  186.7261   51.2821 20.8
 59.384 2622 Alaska-slab2-v3                                                                  186.5161   51.0725 15.6
 51.162 2623 Alaska-slab2-v3                                                                  186.4904   51.1595 17.5
 41.198 2624 Alaska-slab2-v3                                                                  186.4633   51.2456 19.7
 49.779 2636 Alaska-slab2-v3                                                                  186.2236   51.1228 16.6
 40.415 2637 Alaska-slab2-v3                                                                  186.2002   51.2099 18.6
 29.523 2638 Alaska-slab2-v3                                                                  186.1726   51.2958 20.9
 58.477 2649 Alaska-slab2-v3                                                                  185.9571   51.0878 15.7
 50.161 2650 Alaska-slab2-v3                                                                  185.9348   51.1752 17.6
 40.812 2651 Alaska-slab2-v3                                                                  185.9110   51.2620 19.7
 48.767 2663 Alaska-slab2-v3                                                                  185.6675   51.1422 16.7
 38.830 2664 Alaska-slab2-v3                                                                  185.6451   51.2292 18.7
 28.266 2665 Alaska-slab2-v3                                                                  185.6203   51.3157 20.9
 57.910 2677 Alaska-slab2-v3                                                                  185.3969   51.1109 16.0
 48.794 2678 Alaska-slab2-v3                                                                  185.3752   51.1980 18.0
 38.919 2679 Alaska-slab2-v3                                                                  185.3522   51.2847 20.2
 56.681 2691 Alaska-slab2-v3                                                                  185.1230   51.0809 15.6
 48.007 2692 Alaska-slab2-v3                                                                  185.1026   51.1684 17.5
 37.849 2693 Alaska-slab2-v3                                                                  185.0813   51.2553 19.7
