  8.911 0010 Alaska-slab2-v3                                                                  220.6551   61.0581  8.4
  8.911 0011 Alaska-slab2-v3                                                                  220.6343   61.1471  9.3
  7.904 0012 Alaska-slab2-v3                                                                  220.6074   61.2353 10.4
  6.749 0013 Alaska-slab2-v3                                                                  220.5693   61.3225 11.6
  5.479 0014 Alaska-slab2-v3                                                                  220.5225   61.4090 12.9
  4.133 0015 Alaska-slab2-v3                                                                  220.4743   61.4951 14.3
  2.759 0016 Alaska-slab2-v3                                                                  220.4241   61.5810 15.8
  1.375 0017 Alaska-slab2-v3                                                                  220.3721   61.6666 17.2
 17.822 0034 Alaska-slab2-v3                                                                  220.2091   61.0718  8.6
 17.711 0035 Alaska-slab2-v3                                                                  220.1755   61.1598  9.7
 15.581 0036 Alaska-slab2-v3                                                                  220.1353   61.2470 10.8
 13.209 0037 Alaska-slab2-v3                                                                  220.0881   61.3334 12.1
 10.690 0038 Alaska-slab2-v3                                                                  220.0377   61.4193 13.5
  8.040 0039 Alaska-slab2-v3                                                                  219.9860   61.5050 14.9
  5.354 0040 Alaska-slab2-v3                                                                  219.9318   61.5903 16.4
  2.668 0041 Alaska-slab2-v3                                                                  219.8759   61.6754 17.8
 26.733 0057 Alaska-slab2-v3                                                                  219.7710   61.0555  8.5
 26.395 0058 Alaska-slab2-v3                                                                  219.7270   61.1425  9.6
 23.092 0059 Alaska-slab2-v3                                                                  219.6794   61.2289 10.8
 19.507 0060 Alaska-slab2-v3                                                                  219.6278   61.3148 12.0
 15.724 0061 Alaska-slab2-v3                                                                  219.5751   61.4004 13.4
 11.800 0062 Alaska-slab2-v3                                                                  219.5215   61.4859 14.8
  7.876 0063 Alaska-slab2-v3                                                                  219.4654   61.5710 16.1
  3.952 0064 Alaska-slab2-v3                                                                  219.4075   61.6559 17.5
 35.645 0079 Alaska-slab2-v3                                                                  219.3506   61.0087  8.2
 35.645 0080 Alaska-slab2-v3                                                                  219.2976   61.0947  9.1
 34.017 0081 Alaska-slab2-v3                                                                  219.2445   61.1805 10.2
 29.664 0082 Alaska-slab2-v3                                                                  219.1907   61.2661 11.4
 24.946 0083 Alaska-slab2-v3                                                                  219.1363   61.3516 12.7
 20.044 0084 Alaska-slab2-v3                                                                  219.0817   61.4369 14.0
 15.143 0085 Alaska-slab2-v3                                                                  219.0245   61.5220 15.4
 10.278 0086 Alaska-slab2-v3                                                                  218.9643   61.6065 16.7
  5.304 0087 Alaska-slab2-v3                                                                  218.9032   61.6909 18.0
 44.556 0101 Alaska-slab2-v3                                                                  218.8900   61.0211  8.6
 44.103 0102 Alaska-slab2-v3                                                                  218.8295   61.1059  9.4
 39.192 0103 Alaska-slab2-v3                                                                  218.7707   61.1909 10.5
 33.566 0104 Alaska-slab2-v3                                                                  218.7137   61.2761 11.6
 27.415 0105 Alaska-slab2-v3                                                                  218.6566   61.3611 12.9
 20.883 0106 Alaska-slab2-v3                                                                  218.5991   61.4460 14.3
 14.256 0107 Alaska-slab2-v3                                                                  218.5368   61.5301 15.7
  7.390 0108 Alaska-slab2-v3                                                                  218.4698   61.6133 17.1
 44.556 0121 Alaska-slab2-v3                                                                  218.5043   60.9250  8.0
 44.556 0122 Alaska-slab2-v3                                                                  218.4369   61.0086  8.8
 42.211 0123 Alaska-slab2-v3                                                                  218.3694   61.0923  9.6
 37.521 0124 Alaska-slab2-v3                                                                  218.3052   61.1764 10.6
 31.853 0125 Alaska-slab2-v3                                                                  218.2444   61.2609 11.7
 25.160 0126 Alaska-slab2-v3                                                                  218.1834   61.3453 13.1
 17.539 0127 Alaska-slab2-v3                                                                  218.1209   61.4290 14.6
  9.038 0128 Alaska-slab2-v3                                                                  218.0524   61.5114 16.4
 44.556 0140 Alaska-slab2-v3                                                                  218.0664   60.8965  8.1
 44.556 0141 Alaska-slab2-v3                                                                  217.9921   60.9788  8.8
 44.556 0142 Alaska-slab2-v3                                                                  217.9176   61.0610  9.6
 41.579 0143 Alaska-slab2-v3                                                                  217.8476   61.1440 10.6
 35.850 0144 Alaska-slab2-v3                                                                  217.7819   61.2275 11.9
 28.510 0145 Alaska-slab2-v3                                                                  217.7163   61.3106 13.5
 19.469 0146 Alaska-slab2-v3                                                                  217.6471   61.3922 15.6
  9.488 0147 Alaska-slab2-v3                                                                  217.5723   61.4724 17.8
 44.556 0158 Alaska-slab2-v3                                                                  217.6334   60.8554  8.1
 44.556 0159 Alaska-slab2-v3                                                                  217.5520   60.9361  8.8
 44.556 0160 Alaska-slab2-v3                                                                  217.4711   61.0168  9.6
 38.975 0161 Alaska-slab2-v3                                                                  217.3959   61.0984 10.9
 31.410 0162 Alaska-slab2-v3                                                                  217.3259   61.1805 12.5
 21.863 0163 Alaska-slab2-v3                                                                  217.2545   61.2616 14.6
 10.793 0164 Alaska-slab2-v3                                                                  217.1779   61.3409 17.0
 44.556 0176 Alaska-slab2-v3                                                                  217.2052   60.8027  8.5
 43.547 0177 Alaska-slab2-v3                                                                  217.1176   60.8817  9.3
 38.676 0178 Alaska-slab2-v3                                                                  217.0329   60.9613 10.2
 32.033 0179 Alaska-slab2-v3                                                                  216.9532   61.0417 11.6
 23.127 0180 Alaska-slab2-v3                                                                  216.8765   61.1221 13.4
 12.055 0181 Alaska-slab2-v3                                                                  216.7970   61.2010 15.7
 36.201 0193 Alaska-slab2-v3                                                                  216.8900   60.6628  8.8
 35.216 0194 Alaska-slab2-v3                                                                  216.7993   60.7407  9.6
 32.007 0195 Alaska-slab2-v3                                                                  216.7064   60.8182 10.4
 28.296 0196 Alaska-slab2-v3                                                                  216.6152   60.8960 11.4
 23.542 0197 Alaska-slab2-v3                                                                  216.5257   60.9741 12.6
 17.125 0198 Alaska-slab2-v3                                                                  216.4367   61.0516 14.3
  8.891 0199 Alaska-slab2-v3                                                                  216.3478   61.1284 16.4
 27.847 0211 Alaska-slab2-v3                                                                  216.6061   60.5129  9.0
 25.962 0212 Alaska-slab2-v3                                                                  216.5155   60.5902 10.2
 23.155 0213 Alaska-slab2-v3                                                                  216.4176   60.6658 11.1
 20.699 0214 Alaska-slab2-v3                                                                  216.3169   60.7408 12.0
 18.126 0215 Alaska-slab2-v3                                                                  216.2154   60.8156 12.9
 14.910 0216 Alaska-slab2-v3                                                                  216.1141   60.8903 13.9
 10.671 0217 Alaska-slab2-v3                                                                  216.0149   60.9652 15.4
  5.438 0218 Alaska-slab2-v3                                                                  215.9183   61.0404 17.2
 19.493 0231 Alaska-slab2-v3                                                                  216.3398   60.3457  8.9
 17.051 0232 Alaska-slab2-v3                                                                  216.2532   60.4228 10.7
 14.466 0233 Alaska-slab2-v3                                                                  216.1527   60.4968 11.9
 12.640 0234 Alaska-slab2-v3                                                                  216.0465   60.5698 12.8
 11.183 0235 Alaska-slab2-v3                                                                  215.9396   60.6428 13.6
  9.664 0236 Alaska-slab2-v3                                                                  215.8326   60.7157 14.3
  7.797 0237 Alaska-slab2-v3                                                                  215.7265   60.7889 15.2
  5.438 0238 Alaska-slab2-v3                                                                  215.6225   60.8627 16.4
  2.729 0239 Alaska-slab2-v3                                                                  215.5197   60.9366 17.7
 10.319 0255 Alaska-slab2-v3                                                                  216.0024   60.2336 10.4
  8.255 0256 Alaska-slab2-v3                                                                  215.9029   60.3067 12.2
  6.948 0257 Alaska-slab2-v3                                                                  215.7964   60.3790 13.4
  6.146 0258 Alaska-slab2-v3                                                                  215.6890   60.4516 14.1
  5.584 0259 Alaska-slab2-v3                                                                  215.5810   60.5242 14.6
  4.988 0260 Alaska-slab2-v3                                                                  215.4741   60.5972 15.1
  4.208 0261 Alaska-slab2-v3                                                                  215.3691   60.6708 15.8
  3.233 0262 Alaska-slab2-v3                                                                  215.2643   60.7445 16.6
  2.167 0263 Alaska-slab2-v3                                                                  215.1591   60.8181 17.5
  1.055 0264 Alaska-slab2-v3                                                                  215.0535   60.8915 18.5
 11.139 0281 Alaska-slab2-v3                                                                  215.7667   60.0238  8.5
 10.040 0282 Alaska-slab2-v3                                                                  215.6685   60.0957 10.9
  8.133 0283 Alaska-slab2-v3                                                                  215.5633   60.1673 12.6
  6.910 0284 Alaska-slab2-v3                                                                  215.4567   60.2395 13.7
  6.147 0285 Alaska-slab2-v3                                                                  215.3492   60.3119 14.4
  5.609 0286 Alaska-slab2-v3                                                                  215.2419   60.3845 14.9
  5.070 0287 Alaska-slab2-v3                                                                  215.1390   60.4588 15.3
  4.442 0288 Alaska-slab2-v3                                                                  215.0397   60.5342 15.9
  3.735 0289 Alaska-slab2-v3                                                                  214.9400   60.6096 16.5
  2.984 0290 Alaska-slab2-v3                                                                  214.8399   60.6849 17.2
  2.199 0291 Alaska-slab2-v3                                                                  214.7393   60.7600 17.9
  1.425 0292 Alaska-slab2-v3                                                                  214.6382   60.8351 18.6
  0.684 0293 Alaska-slab2-v3                                                                  214.5375   60.9104 19.2
 11.139 0311 Alaska-slab2-v3                                                                  215.4642   59.8739  8.3
 10.650 0312 Alaska-slab2-v3                                                                  215.3509   59.9410 10.4
  8.920 0313 Alaska-slab2-v3                                                                  215.2419   60.0111 11.9
  7.594 0314 Alaska-slab2-v3                                                                  215.1347   60.0828 13.1
  6.561 0315 Alaska-slab2-v3                                                                  215.0267   60.1546 14.0
  5.718 0316 Alaska-slab2-v3                                                                  214.9191   60.2267 14.7
  4.977 0317 Alaska-slab2-v3                                                                  214.8202   60.3019 15.4
  4.280 0318 Alaska-slab2-v3                                                                  214.7293   60.3797 16.0
  3.640 0319 Alaska-slab2-v3                                                                  214.6379   60.4575 16.6
  3.033 0320 Alaska-slab2-v3                                                                  214.5461   60.5352 17.1
  2.460 0321 Alaska-slab2-v3                                                                  214.4538   60.6129 17.6
  1.921 0322 Alaska-slab2-v3                                                                  214.3610   60.6905 18.1
  1.404 0323 Alaska-slab2-v3                                                                  214.2678   60.7681 18.6
  0.921 0324 Alaska-slab2-v3                                                                  214.1741   60.8456 19.0
  0.449 0325 Alaska-slab2-v3                                                                  214.0807   60.9232 19.4
 11.139 0344 Alaska-slab2-v3                                                                  215.1063   59.7707  9.3
  9.696 0345 Alaska-slab2-v3                                                                  214.9901   59.8370 11.1
  8.124 0346 Alaska-slab2-v3                                                                  214.8804   59.9071 12.5
  6.970 0347 Alaska-slab2-v3                                                                  214.7697   59.9775 13.5
  6.110 0348 Alaska-slab2-v3                                                                  214.6583   60.0480 14.3
  5.442 0349 Alaska-slab2-v3                                                                  214.5502   60.1198 14.9
  4.888 0350 Alaska-slab2-v3                                                                  214.4495   60.1941 15.4
  4.367 0351 Alaska-slab2-v3                                                                  214.3549   60.2707 15.8
  3.881 0352 Alaska-slab2-v3                                                                  214.2625   60.3481 16.3
  3.394 0353 Alaska-slab2-v3                                                                  214.1698   60.4256 16.7
  2.930 0354 Alaska-slab2-v3                                                                  214.0765   60.5029 17.1
  2.467 0355 Alaska-slab2-v3                                                                  213.9828   60.5802 17.5
  1.991 0356 Alaska-slab2-v3                                                                  213.8887   60.6575 17.9
  1.516 0357 Alaska-slab2-v3                                                                  213.7941   60.7346 18.4
  1.030 0358 Alaska-slab2-v3                                                                  213.6991   60.8117 18.8
  0.532 0359 Alaska-slab2-v3                                                                  213.6036   60.8887 19.2
 11.139 0386 Alaska-slab2-v3                                                                  214.8431   59.6356  9.5
  9.560 0387 Alaska-slab2-v3                                                                  214.7243   59.7004 11.4
  8.049 0388 Alaska-slab2-v3                                                                  214.6103   59.7687 12.7
  7.008 0389 Alaska-slab2-v3                                                                  214.4953   59.8373 13.6
  6.325 0390 Alaska-slab2-v3                                                                  214.3795   59.9059 14.2
  5.889 0391 Alaska-slab2-v3                                                                  214.2631   59.9745 14.6
  5.586 0392 Alaska-slab2-v3                                                                  214.1482   60.0437 14.9
  5.306 0393 Alaska-slab2-v3                                                                  214.0383   60.1149 15.2
  4.993 0394 Alaska-slab2-v3                                                                  213.9339   60.1883 15.4
  4.623 0395 Alaska-slab2-v3                                                                  213.8315   60.2625 15.8
  4.187 0396 Alaska-slab2-v3                                                                  213.7286   60.3367 16.2
  3.706 0397 Alaska-slab2-v3                                                                  213.6253   60.4108 16.6
  3.179 0398 Alaska-slab2-v3                                                                  213.5216   60.4848 17.1
  2.608 0399 Alaska-slab2-v3                                                                  213.4174   60.5587 17.6
  2.004 0400 Alaska-slab2-v3                                                                  213.3127   60.6325 18.1
  1.366 0401 Alaska-slab2-v3                                                                  213.2076   60.7062 18.7
  0.694 0402 Alaska-slab2-v3                                                                  213.1020   60.7798 19.3
 11.139 0428 Alaska-slab2-v3                                                                  214.5858   59.4974  9.6
  9.430 0429 Alaska-slab2-v3                                                                  214.4641   59.5605 11.5
  7.899 0430 Alaska-slab2-v3                                                                  214.3463   59.6269 12.9
  6.860 0431 Alaska-slab2-v3                                                                  214.2275   59.6935 13.8
  6.223 0432 Alaska-slab2-v3                                                                  214.1078   59.7602 14.4
  5.866 0433 Alaska-slab2-v3                                                                  213.9875   59.8269 14.7
  5.698 0434 Alaska-slab2-v3                                                                  213.8667   59.8935 14.8
  5.575 0435 Alaska-slab2-v3                                                                  213.7462   59.9604 14.9
  5.419 0436 Alaska-slab2-v3                                                                  213.6291   60.0286 15.1
  5.162 0437 Alaska-slab2-v3                                                                  213.5162   60.0988 15.3
  4.782 0438 Alaska-slab2-v3                                                                  213.4044   60.1695 15.7
  4.301 0439 Alaska-slab2-v3                                                                  213.2921   60.2401 16.1
  3.732 0440 Alaska-slab2-v3                                                                  213.1795   60.3106 16.6
  3.084 0441 Alaska-slab2-v3                                                                  213.0664   60.3810 17.2
  2.369 0442 Alaska-slab2-v3                                                                  212.9528   60.4512 17.8
  1.620 0443 Alaska-slab2-v3                                                                  212.8388   60.5214 18.5
  0.816 0444 Alaska-slab2-v3                                                                  212.7243   60.5914 19.2
 11.139 0469 Alaska-slab2-v3                                                                  214.3377   59.3548  9.5
  9.175 0470 Alaska-slab2-v3                                                                  214.2120   59.4156 11.4
  7.602 0471 Alaska-slab2-v3                                                                  214.0899   59.4797 12.8
  6.523 0472 Alaska-slab2-v3                                                                  213.9667   59.5441 13.7
  5.857 0473 Alaska-slab2-v3                                                                  213.8427   59.6084 14.3
  5.489 0474 Alaska-slab2-v3                                                                  213.7181   59.6728 14.6
  5.317 0475 Alaska-slab2-v3                                                                  213.5930   59.7370 14.8
  5.225 0476 Alaska-slab2-v3                                                                  213.4673   59.8012 14.9
  5.122 0477 Alaska-slab2-v3                                                                  213.3418   59.8654 14.9
  4.892 0478 Alaska-slab2-v3                                                                  213.2188   59.9310 15.1
  4.513 0479 Alaska-slab2-v3                                                                  213.0983   59.9978 15.5
  3.985 0480 Alaska-slab2-v3                                                                  212.9777   60.0646 15.9
  3.330 0481 Alaska-slab2-v3                                                                  212.8566   60.1312 16.5
  2.584 0482 Alaska-slab2-v3                                                                  212.7351   60.1977 17.1
  1.757 0483 Alaska-slab2-v3                                                                  212.6132   60.2641 17.9
  0.896 0484 Alaska-slab2-v3                                                                  212.4909   60.3303 18.6
 11.139 0510 Alaska-slab2-v3                                                                  214.1024   59.2073  9.3
  9.531 0511 Alaska-slab2-v3                                                                  213.9719   59.2655 11.1
  7.998 0512 Alaska-slab2-v3                                                                  213.8453   59.3270 12.4
  6.903 0513 Alaska-slab2-v3                                                                  213.7176   59.3887 13.3
  6.189 0514 Alaska-slab2-v3                                                                  213.5892   59.4504 14.0
  5.739 0515 Alaska-slab2-v3                                                                  213.4601   59.5121 14.4
  5.474 0516 Alaska-slab2-v3                                                                  213.3304   59.5737 14.6
  5.313 0517 Alaska-slab2-v3                                                                  213.2003   59.6352 14.7
  5.129 0518 Alaska-slab2-v3                                                                  213.0697   59.6965 14.9
  4.864 0519 Alaska-slab2-v3                                                                  212.9395   59.7582 15.1
  4.460 0520 Alaska-slab2-v3                                                                  212.8102   59.8204 15.5
  3.919 0521 Alaska-slab2-v3                                                                  212.6808   59.8826 15.9
  3.262 0522 Alaska-slab2-v3                                                                  212.5511   59.9446 16.5
  2.524 0523 Alaska-slab2-v3                                                                  212.4208   60.0065 17.1
  1.717 0524 Alaska-slab2-v3                                                                  212.2902   60.0682 17.8
  0.864 0525 Alaska-slab2-v3                                                                  212.1591   60.1298 18.6
 11.139 0551 Alaska-slab2-v3                                                                  213.8813   59.0556  8.9
 10.148 0552 Alaska-slab2-v3                                                                  213.7467   59.1112 10.6
  8.659 0553 Alaska-slab2-v3                                                                  213.6158   59.1701 11.9
  7.548 0554 Alaska-slab2-v3                                                                  213.4846   59.2294 12.9
  6.735 0555 Alaska-slab2-v3                                                                  213.3527   59.2888 13.6
  6.174 0556 Alaska-slab2-v3                                                                  213.2201   59.3481 14.1
  5.773 0557 Alaska-slab2-v3                                                                  213.0869   59.4073 14.4
  5.464 0558 Alaska-slab2-v3                                                                  212.9532   59.4664 14.7
  5.177 0559 Alaska-slab2-v3                                                                  212.8188   59.5252 14.9
  4.856 0560 Alaska-slab2-v3                                                                  212.6833   59.5834 15.2
  4.467 0561 Alaska-slab2-v3                                                                  212.5469   59.6413 15.6
  4.009 0562 Alaska-slab2-v3                                                                  212.4101   59.6990 15.9
  3.471 0563 Alaska-slab2-v3                                                                  212.2729   59.7565 16.4
  2.886 0564 Alaska-slab2-v3                                                                  212.1353   59.8139 16.9
  2.234 0565 Alaska-slab2-v3                                                                  211.9972   59.8711 17.5
  1.535 0566 Alaska-slab2-v3                                                                  211.8586   59.9281 18.1
  0.790 0567 Alaska-slab2-v3                                                                  211.7197   59.9850 18.8
 11.139 0591 Alaska-slab2-v3                                                                  213.6725   58.9003  8.7
 10.866 0592 Alaska-slab2-v3                                                                  213.5347   58.9537 10.2
  9.438 0593 Alaska-slab2-v3                                                                  213.4001   59.0099 11.5
  8.311 0594 Alaska-slab2-v3                                                                  213.2660   59.0671 12.5
  7.430 0595 Alaska-slab2-v3                                                                  213.1312   59.1243 13.3
  6.749 0596 Alaska-slab2-v3                                                                  212.9957   59.1814 13.9
  6.236 0597 Alaska-slab2-v3                                                                  212.8597   59.2385 14.4
  5.812 0598 Alaska-slab2-v3                                                                  212.7232   59.2954 14.8
  5.444 0599 Alaska-slab2-v3                                                                  212.5850   59.3514 15.1
  5.098 0600 Alaska-slab2-v3                                                                  212.4447   59.4062 15.4
  4.741 0601 Alaska-slab2-v3                                                                  212.3036   59.4606 15.7
  4.373 0602 Alaska-slab2-v3                                                                  212.1621   59.5148 16.0
  3.994 0603 Alaska-slab2-v3                                                                  212.0201   59.5689 16.4
  3.570 0604 Alaska-slab2-v3                                                                  211.8777   59.6228 16.8
  3.124 0605 Alaska-slab2-v3                                                                  211.7348   59.6766 17.2
  2.622 0606 Alaska-slab2-v3                                                                  211.5915   59.7302 17.6
  2.075 0607 Alaska-slab2-v3                                                                  211.4478   59.7836 18.1
  1.461 0608 Alaska-slab2-v3                                                                  211.3036   59.8369 18.7
  0.770 0609 Alaska-slab2-v3                                                                  211.1594   59.8901 19.3
 11.139 0629 Alaska-slab2-v3                                                                  213.4727   58.7421  8.6
 10.943 0630 Alaska-slab2-v3                                                                  213.3324   58.7934 10.1
  9.511 0631 Alaska-slab2-v3                                                                  213.1942   58.8468 11.4
  8.347 0632 Alaska-slab2-v3                                                                  213.0564   58.9011 12.4
  7.418 0633 Alaska-slab2-v3                                                                  212.9178   58.9554 13.3
  6.680 0634 Alaska-slab2-v3                                                                  212.7787   59.0096 13.9
  6.098 0635 Alaska-slab2-v3                                                                  212.6390   59.0637 14.5
  5.628 0636 Alaska-slab2-v3                                                                  212.4985   59.1175 14.9
  5.214 0637 Alaska-slab2-v3                                                                  212.3560   59.1700 15.2
  4.845 0638 Alaska-slab2-v3                                                                  212.2117   59.2214 15.6
  4.498 0639 Alaska-slab2-v3                                                                  212.0669   59.2727 15.9
  4.174 0640 Alaska-slab2-v3                                                                  211.9217   59.3238 16.2
  3.849 0641 Alaska-slab2-v3                                                                  211.7760   59.3747 16.5
  3.513 0642 Alaska-slab2-v3                                                                  211.6299   59.4255 16.8
  3.167 0643 Alaska-slab2-v3                                                                  211.4834   59.4761 17.1
  2.786 0644 Alaska-slab2-v3                                                                  211.3364   59.5265 17.4
  2.361 0645 Alaska-slab2-v3                                                                  211.1891   59.5768 17.8
  1.880 0646 Alaska-slab2-v3                                                                  211.0413   59.6269 18.2
  1.343 0647 Alaska-slab2-v3                                                                  210.8931   59.6768 18.7
  0.716 0648 Alaska-slab2-v3                                                                  210.7446   59.7265 19.3
 11.139 0665 Alaska-slab2-v3                                                                  213.2794   58.5822  8.7
 10.529 0666 Alaska-slab2-v3                                                                  213.1372   58.6314 10.3
  9.034 0667 Alaska-slab2-v3                                                                  212.9951   58.6814 11.6
  7.848 0668 Alaska-slab2-v3                                                                  212.8525   58.7318 12.6
  6.913 0669 Alaska-slab2-v3                                                                  212.7092   58.7822 13.5
  6.194 0670 Alaska-slab2-v3                                                                  212.5653   58.8324 14.1
  5.635 0671 Alaska-slab2-v3                                                                  212.4209   58.8826 14.6
  5.202 0672 Alaska-slab2-v3                                                                  212.2756   58.9323 15.0
  4.825 0673 Alaska-slab2-v3                                                                  212.1287   58.9809 15.3
  4.517 0674 Alaska-slab2-v3                                                                  211.9807   59.0289 15.6
  4.232 0675 Alaska-slab2-v3                                                                  211.8323   59.0767 15.8
  3.958 0676 Alaska-slab2-v3                                                                  211.6835   59.1244 16.1
  3.707 0677 Alaska-slab2-v3                                                                  211.5343   59.1719 16.3
  3.434 0678 Alaska-slab2-v3                                                                  211.3847   59.2192 16.5
  3.137 0679 Alaska-slab2-v3                                                                  211.2346   59.2663 16.8
  2.795 0680 Alaska-slab2-v3                                                                  211.0842   59.3133 17.1
  2.407 0681 Alaska-slab2-v3                                                                  210.9334   59.3600 17.4
  1.951 0682 Alaska-slab2-v3                                                                  210.7821   59.4066 17.8
  1.403 0683 Alaska-slab2-v3                                                                  210.6306   59.4530 18.3
  0.753 0684 Alaska-slab2-v3                                                                  210.4786   59.4992 18.9
 11.139 0700 Alaska-slab2-v3                                                                  213.0897   58.4261  9.1
 10.160 0701 Alaska-slab2-v3                                                                  212.9473   58.4744 10.8
  8.641 0702 Alaska-slab2-v3                                                                  212.8039   58.5229 12.1
  7.505 0703 Alaska-slab2-v3                                                                  212.6595   58.5714 13.1
  6.672 0704 Alaska-slab2-v3                                                                  212.5144   58.6199 13.9
  6.098 0705 Alaska-slab2-v3                                                                  212.3686   58.6683 14.4
  5.693 0706 Alaska-slab2-v3                                                                  212.2224   58.7166 14.7
  5.389 0707 Alaska-slab2-v3                                                                  212.0755   58.7646 15.0
  5.142 0708 Alaska-slab2-v3                                                                  211.9278   58.8121 15.2
  4.917 0709 Alaska-slab2-v3                                                                  211.7795   58.8593 15.4
  4.703 0710 Alaska-slab2-v3                                                                  211.6308   58.9063 15.6
  4.489 0711 Alaska-slab2-v3                                                                  211.4817   58.9531 15.8
  4.253 0712 Alaska-slab2-v3                                                                  211.3322   58.9998 16.0
  3.994 0713 Alaska-slab2-v3                                                                  211.1823   59.0462 16.2
  3.679 0714 Alaska-slab2-v3                                                                  211.0320   59.0925 16.5
  3.297 0715 Alaska-slab2-v3                                                                  210.8814   59.1387 16.9
  2.847 0716 Alaska-slab2-v3                                                                  210.7304   59.1846 17.3
  2.307 0717 Alaska-slab2-v3                                                                  210.5790   59.2303 17.8
  1.654 0718 Alaska-slab2-v3                                                                  210.4273   59.2759 18.3
  0.900 0719 Alaska-slab2-v3                                                                  210.2753   59.3212 19.0
 11.139 0735 Alaska-slab2-v3                                                                  212.8990   58.2742  9.5
  9.502 0736 Alaska-slab2-v3                                                                  212.7582   58.3227 11.3
  7.945 0737 Alaska-slab2-v3                                                                  212.6163   58.3719 12.7
  6.862 0738 Alaska-slab2-v3                                                                  212.4734   58.4212 13.7
  6.151 0739 Alaska-slab2-v3                                                                  212.3297   58.4705 14.3
  5.733 0740 Alaska-slab2-v3                                                                  212.1853   58.5196 14.7
  5.496 0741 Alaska-slab2-v3                                                                  212.0405   58.5687 14.9
  5.338 0742 Alaska-slab2-v3                                                                  211.8955   58.6177 15.0
  5.180 0743 Alaska-slab2-v3                                                                  211.7504   58.6668 15.1
  5.000 0744 Alaska-slab2-v3                                                                  211.6051   58.7160 15.3
  4.785 0745 Alaska-slab2-v3                                                                  211.4594   58.7650 15.5
  4.526 0746 Alaska-slab2-v3                                                                  211.3134   58.8138 15.7
  4.221 0747 Alaska-slab2-v3                                                                  211.1669   58.8624 16.0
  3.848 0748 Alaska-slab2-v3                                                                  211.0201   58.9109 16.3
  3.408 0749 Alaska-slab2-v3                                                                  210.8729   58.9592 16.7
  2.900 0750 Alaska-slab2-v3                                                                  210.7253   59.0073 17.2
  2.314 0751 Alaska-slab2-v3                                                                  210.5773   59.0553 17.7
  1.636 0752 Alaska-slab2-v3                                                                  210.4290   59.1030 18.3
  0.869 0753 Alaska-slab2-v3                                                                  210.2804   59.1506 19.0
