  1.231 0010 Alaska-slab2-v3                                                                  220.6551   61.0581  8.4
  1.231 0011 Alaska-slab2-v3                                                                  220.6343   61.1471  9.3
  1.231 0012 Alaska-slab2-v3                                                                  220.6074   61.2353 10.4
  1.231 0013 Alaska-slab2-v3                                                                  220.5693   61.3225 11.6
  1.109 0014 Alaska-slab2-v3                                                                  220.5225   61.4090 12.9
  0.961 0015 Alaska-slab2-v3                                                                  220.4743   61.4951 14.3
  0.810 0016 Alaska-slab2-v3                                                                  220.4241   61.5810 15.8
  0.659 0017 Alaska-slab2-v3                                                                  220.3721   61.6666 17.2
  0.508 0018 Alaska-slab2-v3                                                                  220.3182   61.7521 18.7
  2.462 0034 Alaska-slab2-v3                                                                  220.2091   61.0718  8.6
  2.462 0035 Alaska-slab2-v3                                                                  220.1755   61.1598  9.7
  2.462 0036 Alaska-slab2-v3                                                                  220.1353   61.2470 10.8
  2.400 0037 Alaska-slab2-v3                                                                  220.0881   61.3334 12.1
  2.116 0038 Alaska-slab2-v3                                                                  220.0377   61.4193 13.5
  1.818 0039 Alaska-slab2-v3                                                                  219.9860   61.5050 14.9
  1.516 0040 Alaska-slab2-v3                                                                  219.9318   61.5903 16.4
  1.214 0041 Alaska-slab2-v3                                                                  219.8759   61.6754 17.8
  0.913 0042 Alaska-slab2-v3                                                                  219.8172   61.7601 19.2
  3.694 0057 Alaska-slab2-v3                                                                  219.7710   61.0555  8.5
  3.694 0058 Alaska-slab2-v3                                                                  219.7270   61.1425  9.6
  3.694 0059 Alaska-slab2-v3                                                                  219.6794   61.2289 10.8
  3.694 0060 Alaska-slab2-v3                                                                  219.6278   61.3148 12.0
  3.437 0061 Alaska-slab2-v3                                                                  219.5751   61.4004 13.4
  3.026 0062 Alaska-slab2-v3                                                                  219.5215   61.4859 14.8
  2.615 0063 Alaska-slab2-v3                                                                  219.4654   61.5710 16.1
  2.204 0064 Alaska-slab2-v3                                                                  219.4075   61.6559 17.5
  1.791 0065 Alaska-slab2-v3                                                                  219.3493   61.7407 18.9
  4.925 0079 Alaska-slab2-v3                                                                  219.3506   61.0087  8.2
  4.925 0080 Alaska-slab2-v3                                                                  219.2976   61.0947  9.1
  4.925 0081 Alaska-slab2-v3                                                                  219.2445   61.1805 10.2
  4.925 0082 Alaska-slab2-v3                                                                  219.1907   61.2661 11.4
  4.783 0083 Alaska-slab2-v3                                                                  219.1363   61.3516 12.7
  4.247 0084 Alaska-slab2-v3                                                                  219.0817   61.4369 14.0
  3.711 0085 Alaska-slab2-v3                                                                  219.0245   61.5220 15.4
  3.179 0086 Alaska-slab2-v3                                                                  218.9643   61.6065 16.7
  2.635 0087 Alaska-slab2-v3                                                                  218.9032   61.6909 18.0
  2.056 0088 Alaska-slab2-v3                                                                  218.8362   61.7735 19.5
  6.156 0101 Alaska-slab2-v3                                                                  218.8900   61.0211  8.6
  6.156 0102 Alaska-slab2-v3                                                                  218.8295   61.1059  9.4
  6.156 0103 Alaska-slab2-v3                                                                  218.7707   61.1909 10.5
  6.156 0104 Alaska-slab2-v3                                                                  218.7137   61.2761 11.6
  5.809 0105 Alaska-slab2-v3                                                                  218.6566   61.3611 12.9
  5.121 0106 Alaska-slab2-v3                                                                  218.5991   61.4460 14.3
  4.422 0107 Alaska-slab2-v3                                                                  218.5368   61.5301 15.7
  3.699 0108 Alaska-slab2-v3                                                                  218.4698   61.6133 17.1
  2.920 0109 Alaska-slab2-v3                                                                  218.4015   61.6960 18.7
  6.156 0121 Alaska-slab2-v3                                                                  218.5043   60.9250  8.0
  6.156 0122 Alaska-slab2-v3                                                                  218.4369   61.0086  8.8
  6.156 0123 Alaska-slab2-v3                                                                  218.3694   61.0923  9.6
  6.156 0124 Alaska-slab2-v3                                                                  218.3052   61.1764 10.6
  6.156 0125 Alaska-slab2-v3                                                                  218.2444   61.2609 11.7
  5.742 0126 Alaska-slab2-v3                                                                  218.1834   61.3453 13.1
  4.959 0127 Alaska-slab2-v3                                                                  218.1209   61.4290 14.6
  4.086 0128 Alaska-slab2-v3                                                                  218.0524   61.5114 16.4
  3.157 0129 Alaska-slab2-v3                                                                  217.9783   61.5922 18.2
  6.156 0140 Alaska-slab2-v3                                                                  218.0664   60.8965  8.1
  6.156 0141 Alaska-slab2-v3                                                                  217.9921   60.9788  8.8
  6.156 0142 Alaska-slab2-v3                                                                  217.9176   61.0610  9.6
  6.156 0143 Alaska-slab2-v3                                                                  217.8476   61.1440 10.6
  6.156 0144 Alaska-slab2-v3                                                                  217.7819   61.2275 11.9
  5.378 0145 Alaska-slab2-v3                                                                  217.7163   61.3106 13.5
  4.343 0146 Alaska-slab2-v3                                                                  217.6471   61.3922 15.6
  3.201 0147 Alaska-slab2-v3                                                                  217.5723   61.4724 17.8
  2.115 0148 Alaska-slab2-v3                                                                  217.4704   61.5379 19.9
  6.156 0158 Alaska-slab2-v3                                                                  217.6334   60.8554  8.1
  6.156 0159 Alaska-slab2-v3                                                                  217.5520   60.9361  8.8
  6.156 0160 Alaska-slab2-v3                                                                  217.4711   61.0168  9.6
  6.156 0161 Alaska-slab2-v3                                                                  217.3959   61.0984 10.9
  5.592 0162 Alaska-slab2-v3                                                                  217.3259   61.1805 12.5
  4.480 0163 Alaska-slab2-v3                                                                  217.2545   61.2616 14.6
  3.191 0164 Alaska-slab2-v3                                                                  217.1779   61.3409 17.0
  1.934 0165 Alaska-slab2-v3                                                                  217.0846   61.4116 19.3
  6.156 0176 Alaska-slab2-v3                                                                  217.2052   60.8027  8.5
  6.156 0177 Alaska-slab2-v3                                                                  217.1176   60.8817  9.3
  6.156 0178 Alaska-slab2-v3                                                                  217.0329   60.9613 10.2
  6.156 0179 Alaska-slab2-v3                                                                  216.9532   61.0417 11.6
  5.238 0180 Alaska-slab2-v3                                                                  216.8765   61.1221 13.4
  4.051 0181 Alaska-slab2-v3                                                                  216.7970   61.2010 15.7
  2.759 0182 Alaska-slab2-v3                                                                  216.7131   61.2785 18.1
  5.002 0193 Alaska-slab2-v3                                                                  216.8900   60.6628  8.8
  5.002 0194 Alaska-slab2-v3                                                                  216.7993   60.7407  9.6
  5.002 0195 Alaska-slab2-v3                                                                  216.7064   60.8182 10.4
  5.002 0196 Alaska-slab2-v3                                                                  216.6152   60.8960 11.4
  4.847 0197 Alaska-slab2-v3                                                                  216.5257   60.9741 12.6
  4.170 0198 Alaska-slab2-v3                                                                  216.4367   61.0516 14.3
  3.301 0199 Alaska-slab2-v3                                                                  216.3478   61.1284 16.4
  2.362 0200 Alaska-slab2-v3                                                                  216.2579   61.2046 18.7
  3.848 0211 Alaska-slab2-v3                                                                  216.6061   60.5129  9.0
  3.848 0212 Alaska-slab2-v3                                                                  216.5155   60.5902 10.2
  3.848 0213 Alaska-slab2-v3                                                                  216.4176   60.6658 11.1
  3.848 0214 Alaska-slab2-v3                                                                  216.3169   60.7408 12.0
  3.676 0215 Alaska-slab2-v3                                                                  216.2154   60.8156 12.9
  3.331 0216 Alaska-slab2-v3                                                                  216.1141   60.8903 13.9
  2.878 0217 Alaska-slab2-v3                                                                  216.0149   60.9652 15.4
  2.318 0218 Alaska-slab2-v3                                                                  215.9183   61.0404 17.2
  1.736 0219 Alaska-slab2-v3                                                                  215.8221   61.1157 19.0
  2.693 0231 Alaska-slab2-v3                                                                  216.3398   60.3457  8.9
  2.693 0232 Alaska-slab2-v3                                                                  216.2532   60.4228 10.7
  2.693 0233 Alaska-slab2-v3                                                                  216.1527   60.4968 11.9
  2.601 0234 Alaska-slab2-v3                                                                  216.0465   60.5698 12.8
  2.447 0235 Alaska-slab2-v3                                                                  215.9396   60.6428 13.6
  2.287 0236 Alaska-slab2-v3                                                                  215.8326   60.7157 14.3
  2.089 0237 Alaska-slab2-v3                                                                  215.7265   60.7889 15.2
  1.840 0238 Alaska-slab2-v3                                                                  215.6225   60.8627 16.4
  1.553 0239 Alaska-slab2-v3                                                                  215.5197   60.9366 17.7
  1.265 0240 Alaska-slab2-v3                                                                  215.4164   61.0105 19.0
  1.539 0255 Alaska-slab2-v3                                                                  216.0024   60.2336 10.4
  1.534 0256 Alaska-slab2-v3                                                                  215.9029   60.3067 12.2
  1.390 0257 Alaska-slab2-v3                                                                  215.7964   60.3790 13.4
  1.302 0258 Alaska-slab2-v3                                                                  215.6890   60.4516 14.1
  1.240 0259 Alaska-slab2-v3                                                                  215.5810   60.5242 14.6
  1.174 0260 Alaska-slab2-v3                                                                  215.4741   60.5972 15.1
  1.088 0261 Alaska-slab2-v3                                                                  215.3691   60.6708 15.8
  0.981 0262 Alaska-slab2-v3                                                                  215.2643   60.7445 16.6
  0.864 0263 Alaska-slab2-v3                                                                  215.1591   60.8181 17.5
  0.741 0264 Alaska-slab2-v3                                                                  215.0535   60.8915 18.5
  0.625 0265 Alaska-slab2-v3                                                                  214.9475   60.9650 19.4
  1.539 0281 Alaska-slab2-v3                                                                  215.7667   60.0238  8.5
  1.539 0282 Alaska-slab2-v3                                                                  215.6685   60.0957 10.9
  1.485 0283 Alaska-slab2-v3                                                                  215.5633   60.1673 12.6
  1.348 0284 Alaska-slab2-v3                                                                  215.4567   60.2395 13.7
  1.262 0285 Alaska-slab2-v3                                                                  215.3492   60.3119 14.4
  1.201 0286 Alaska-slab2-v3                                                                  215.2419   60.3845 14.9
  1.141 0287 Alaska-slab2-v3                                                                  215.1390   60.4588 15.3
  1.070 0288 Alaska-slab2-v3                                                                  215.0397   60.5342 15.9
  0.990 0289 Alaska-slab2-v3                                                                  214.9400   60.6096 16.5
  0.906 0290 Alaska-slab2-v3                                                                  214.8399   60.6849 17.2
  0.817 0291 Alaska-slab2-v3                                                                  214.7393   60.7600 17.9
  0.730 0292 Alaska-slab2-v3                                                                  214.6382   60.8351 18.6
  0.647 0293 Alaska-slab2-v3                                                                  214.5375   60.9104 19.2
  0.570 0294 Alaska-slab2-v3                                                                  214.4431   60.9876 19.9
  1.539 0311 Alaska-slab2-v3                                                                  215.4642   59.8739  8.3
  1.539 0312 Alaska-slab2-v3                                                                  215.3509   59.9410 10.4
  1.539 0313 Alaska-slab2-v3                                                                  215.2419   60.0111 11.9
  1.443 0314 Alaska-slab2-v3                                                                  215.1347   60.0828 13.1
  1.328 0315 Alaska-slab2-v3                                                                  215.0267   60.1546 14.0
  1.234 0316 Alaska-slab2-v3                                                                  214.9191   60.2267 14.7
  1.151 0317 Alaska-slab2-v3                                                                  214.8202   60.3019 15.4
  1.074 0318 Alaska-slab2-v3                                                                  214.7293   60.3797 16.0
  1.002 0319 Alaska-slab2-v3                                                                  214.6379   60.4575 16.6
  0.935 0320 Alaska-slab2-v3                                                                  214.5461   60.5352 17.1
  0.871 0321 Alaska-slab2-v3                                                                  214.4538   60.6129 17.6
  0.811 0322 Alaska-slab2-v3                                                                  214.3610   60.6905 18.1
  0.753 0323 Alaska-slab2-v3                                                                  214.2678   60.7681 18.6
  0.699 0324 Alaska-slab2-v3                                                                  214.1741   60.8456 19.0
  0.647 0325 Alaska-slab2-v3                                                                  214.0807   60.9232 19.4
  0.597 0326 Alaska-slab2-v3                                                                  213.9935   61.0025 19.8
  1.539 0344 Alaska-slab2-v3                                                                  215.1063   59.7707  9.3
  1.539 0345 Alaska-slab2-v3                                                                  214.9901   59.8370 11.1
  1.535 0346 Alaska-slab2-v3                                                                  214.8804   59.9071 12.5
  1.409 0347 Alaska-slab2-v3                                                                  214.7697   59.9775 13.5
  1.315 0348 Alaska-slab2-v3                                                                  214.6583   60.0480 14.3
  1.242 0349 Alaska-slab2-v3                                                                  214.5502   60.1198 14.9
  1.182 0350 Alaska-slab2-v3                                                                  214.4495   60.1941 15.4
  1.125 0351 Alaska-slab2-v3                                                                  214.3549   60.2707 15.8
  1.072 0352 Alaska-slab2-v3                                                                  214.2625   60.3481 16.3
  1.019 0353 Alaska-slab2-v3                                                                  214.1698   60.4256 16.7
  0.968 0354 Alaska-slab2-v3                                                                  214.0765   60.5029 17.1
  0.918 0355 Alaska-slab2-v3                                                                  213.9828   60.5802 17.5
  0.866 0356 Alaska-slab2-v3                                                                  213.8887   60.6575 17.9
  0.814 0357 Alaska-slab2-v3                                                                  213.7941   60.7346 18.4
  0.761 0358 Alaska-slab2-v3                                                                  213.6991   60.8117 18.8
  0.707 0359 Alaska-slab2-v3                                                                  213.6036   60.8887 19.2
  0.649 0360 Alaska-slab2-v3                                                                  213.5085   60.9659 19.7
  1.539 0386 Alaska-slab2-v3                                                                  214.8431   59.6356  9.5
  1.539 0387 Alaska-slab2-v3                                                                  214.7243   59.7004 11.4
  1.506 0388 Alaska-slab2-v3                                                                  214.6103   59.7687 12.7
  1.391 0389 Alaska-slab2-v3                                                                  214.4953   59.8373 13.6
  1.315 0390 Alaska-slab2-v3                                                                  214.3795   59.9059 14.2
  1.267 0391 Alaska-slab2-v3                                                                  214.2631   59.9745 14.6
  1.233 0392 Alaska-slab2-v3                                                                  214.1482   60.0437 14.9
  1.203 0393 Alaska-slab2-v3                                                                  214.0383   60.1149 15.2
  1.168 0394 Alaska-slab2-v3                                                                  213.9339   60.1883 15.4
  1.127 0395 Alaska-slab2-v3                                                                  213.8315   60.2625 15.8
  1.079 0396 Alaska-slab2-v3                                                                  213.7286   60.3367 16.2
  1.026 0397 Alaska-slab2-v3                                                                  213.6253   60.4108 16.6
  0.967 0398 Alaska-slab2-v3                                                                  213.5216   60.4848 17.1
  0.904 0399 Alaska-slab2-v3                                                                  213.4174   60.5587 17.6
  0.838 0400 Alaska-slab2-v3                                                                  213.3127   60.6325 18.1
  0.767 0401 Alaska-slab2-v3                                                                  213.2076   60.7062 18.7
  0.693 0402 Alaska-slab2-v3                                                                  213.1020   60.7798 19.3
  0.616 0403 Alaska-slab2-v3                                                                  212.9988   60.8542 19.9
  1.539 0428 Alaska-slab2-v3                                                                  214.5858   59.4974  9.6
  1.539 0429 Alaska-slab2-v3                                                                  214.4641   59.5605 11.5
  1.490 0430 Alaska-slab2-v3                                                                  214.3463   59.6269 12.9
  1.376 0431 Alaska-slab2-v3                                                                  214.2275   59.6935 13.8
  1.305 0432 Alaska-slab2-v3                                                                  214.1078   59.7602 14.4
  1.266 0433 Alaska-slab2-v3                                                                  213.9875   59.8269 14.7
  1.247 0434 Alaska-slab2-v3                                                                  213.8667   59.8935 14.8
  1.234 0435 Alaska-slab2-v3                                                                  213.7462   59.9604 14.9
  1.216 0436 Alaska-slab2-v3                                                                  213.6291   60.0286 15.1
  1.188 0437 Alaska-slab2-v3                                                                  213.5162   60.0988 15.3
  1.146 0438 Alaska-slab2-v3                                                                  213.4044   60.1695 15.7
  1.093 0439 Alaska-slab2-v3                                                                  213.2921   60.2401 16.1
  1.030 0440 Alaska-slab2-v3                                                                  213.1795   60.3106 16.6
  0.959 0441 Alaska-slab2-v3                                                                  213.0664   60.3810 17.2
  0.880 0442 Alaska-slab2-v3                                                                  212.9528   60.4512 17.8
  0.797 0443 Alaska-slab2-v3                                                                  212.8388   60.5214 18.5
  0.708 0444 Alaska-slab2-v3                                                                  212.7243   60.5914 19.2
  0.618 0445 Alaska-slab2-v3                                                                  212.6148   60.6632 19.9
  1.539 0469 Alaska-slab2-v3                                                                  214.3377   59.3548  9.5
  1.539 0470 Alaska-slab2-v3                                                                  214.2120   59.4156 11.4
  1.488 0471 Alaska-slab2-v3                                                                  214.0899   59.4797 12.8
  1.371 0472 Alaska-slab2-v3                                                                  213.9667   59.5441 13.7
  1.299 0473 Alaska-slab2-v3                                                                  213.8427   59.6084 14.3
  1.259 0474 Alaska-slab2-v3                                                                  213.7181   59.6728 14.6
  1.240 0475 Alaska-slab2-v3                                                                  213.5930   59.7370 14.8
  1.230 0476 Alaska-slab2-v3                                                                  213.4673   59.8012 14.9
  1.219 0477 Alaska-slab2-v3                                                                  213.3418   59.8654 14.9
  1.194 0478 Alaska-slab2-v3                                                                  213.2188   59.9310 15.1
  1.153 0479 Alaska-slab2-v3                                                                  213.0983   59.9978 15.5
  1.096 0480 Alaska-slab2-v3                                                                  212.9777   60.0646 15.9
  1.025 0481 Alaska-slab2-v3                                                                  212.8566   60.1312 16.5
  0.944 0482 Alaska-slab2-v3                                                                  212.7351   60.1977 17.1
  0.855 0483 Alaska-slab2-v3                                                                  212.6132   60.2641 17.9
  0.761 0484 Alaska-slab2-v3                                                                  212.4909   60.3303 18.6
  0.664 0485 Alaska-slab2-v3                                                                  212.3680   60.3965 19.4
  1.539 0510 Alaska-slab2-v3                                                                  214.1024   59.2073  9.3
  1.539 0511 Alaska-slab2-v3                                                                  213.9719   59.2655 11.1
  1.523 0512 Alaska-slab2-v3                                                                  213.8453   59.3270 12.4
  1.404 0513 Alaska-slab2-v3                                                                  213.7176   59.3887 13.3
  1.326 0514 Alaska-slab2-v3                                                                  213.5892   59.4504 14.0
  1.277 0515 Alaska-slab2-v3                                                                  213.4601   59.5121 14.4
  1.249 0516 Alaska-slab2-v3                                                                  213.3304   59.5737 14.6
  1.231 0517 Alaska-slab2-v3                                                                  213.2003   59.6352 14.7
  1.211 0518 Alaska-slab2-v3                                                                  213.0697   59.6965 14.9
  1.182 0519 Alaska-slab2-v3                                                                  212.9395   59.7582 15.1
  1.138 0520 Alaska-slab2-v3                                                                  212.8102   59.8204 15.5
  1.079 0521 Alaska-slab2-v3                                                                  212.6808   59.8826 15.9
  1.008 0522 Alaska-slab2-v3                                                                  212.5511   59.9446 16.5
  0.927 0523 Alaska-slab2-v3                                                                  212.4208   60.0065 17.1
  0.839 0524 Alaska-slab2-v3                                                                  212.2902   60.0682 17.8
  0.747 0525 Alaska-slab2-v3                                                                  212.1591   60.1298 18.6
  0.653 0526 Alaska-slab2-v3                                                                  212.0275   60.1912 19.3
  1.539 0551 Alaska-slab2-v3                                                                  213.8813   59.0556  8.9
  1.539 0552 Alaska-slab2-v3                                                                  213.7467   59.1112 10.6
  1.539 0553 Alaska-slab2-v3                                                                  213.6158   59.1701 11.9
  1.480 0554 Alaska-slab2-v3                                                                  213.4846   59.2294 12.9
  1.392 0555 Alaska-slab2-v3                                                                  213.3527   59.2888 13.6
  1.331 0556 Alaska-slab2-v3                                                                  213.2201   59.3481 14.1
  1.287 0557 Alaska-slab2-v3                                                                  213.0869   59.4073 14.4
  1.254 0558 Alaska-slab2-v3                                                                  212.9532   59.4664 14.7
  1.223 0559 Alaska-slab2-v3                                                                  212.8188   59.5252 14.9
  1.188 0560 Alaska-slab2-v3                                                                  212.6833   59.5834 15.2
  1.146 0561 Alaska-slab2-v3                                                                  212.5469   59.6413 15.6
  1.096 0562 Alaska-slab2-v3                                                                  212.4101   59.6990 15.9
  1.038 0563 Alaska-slab2-v3                                                                  212.2729   59.7565 16.4
  0.974 0564 Alaska-slab2-v3                                                                  212.1353   59.8139 16.9
  0.903 0565 Alaska-slab2-v3                                                                  211.9972   59.8711 17.5
  0.828 0566 Alaska-slab2-v3                                                                  211.8586   59.9281 18.1
  0.747 0567 Alaska-slab2-v3                                                                  211.7197   59.9850 18.8
  0.661 0568 Alaska-slab2-v3                                                                  211.5820   60.0426 19.5
  1.539 0591 Alaska-slab2-v3                                                                  213.6725   58.9003  8.7
  1.539 0592 Alaska-slab2-v3                                                                  213.5347   58.9537 10.2
  1.539 0593 Alaska-slab2-v3                                                                  213.4001   59.0099 11.5
  1.522 0594 Alaska-slab2-v3                                                                  213.2660   59.0671 12.5
  1.423 0595 Alaska-slab2-v3                                                                  213.1312   59.1243 13.3
  1.348 0596 Alaska-slab2-v3                                                                  212.9957   59.1814 13.9
  1.290 0597 Alaska-slab2-v3                                                                  212.8597   59.2385 14.4
  1.243 0598 Alaska-slab2-v3                                                                  212.7232   59.2954 14.8
  1.202 0599 Alaska-slab2-v3                                                                  212.5850   59.3514 15.1
  1.164 0600 Alaska-slab2-v3                                                                  212.4447   59.4062 15.4
  1.124 0601 Alaska-slab2-v3                                                                  212.3036   59.4606 15.7
  1.083 0602 Alaska-slab2-v3                                                                  212.1621   59.5148 16.0
  1.041 0603 Alaska-slab2-v3                                                                  212.0201   59.5689 16.4
  0.993 0604 Alaska-slab2-v3                                                                  211.8777   59.6228 16.8
  0.944 0605 Alaska-slab2-v3                                                                  211.7348   59.6766 17.2
  0.888 0606 Alaska-slab2-v3                                                                  211.5915   59.7302 17.6
  0.827 0607 Alaska-slab2-v3                                                                  211.4478   59.7836 18.1
  0.758 0608 Alaska-slab2-v3                                                                  211.3036   59.8369 18.7
  0.681 0609 Alaska-slab2-v3                                                                  211.1594   59.8901 19.3
  0.595 0610 Alaska-slab2-v3                                                                  211.0186   59.9454 20.0
  1.539 0629 Alaska-slab2-v3                                                                  213.4727   58.7421  8.6
  1.539 0630 Alaska-slab2-v3                                                                  213.3324   58.7934 10.1
  1.539 0631 Alaska-slab2-v3                                                                  213.1942   58.8468 11.4
  1.531 0632 Alaska-slab2-v3                                                                  213.0564   58.9011 12.4
  1.428 0633 Alaska-slab2-v3                                                                  212.9178   58.9554 13.3
  1.346 0634 Alaska-slab2-v3                                                                  212.7787   59.0096 13.9
  1.281 0635 Alaska-slab2-v3                                                                  212.6390   59.0637 14.5
  1.229 0636 Alaska-slab2-v3                                                                  212.4985   59.1175 14.9
  1.183 0637 Alaska-slab2-v3                                                                  212.3560   59.1700 15.2
  1.142 0638 Alaska-slab2-v3                                                                  212.2117   59.2214 15.6
  1.103 0639 Alaska-slab2-v3                                                                  212.0669   59.2727 15.9
  1.067 0640 Alaska-slab2-v3                                                                  211.9217   59.3238 16.2
  1.031 0641 Alaska-slab2-v3                                                                  211.7760   59.3747 16.5
  0.994 0642 Alaska-slab2-v3                                                                  211.6299   59.4255 16.8
  0.956 0643 Alaska-slab2-v3                                                                  211.4834   59.4761 17.1
  0.913 0644 Alaska-slab2-v3                                                                  211.3364   59.5265 17.4
  0.866 0645 Alaska-slab2-v3                                                                  211.1891   59.5768 17.8
  0.813 0646 Alaska-slab2-v3                                                                  211.0413   59.6269 18.2
  0.753 0647 Alaska-slab2-v3                                                                  210.8931   59.6768 18.7
  0.683 0648 Alaska-slab2-v3                                                                  210.7446   59.7265 19.3
  0.604 0649 Alaska-slab2-v3                                                                  210.5969   59.7769 19.9
  1.539 0665 Alaska-slab2-v3                                                                  213.2794   58.5822  8.7
  1.539 0666 Alaska-slab2-v3                                                                  213.1372   58.6314 10.3
  1.539 0667 Alaska-slab2-v3                                                                  212.9951   58.6814 11.6
  1.521 0668 Alaska-slab2-v3                                                                  212.8525   58.7318 12.6
  1.420 0669 Alaska-slab2-v3                                                                  212.7092   58.7822 13.5
  1.342 0670 Alaska-slab2-v3                                                                  212.5653   58.8324 14.1
  1.282 0671 Alaska-slab2-v3                                                                  212.4209   58.8826 14.6
  1.235 0672 Alaska-slab2-v3                                                                  212.2756   58.9323 15.0
  1.194 0673 Alaska-slab2-v3                                                                  212.1287   58.9809 15.3
  1.161 0674 Alaska-slab2-v3                                                                  211.9807   59.0289 15.6
  1.130 0675 Alaska-slab2-v3                                                                  211.8323   59.0767 15.8
  1.101 0676 Alaska-slab2-v3                                                                  211.6835   59.1244 16.1
  1.074 0677 Alaska-slab2-v3                                                                  211.5343   59.1719 16.3
  1.044 0678 Alaska-slab2-v3                                                                  211.3847   59.2192 16.5
  1.012 0679 Alaska-slab2-v3                                                                  211.2346   59.2663 16.8
  0.975 0680 Alaska-slab2-v3                                                                  211.0842   59.3133 17.1
  0.933 0681 Alaska-slab2-v3                                                                  210.9334   59.3600 17.4
  0.884 0682 Alaska-slab2-v3                                                                  210.7821   59.4066 17.8
  0.825 0683 Alaska-slab2-v3                                                                  210.6306   59.4530 18.3
  0.755 0684 Alaska-slab2-v3                                                                  210.4786   59.4992 18.9
  0.673 0685 Alaska-slab2-v3                                                                  210.3264   59.5452 19.5
  1.539 0700 Alaska-slab2-v3                                                                  213.0897   58.4261  9.1
  1.539 0701 Alaska-slab2-v3                                                                  212.9473   58.4744 10.8
  1.539 0702 Alaska-slab2-v3                                                                  212.8039   58.5229 12.1
  1.452 0703 Alaska-slab2-v3                                                                  212.6595   58.5714 13.1
  1.360 0704 Alaska-slab2-v3                                                                  212.5144   58.6199 13.9
  1.297 0705 Alaska-slab2-v3                                                                  212.3686   58.6683 14.4
  1.252 0706 Alaska-slab2-v3                                                                  212.2224   58.7166 14.7
  1.219 0707 Alaska-slab2-v3                                                                  212.0755   58.7646 15.0
  1.192 0708 Alaska-slab2-v3                                                                  211.9278   58.8121 15.2
  1.167 0709 Alaska-slab2-v3                                                                  211.7795   58.8593 15.4
  1.143 0710 Alaska-slab2-v3                                                                  211.6308   58.9063 15.6
  1.120 0711 Alaska-slab2-v3                                                                  211.4817   58.9531 15.8
  1.094 0712 Alaska-slab2-v3                                                                  211.3322   58.9998 16.0
  1.065 0713 Alaska-slab2-v3                                                                  211.1823   59.0462 16.2
  1.031 0714 Alaska-slab2-v3                                                                  211.0320   59.0925 16.5
  0.988 0715 Alaska-slab2-v3                                                                  210.8814   59.1387 16.9
  0.939 0716 Alaska-slab2-v3                                                                  210.7304   59.1846 17.3
  0.879 0717 Alaska-slab2-v3                                                                  210.5790   59.2303 17.8
  0.808 0718 Alaska-slab2-v3                                                                  210.4273   59.2759 18.3
  0.725 0719 Alaska-slab2-v3                                                                  210.2753   59.3212 19.0
  0.626 0720 Alaska-slab2-v3                                                                  210.1228   59.3662 19.8
  1.539 0735 Alaska-slab2-v3                                                                  212.8990   58.2742  9.5
  1.539 0736 Alaska-slab2-v3                                                                  212.7582   58.3227 11.3
  1.483 0737 Alaska-slab2-v3                                                                  212.6163   58.3719 12.7
  1.363 0738 Alaska-slab2-v3                                                                  212.4734   58.4212 13.7
  1.283 0739 Alaska-slab2-v3                                                                  212.3297   58.4705 14.3
  1.237 0740 Alaska-slab2-v3                                                                  212.1853   58.5196 14.7
  1.211 0741 Alaska-slab2-v3                                                                  212.0405   58.5687 14.9
  1.193 0742 Alaska-slab2-v3                                                                  211.8955   58.6177 15.0
  1.175 0743 Alaska-slab2-v3                                                                  211.7504   58.6668 15.1
  1.155 0744 Alaska-slab2-v3                                                                  211.6051   58.7160 15.3
  1.132 0745 Alaska-slab2-v3                                                                  211.4594   58.7650 15.5
  1.103 0746 Alaska-slab2-v3                                                                  211.3134   58.8138 15.7
  1.069 0747 Alaska-slab2-v3                                                                  211.1669   58.8624 16.0
  1.027 0748 Alaska-slab2-v3                                                                  211.0201   58.9109 16.3
  0.978 0749 Alaska-slab2-v3                                                                  210.8729   58.9592 16.7
  0.922 0750 Alaska-slab2-v3                                                                  210.7253   59.0073 17.2
  0.856 0751 Alaska-slab2-v3                                                                  210.5773   59.0553 17.7
  0.781 0752 Alaska-slab2-v3                                                                  210.4290   59.1030 18.3
  0.696 0753 Alaska-slab2-v3                                                                  210.2804   59.1506 19.0
  0.599 0754 Alaska-slab2-v3                                                                  210.1307   59.1973 19.7
