 13.916 2162 Alaska-slab2-v3                                                                  195.7503   52.8815 14.6
 13.043 2163 Alaska-slab2-v3                                                                  195.6716   52.9580 15.0
 10.847 2164 Alaska-slab2-v3                                                                  195.5985   53.0359 15.8
  5.953 2165 Alaska-slab2-v3                                                                  195.5310   53.1146 17.7
 18.134 2177 Alaska-slab2-v3                                                                  195.4769   52.8160 14.4
 16.863 2178 Alaska-slab2-v3                                                                  195.3993   52.8928 14.9
 14.608 2179 Alaska-slab2-v3                                                                  195.3277   52.9711 15.9
 10.218 2180 Alaska-slab2-v3                                                                  195.2615   53.0502 17.7
  4.989 2181 Alaska-slab2-v3                                                                  195.1957   53.1287 19.9
 18.776 2192 Alaska-slab2-v3                                                                  195.2065   52.7485 14.0
 16.865 2193 Alaska-slab2-v3                                                                  195.1300   52.8254 14.8
 14.251 2194 Alaska-slab2-v3                                                                  195.0595   52.9040 15.9
  9.920 2195 Alaska-slab2-v3                                                                  194.9946   52.9835 17.7
  4.888 2196 Alaska-slab2-v3                                                                  194.9299   53.0626 19.8
 16.994 2208 Alaska-slab2-v3                                                                  194.8651   52.7557 14.6
 14.100 2209 Alaska-slab2-v3                                                                  194.7952   52.8344 15.7
  9.834 2210 Alaska-slab2-v3                                                                  194.7309   52.9142 17.5
  4.880 2211 Alaska-slab2-v3                                                                  194.6671   52.9936 19.5
 17.209 2223 Alaska-slab2-v3                                                                  194.6038   52.6841 14.2
 14.241 2224 Alaska-slab2-v3                                                                  194.5343   52.7630 15.4
 10.051 2225 Alaska-slab2-v3                                                                  194.4699   52.8428 17.1
  5.063 2226 Alaska-slab2-v3                                                                  194.4069   52.9224 19.1
 14.447 2239 Alaska-slab2-v3                                                                  194.2746   52.6905 15.0
 10.377 2240 Alaska-slab2-v3                                                                  194.2100   52.7703 16.6
  5.341 2241 Alaska-slab2-v3                                                                  194.1478   52.8502 18.6
 14.491 2254 Alaska-slab2-v3                                                                  194.0136   52.6179 14.7
 10.628 2255 Alaska-slab2-v3                                                                  193.9493   52.6979 16.2
  5.573 2256 Alaska-slab2-v3                                                                  193.8879   52.7780 18.2
 14.468 2269 Alaska-slab2-v3                                                                  193.7501   52.5464 14.6
 10.740 2270 Alaska-slab2-v3                                                                  193.6866   52.6267 16.0
  5.751 2271 Alaska-slab2-v3                                                                  193.6262   52.7072 17.9
 14.447 2283 Alaska-slab2-v3                                                                  193.4838   52.4776 14.5
 10.809 2284 Alaska-slab2-v3                                                                  193.4213   52.5583 15.9
  5.826 2285 Alaska-slab2-v3                                                                  193.3621   52.6391 17.8
 14.457 2297 Alaska-slab2-v3                                                                  193.2149   52.4124 14.5
 10.803 2298 Alaska-slab2-v3                                                                  193.1537   52.4933 15.9
  5.809 2299 Alaska-slab2-v3                                                                  193.0957   52.5744 17.8
 14.494 2311 Alaska-slab2-v3                                                                  192.9440   52.3504 14.6
 10.786 2312 Alaska-slab2-v3                                                                  192.8841   52.4317 16.0
  5.745 2313 Alaska-slab2-v3                                                                  192.8274   52.5130 18.0
 14.630 2325 Alaska-slab2-v3                                                                  192.6722   52.2915 14.6
 10.784 2326 Alaska-slab2-v3                                                                  192.6135   52.3730 16.1
  5.665 2327 Alaska-slab2-v3                                                                  192.5579   52.4546 18.1
 14.938 2339 Alaska-slab2-v3                                                                  192.4010   52.2355 14.5
 10.983 2340 Alaska-slab2-v3                                                                  192.3430   52.3171 16.0
  5.778 2341 Alaska-slab2-v3                                                                  192.2883   52.3988 18.0
 15.359 2353 Alaska-slab2-v3                                                                  192.1325   52.1817 14.1
 11.374 2354 Alaska-slab2-v3                                                                  192.0749   52.2635 15.6
  6.070 2355 Alaska-slab2-v3                                                                  192.0201   52.3451 17.7
 16.405 2368 Alaska-slab2-v3                                                                  191.8094   52.2105 15.1
 11.769 2369 Alaska-slab2-v3                                                                  191.7544   52.2923 17.0
  6.173 2370 Alaska-slab2-v3                                                                  191.7002   52.3734 19.4
 16.617 2382 Alaska-slab2-v3                                                                  191.5442   52.1559 14.6
 12.209 2383 Alaska-slab2-v3                                                                  191.4894   52.2379 16.3
  6.637 2384 Alaska-slab2-v3                                                                  191.4364   52.3195 18.6
 16.493 2396 Alaska-slab2-v3                                                                  191.2780   52.0980 14.1
 12.223 2397 Alaska-slab2-v3                                                                  191.2237   52.1804 15.8
  6.827 2398 Alaska-slab2-v3                                                                  191.1719   52.2625 17.9
 12.198 2410 Alaska-slab2-v3                                                                  190.9577   52.1189 15.5
  6.829 2411 Alaska-slab2-v3                                                                  190.9069   52.2013 17.6
 12.443 2423 Alaska-slab2-v3                                                                  190.6924   52.0543 15.4
  6.901 2424 Alaska-slab2-v3                                                                  190.6429   52.1369 17.5
 12.818 2436 Alaska-slab2-v3                                                                  190.4282   51.9881 15.3
  7.020 2437 Alaska-slab2-v3                                                                  190.3804   52.0708 17.6
 12.994 2449 Alaska-slab2-v3                                                                  190.1648   51.9215 15.4
  7.104 2450 Alaska-slab2-v3                                                                  190.1187   52.0044 17.6
 12.867 2462 Alaska-slab2-v3                                                                  189.9018   51.8558 15.5
  7.075 2463 Alaska-slab2-v3                                                                  189.8574   51.9391 17.8
 17.239 2474 Alaska-slab2-v3                                                                  189.6864   51.7088 14.1
 12.677 2475 Alaska-slab2-v3                                                                  189.6395   51.7924 15.9
  6.981 2476 Alaska-slab2-v3                                                                  189.5966   51.8761 18.1
 17.160 2487 Alaska-slab2-v3                                                                  189.4233   51.6486 14.6
 12.578 2488 Alaska-slab2-v3                                                                  189.3786   51.7326 16.5
  6.874 2489 Alaska-slab2-v3                                                                  189.3368   51.8163 18.8
 12.090 2500 Alaska-slab2-v3                                                                  189.1606   51.5928 15.2
  6.658 2501 Alaska-slab2-v3                                                                  189.1191   51.6771 17.3
 16.704 2512 Alaska-slab2-v3                                                                  188.9407   51.4562 14.3
 12.384 2513 Alaska-slab2-v3                                                                  188.8984   51.5409 16.0
  6.707 2514 Alaska-slab2-v3                                                                  188.8598   51.6253 18.3
 11.730 2525 Alaska-slab2-v3                                                                  188.6752   51.4069 15.0
  6.629 2526 Alaska-slab2-v3                                                                  188.6360   51.4919 16.9
 15.192 2537 Alaska-slab2-v3                                                                  188.4488   51.2742 14.3
 11.813 2538 Alaska-slab2-v3                                                                  188.4086   51.3599 15.6
  6.601 2539 Alaska-slab2-v3                                                                  188.3715   51.4450 17.6
 15.126 2549 Alaska-slab2-v3                                                                  188.1783   51.2288 14.7
 11.785 2550 Alaska-slab2-v3                                                                  188.1402   51.3148 16.0
  6.428 2551 Alaska-slab2-v3                                                                  188.1045   51.3999 18.1
 17.600 2560 Alaska-slab2-v3                                                                  187.9448   51.0992 14.0
 15.350 2561 Alaska-slab2-v3                                                                  187.9064   51.1856 14.9
 11.825 2562 Alaska-slab2-v3                                                                  187.8701   51.2717 16.3
  6.325 2563 Alaska-slab2-v3                                                                  187.8356   51.3569 18.5
 15.864 2573 Alaska-slab2-v3                                                                  187.6335   51.1444 15.0
 11.984 2574 Alaska-slab2-v3                                                                  187.5990   51.2306 16.6
  6.311 2575 Alaska-slab2-v3                                                                  187.5659   51.3157 18.9
 16.417 2585 Alaska-slab2-v3                                                                  187.3605   51.1042 14.9
 12.240 2586 Alaska-slab2-v3                                                                  187.3276   51.1904 16.6
  6.436 2587 Alaska-slab2-v3                                                                  187.2958   51.2756 19.0
 16.580 2597 Alaska-slab2-v3                                                                  187.0879   51.0642 14.8
 12.276 2598 Alaska-slab2-v3                                                                  187.0563   51.1506 16.5
  6.578 2599 Alaska-slab2-v3                                                                  187.0262   51.2361 18.9
 16.048 2609 Alaska-slab2-v3                                                                  186.8157   51.0243 14.5
 11.770 2610 Alaska-slab2-v3                                                                  186.7857   51.1111 16.2
  6.429 2611 Alaska-slab2-v3                                                                  186.7578   51.1974 18.3
 15.134 2621 Alaska-slab2-v3                                                                  186.5444   50.9853 14.0
 10.882 2622 Alaska-slab2-v3                                                                  186.5161   51.0725 15.6
  5.963 2623 Alaska-slab2-v3                                                                  186.4904   51.1595 17.5
 14.916 2635 Alaska-slab2-v3                                                                  186.2478   51.0353 15.0
 10.701 2636 Alaska-slab2-v3                                                                  186.2236   51.1228 16.6
  5.755 2637 Alaska-slab2-v3                                                                  186.2002   51.2099 18.6
 14.595 2648 Alaska-slab2-v3                                                                  185.9799   50.9999 14.2
 10.524 2649 Alaska-slab2-v3                                                                  185.9571   51.0878 15.7
  5.570 2650 Alaska-slab2-v3                                                                  185.9348   51.1752 17.6
 15.125 2662 Alaska-slab2-v3                                                                  185.6891   51.0545 14.9
 10.696 2663 Alaska-slab2-v3                                                                  185.6675   51.1422 16.7
  5.512 2664 Alaska-slab2-v3                                                                  185.6451   51.2292 18.7
 15.221 2676 Alaska-slab2-v3                                                                  185.4172   51.0229 14.4
 11.077 2677 Alaska-slab2-v3                                                                  185.3969   51.1109 16.0
  5.760 2678 Alaska-slab2-v3                                                                  185.3752   51.1980 18.0
 14.626 2690 Alaska-slab2-v3                                                                  185.1420   50.9925 14.2
 10.856 2691 Alaska-slab2-v3                                                                  185.1230   51.0809 15.6
  5.856 2692 Alaska-slab2-v3                                                                  185.1026   51.1684 17.5
 17.704 2705 Alaska-slab2-v3                                                                  184.8668   50.9635 14.4
 14.620 2706 Alaska-slab2-v3                                                                  184.8487   51.0521 15.7
 10.637 2707 Alaska-slab2-v3                                                                  184.8291   51.1401 17.3
  5.707 2708 Alaska-slab2-v3                                                                  184.8091   51.2274 19.3
 16.638 2720 Alaska-slab2-v3                                                                  184.5923   50.9359 14.6
 13.729 2721 Alaska-slab2-v3                                                                  184.5748   51.0247 15.8
 10.081 2722 Alaska-slab2-v3                                                                  184.5556   51.1130 17.3
  5.546 2723 Alaska-slab2-v3                                                                  184.5363   51.2007 19.1
 16.066 2735 Alaska-slab2-v3                                                                  184.3167   50.9099 14.7
 13.156 2736 Alaska-slab2-v3                                                                  184.2999   50.9987 15.9
  9.650 2737 Alaska-slab2-v3                                                                  184.2813   51.0871 17.3
  5.322 2738 Alaska-slab2-v3                                                                  184.2627   51.1751 19.0
 16.188 2750 Alaska-slab2-v3                                                                  184.0402   50.8858 14.6
 13.150 2751 Alaska-slab2-v3                                                                  184.0244   50.9747 15.9
  9.514 2752 Alaska-slab2-v3                                                                  184.0065   51.0631 17.3
  5.180 2753 Alaska-slab2-v3                                                                  183.9887   51.1511 19.1
 16.883 2765 Alaska-slab2-v3                                                                  183.7633   50.8640 14.5
 13.694 2766 Alaska-slab2-v3                                                                  183.7487   50.9529 15.8
  9.788 2767 Alaska-slab2-v3                                                                  183.7317   51.0412 17.4
  5.191 2768 Alaska-slab2-v3                                                                  183.7146   51.1291 19.2
 31.281 2780 Alaska-slab2-v3                                                                  183.4859   50.8448 14.3
 25.485 2781 Alaska-slab2-v3                                                                  183.4725   50.9336 15.6
 18.112 2782 Alaska-slab2-v3                                                                  183.4566   51.0218 17.4
  9.546 2783 Alaska-slab2-v3                                                                  183.4403   51.1095 19.4
 46.671 2795 Alaska-slab2-v3                                                                  183.2078   50.8284 14.2
 38.224 2796 Alaska-slab2-v3                                                                  183.1956   50.9172 15.6
 27.320 2797 Alaska-slab2-v3                                                                  183.1809   51.0053 17.4
 14.379 2798 Alaska-slab2-v3                                                                  183.1656   51.0928 19.6
 47.843 2810 Alaska-slab2-v3                                                                  182.9294   50.8151 14.2
 35.404 2811 Alaska-slab2-v3                                                                  182.9181   50.9039 15.6
 19.398 2812 Alaska-slab2-v3                                                                  182.9046   50.9921 17.5
 58.670 2825 Alaska-slab2-v3                                                                  182.6507   50.8052 14.2
 43.253 2826 Alaska-slab2-v3                                                                  182.6403   50.8941 15.6
 23.982 2827 Alaska-slab2-v3                                                                  182.6279   50.9823 17.4
 59.128 2839 Alaska-slab2-v3                                                                  182.3720   50.7989 14.1
 43.275 2840 Alaska-slab2-v3                                                                  182.3624   50.8878 15.6
 23.887 2841 Alaska-slab2-v3                                                                  182.3512   50.9762 17.4
 61.053 2853 Alaska-slab2-v3                                                                  182.0936   50.7965 14.0
 44.296 2854 Alaska-slab2-v3                                                                  182.0847   50.8853 15.6
 24.229 2855 Alaska-slab2-v3                                                                  182.0745   50.9736 17.5
 46.505 2868 Alaska-slab2-v3                                                                  181.8068   50.8865 15.6
 25.098 2869 Alaska-slab2-v3                                                                  181.7974   50.9745 17.6
 48.987 2882 Alaska-slab2-v3                                                                  181.5284   50.8914 15.7
 26.299 2883 Alaska-slab2-v3                                                                  181.5199   50.9791 17.9
 70.299 2895 Alaska-slab2-v3                                                                  181.2558   50.8118 14.1
 51.027 2896 Alaska-slab2-v3                                                                  181.2495   50.9001 16.0
 27.461 2897 Alaska-slab2-v3                                                                  181.2423   50.9875 18.4
 71.418 2908 Alaska-slab2-v3                                                                  180.9758   50.8239 14.5
 52.098 2909 Alaska-slab2-v3                                                                  180.9708   50.9120 16.5
 28.356 2910 Alaska-slab2-v3                                                                  180.9650   50.9992 19.0
 50.130 2921 Alaska-slab2-v3                                                                  180.6963   50.8386 15.0
 27.636 2922 Alaska-slab2-v3                                                                  180.6925   50.9266 17.1
 51.072 2934 Alaska-slab2-v3                                                                  180.4175   50.8551 15.4
 28.017 2935 Alaska-slab2-v3                                                                  180.4150   50.9429 17.7
 53.049 2946 Alaska-slab2-v3                                                                  180.1393   50.8723 15.8
 28.473 2947 Alaska-slab2-v3                                                                  180.1382   50.9596 18.2
 73.588 2957 Alaska-slab2-v3                                                                  179.8646   50.7983 14.0
 54.531 2958 Alaska-slab2-v3                                                                  179.8659   50.8866 16.0
 29.611 2959 Alaska-slab2-v3                                                                  179.8669   50.9737 18.5
 73.454 2969 Alaska-slab2-v3                                                                  179.5922   50.8098 14.2
 55.477 2970 Alaska-slab2-v3                                                                  179.5964   50.8983 16.1
 31.025 2971 Alaska-slab2-v3                                                                  179.6002   50.9854 18.6
 49.695 2981 Alaska-slab2-v3                                                                  179.3204   50.8244 14.3
 28.783 2982 Alaska-slab2-v3                                                                  179.3273   50.9128 16.2
 50.621 2993 Alaska-slab2-v3                                                                  179.0494   50.8442 14.4
 29.196 2994 Alaska-slab2-v3                                                                  179.0591   50.9323 16.4
 52.073 3005 Alaska-slab2-v3                                                                  178.7798   50.8697 14.5
 29.646 3006 Alaska-slab2-v3                                                                  178.7922   50.9575 16.5
 53.322 3017 Alaska-slab2-v3                                                                  178.5114   50.9004 14.6
 30.115 3018 Alaska-slab2-v3                                                                  178.5266   50.9878 16.7
 54.491 3028 Alaska-slab2-v3                                                                  178.2445   50.9354 14.6
 30.558 3029 Alaska-slab2-v3                                                                  178.2624   51.0224 16.9
 55.307 3039 Alaska-slab2-v3                                                                  177.9788   50.9738 14.6
 30.951 3040 Alaska-slab2-v3                                                                  177.9995   51.0605 16.9
 55.923 3050 Alaska-slab2-v3                                                                  177.7145   51.0150 14.5
 31.317 3051 Alaska-slab2-v3                                                                  177.7381   51.1013 16.8
 56.351 3061 Alaska-slab2-v3                                                                  177.4512   51.0587 14.4
 31.556 3062 Alaska-slab2-v3                                                                  177.4776   51.1447 16.7
 56.743 3072 Alaska-slab2-v3                                                                  177.1886   51.1048 14.2
 31.898 3073 Alaska-slab2-v3                                                                  177.2180   51.1905 16.5
 56.874 3083 Alaska-slab2-v3                                                                  176.9263   51.1531 14.0
 32.060 3084 Alaska-slab2-v3                                                                  176.9587   51.2385 16.3
 32.031 3095 Alaska-slab2-v3                                                                  176.6995   51.2885 16.1
 31.705 3107 Alaska-slab2-v3                                                                  176.4402   51.3404 16.1
