  0.716 0010 Alaska-slab2-v3                                                                  220.6551   61.0581  8.4
  0.605 0011 Alaska-slab2-v3                                                                  220.6343   61.1471  9.3
  0.477 0012 Alaska-slab2-v3                                                                  220.6074   61.2353 10.4
  0.331 0013 Alaska-slab2-v3                                                                  220.5693   61.3225 11.6
  0.170 0014 Alaska-slab2-v3                                                                  220.5225   61.4090 12.9
  1.455 0034 Alaska-slab2-v3                                                                  220.2091   61.0718  8.6
  1.213 0035 Alaska-slab2-v3                                                                  220.1755   61.1598  9.7
  0.946 0036 Alaska-slab2-v3                                                                  220.1353   61.2470 10.8
  0.649 0037 Alaska-slab2-v3                                                                  220.0881   61.3334 12.1
  0.332 0038 Alaska-slab2-v3                                                                  220.0377   61.4193 13.5
  2.189 0057 Alaska-slab2-v3                                                                  219.7710   61.0555  8.5
  1.820 0058 Alaska-slab2-v3                                                                  219.7270   61.1425  9.6
  1.408 0059 Alaska-slab2-v3                                                                  219.6794   61.2289 10.8
  0.961 0060 Alaska-slab2-v3                                                                  219.6278   61.3148 12.0
  0.489 0061 Alaska-slab2-v3                                                                  219.5751   61.4004 13.4
  2.892 0079 Alaska-slab2-v3                                                                  219.3506   61.0087  8.2
  2.418 0080 Alaska-slab2-v3                                                                  219.2976   61.0947  9.1
  1.889 0081 Alaska-slab2-v3                                                                  219.2445   61.1805 10.2
  1.300 0082 Alaska-slab2-v3                                                                  219.1907   61.2661 11.4
  0.663 0083 Alaska-slab2-v3                                                                  219.1363   61.3516 12.7
  3.485 0101 Alaska-slab2-v3                                                                  218.8900   61.0211  8.6
  2.947 0102 Alaska-slab2-v3                                                                  218.8295   61.1059  9.4
  2.324 0103 Alaska-slab2-v3                                                                  218.7707   61.1909 10.5
  1.610 0104 Alaska-slab2-v3                                                                  218.7137   61.2761 11.6
  0.829 0105 Alaska-slab2-v3                                                                  218.6566   61.3611 12.9
  3.919 0121 Alaska-slab2-v3                                                                  218.5043   60.9250  8.0
  3.469 0122 Alaska-slab2-v3                                                                  218.4369   61.0086  8.8
  2.985 0123 Alaska-slab2-v3                                                                  218.3694   61.0923  9.6
  2.417 0124 Alaska-slab2-v3                                                                  218.3052   61.1764 10.6
  1.732 0125 Alaska-slab2-v3                                                                  218.2444   61.2609 11.7
  0.922 0126 Alaska-slab2-v3                                                                  218.1834   61.3453 13.1
  3.460 0140 Alaska-slab2-v3                                                                  218.0664   60.8965  8.1
  3.012 0141 Alaska-slab2-v3                                                                  217.9921   60.9788  8.8
  2.507 0142 Alaska-slab2-v3                                                                  217.9176   61.0610  9.6
  1.867 0143 Alaska-slab2-v3                                                                  217.8476   61.1440 10.6
  1.049 0144 Alaska-slab2-v3                                                                  217.7819   61.2275 11.9
  3.854 0158 Alaska-slab2-v3                                                                  217.6334   60.8554  8.1
  3.456 0159 Alaska-slab2-v3                                                                  217.5520   60.9361  8.8
  2.928 0160 Alaska-slab2-v3                                                                  217.4711   61.0168  9.6
  2.203 0161 Alaska-slab2-v3                                                                  217.3959   61.0984 10.9
  1.229 0162 Alaska-slab2-v3                                                                  217.3259   61.1805 12.5
  3.170 0176 Alaska-slab2-v3                                                                  217.2052   60.8027  8.5
  2.680 0177 Alaska-slab2-v3                                                                  217.1176   60.8817  9.3
  2.040 0178 Alaska-slab2-v3                                                                  217.0329   60.9613 10.2
  1.169 0179 Alaska-slab2-v3                                                                  216.9532   61.0417 11.6
  3.361 0193 Alaska-slab2-v3                                                                  216.8900   60.6628  8.8
  2.834 0194 Alaska-slab2-v3                                                                  216.7993   60.7407  9.6
  2.331 0195 Alaska-slab2-v3                                                                  216.7064   60.8182 10.4
  1.750 0196 Alaska-slab2-v3                                                                  216.6152   60.8960 11.4
  1.005 0197 Alaska-slab2-v3                                                                  216.5257   60.9741 12.6
  3.091 0211 Alaska-slab2-v3                                                                  216.6061   60.5129  9.0
  2.346 0212 Alaska-slab2-v3                                                                  216.5155   60.5902 10.2
  1.750 0213 Alaska-slab2-v3                                                                  216.4176   60.6658 11.1
  1.229 0214 Alaska-slab2-v3                                                                  216.3169   60.7408 12.0
  0.683 0215 Alaska-slab2-v3                                                                  216.2154   60.8156 12.9
  3.242 0231 Alaska-slab2-v3                                                                  216.3398   60.3457  8.9
  2.181 0232 Alaska-slab2-v3                                                                  216.2532   60.4228 10.7
  1.418 0233 Alaska-slab2-v3                                                                  216.1527   60.4968 11.9
  0.879 0234 Alaska-slab2-v3                                                                  216.0465   60.5698 12.8
  0.448 0235 Alaska-slab2-v3                                                                  215.9396   60.6428 13.6
  2.456 0255 Alaska-slab2-v3                                                                  216.0024   60.2336 10.4
  1.386 0256 Alaska-slab2-v3                                                                  215.9029   60.3067 12.2
  0.708 0257 Alaska-slab2-v3                                                                  215.7964   60.3790 13.4
  0.291 0258 Alaska-slab2-v3                                                                  215.6890   60.4516 14.1
  3.723 0281 Alaska-slab2-v3                                                                  215.7667   60.0238  8.5
  2.302 0282 Alaska-slab2-v3                                                                  215.6685   60.0957 10.9
  1.311 0283 Alaska-slab2-v3                                                                  215.5633   60.1673 12.6
  0.676 0284 Alaska-slab2-v3                                                                  215.4567   60.2395 13.7
  0.280 0285 Alaska-slab2-v3                                                                  215.3492   60.3119 14.4
  3.795 0311 Alaska-slab2-v3                                                                  215.4642   59.8739  8.3
  2.579 0312 Alaska-slab2-v3                                                                  215.3509   59.9410 10.4
  1.674 0313 Alaska-slab2-v3                                                                  215.2419   60.0111 11.9
  0.981 0314 Alaska-slab2-v3                                                                  215.1347   60.0828 13.1
  0.441 0315 Alaska-slab2-v3                                                                  215.0267   60.1546 14.0
  3.235 0344 Alaska-slab2-v3                                                                  215.1063   59.7707  9.3
  2.188 0345 Alaska-slab2-v3                                                                  214.9901   59.8370 11.1
  1.379 0346 Alaska-slab2-v3                                                                  214.8804   59.9071 12.5
  0.786 0347 Alaska-slab2-v3                                                                  214.7697   59.9775 13.5
  0.343 0348 Alaska-slab2-v3                                                                  214.6583   60.0480 14.3
  3.142 0386 Alaska-slab2-v3                                                                  214.8431   59.6356  9.5
  2.062 0387 Alaska-slab2-v3                                                                  214.7243   59.7004 11.4
  1.278 0388 Alaska-slab2-v3                                                                  214.6103   59.7687 12.7
  0.738 0389 Alaska-slab2-v3                                                                  214.4953   59.8373 13.6
  0.383 0390 Alaska-slab2-v3                                                                  214.3795   59.9059 14.2
  0.157 0391 Alaska-slab2-v3                                                                  214.2631   59.9745 14.6
  3.099 0428 Alaska-slab2-v3                                                                  214.5858   59.4974  9.6
  1.998 0429 Alaska-slab2-v3                                                                  214.4641   59.5605 11.5
  1.205 0430 Alaska-slab2-v3                                                                  214.3463   59.6269 12.9
  0.666 0431 Alaska-slab2-v3                                                                  214.2275   59.6935 13.8
  0.336 0432 Alaska-slab2-v3                                                                  214.1078   59.7602 14.4
  0.151 0433 Alaska-slab2-v3                                                                  213.9875   59.8269 14.7
  0.064 0434 Alaska-slab2-v3                                                                  213.8667   59.8935 14.8
  3.130 0469 Alaska-slab2-v3                                                                  214.3377   59.3548  9.5
  2.046 0470 Alaska-slab2-v3                                                                  214.2120   59.4156 11.4
  1.252 0471 Alaska-slab2-v3                                                                  214.0899   59.4797 12.8
  0.707 0472 Alaska-slab2-v3                                                                  213.9667   59.5441 13.7
  0.371 0473 Alaska-slab2-v3                                                                  213.8427   59.6084 14.3
  0.185 0474 Alaska-slab2-v3                                                                  213.7181   59.6728 14.6
  0.099 0475 Alaska-slab2-v3                                                                  213.5930   59.7370 14.8
  0.052 0476 Alaska-slab2-v3                                                                  213.4673   59.8012 14.9
  3.259 0510 Alaska-slab2-v3                                                                  214.1024   59.2073  9.3
  2.223 0511 Alaska-slab2-v3                                                                  213.9719   59.2655 11.1
  1.449 0512 Alaska-slab2-v3                                                                  213.8453   59.3270 12.4
  0.896 0513 Alaska-slab2-v3                                                                  213.7176   59.3887 13.3
  0.535 0514 Alaska-slab2-v3                                                                  213.5892   59.4504 14.0
  0.308 0515 Alaska-slab2-v3                                                                  213.4601   59.5121 14.4
  0.175 0516 Alaska-slab2-v3                                                                  213.3304   59.5737 14.6
  0.093 0517 Alaska-slab2-v3                                                                  213.2003   59.6352 14.7
  3.474 0551 Alaska-slab2-v3                                                                  213.8813   59.0556  8.9
  2.517 0552 Alaska-slab2-v3                                                                  213.7467   59.1112 10.6
  1.763 0553 Alaska-slab2-v3                                                                  213.6158   59.1701 11.9
  1.201 0554 Alaska-slab2-v3                                                                  213.4846   59.2294 12.9
  0.789 0555 Alaska-slab2-v3                                                                  213.3527   59.2888 13.6
  0.505 0556 Alaska-slab2-v3                                                                  213.2201   59.3481 14.1
  0.302 0557 Alaska-slab2-v3                                                                  213.0869   59.4073 14.4
  0.145 0558 Alaska-slab2-v3                                                                  212.9532   59.4664 14.7
  3.573 0591 Alaska-slab2-v3                                                                  213.6725   58.9003  8.7
  2.657 0592 Alaska-slab2-v3                                                                  213.5347   58.9537 10.2
  1.907 0593 Alaska-slab2-v3                                                                  213.4001   59.0099 11.5
  1.314 0594 Alaska-slab2-v3                                                                  213.2660   59.0671 12.5
  0.851 0595 Alaska-slab2-v3                                                                  213.1312   59.1243 13.3
  0.493 0596 Alaska-slab2-v3                                                                  212.9957   59.1814 13.9
  0.223 0597 Alaska-slab2-v3                                                                  212.8597   59.2385 14.4
  3.654 0629 Alaska-slab2-v3                                                                  213.4727   58.7421  8.6
  2.764 0630 Alaska-slab2-v3                                                                  213.3324   58.7934 10.1
  2.019 0631 Alaska-slab2-v3                                                                  213.1942   58.8468 11.4
  1.414 0632 Alaska-slab2-v3                                                                  213.0564   58.9011 12.4
  0.931 0633 Alaska-slab2-v3                                                                  212.9178   58.9554 13.3
  0.547 0634 Alaska-slab2-v3                                                                  212.7787   59.0096 13.9
  0.244 0635 Alaska-slab2-v3                                                                  212.6390   59.0637 14.5
  3.621 0665 Alaska-slab2-v3                                                                  213.2794   58.5822  8.7
  2.701 0666 Alaska-slab2-v3                                                                  213.1372   58.6314 10.3
  1.943 0667 Alaska-slab2-v3                                                                  212.9951   58.6814 11.6
  1.342 0668 Alaska-slab2-v3                                                                  212.8525   58.7318 12.6
  0.868 0669 Alaska-slab2-v3                                                                  212.7092   58.7822 13.5
  0.503 0670 Alaska-slab2-v3                                                                  212.5653   58.8324 14.1
  0.220 0671 Alaska-slab2-v3                                                                  212.4209   58.8826 14.6
  3.337 0700 Alaska-slab2-v3                                                                  213.0897   58.4261  9.1
  2.332 0701 Alaska-slab2-v3                                                                  212.9473   58.4744 10.8
  1.539 0702 Alaska-slab2-v3                                                                  212.8039   58.5229 12.1
  0.946 0703 Alaska-slab2-v3                                                                  212.6595   58.5714 13.1
  0.511 0704 Alaska-slab2-v3                                                                  212.5144   58.6199 13.9
  0.211 0705 Alaska-slab2-v3                                                                  212.3686   58.6683 14.4
  3.144 0735 Alaska-slab2-v3                                                                  212.8990   58.2742  9.5
  2.067 0736 Alaska-slab2-v3                                                                  212.7582   58.3227 11.3
  1.264 0737 Alaska-slab2-v3                                                                  212.6163   58.3719 12.7
  0.705 0738 Alaska-slab2-v3                                                                  212.4734   58.4212 13.7
  0.338 0739 Alaska-slab2-v3                                                                  212.3297   58.4705 14.3
  0.122 0740 Alaska-slab2-v3                                                                  212.1853   58.5196 14.7
  3.121 0770 Alaska-slab2-v3                                                                  212.7037   58.1232  9.6
  2.029 0771 Alaska-slab2-v3                                                                  212.5640   58.1721 11.5
  1.231 0772 Alaska-slab2-v3                                                                  212.4241   58.2223 12.9
  0.688 0773 Alaska-slab2-v3                                                                  212.2830   58.2726 13.8
  0.347 0774 Alaska-slab2-v3                                                                  212.1411   58.3229 14.4
  0.156 0775 Alaska-slab2-v3                                                                  211.9987   58.3731 14.7
  0.058 0776 Alaska-slab2-v3                                                                  211.8558   58.4231 14.9
  3.239 0804 Alaska-slab2-v3                                                                  212.5018   57.9757  9.3
  2.198 0805 Alaska-slab2-v3                                                                  212.3630   58.0250 11.1
  1.413 0806 Alaska-slab2-v3                                                                  212.2250   58.0764 12.5
  0.855 0807 Alaska-slab2-v3                                                                  212.0860   58.1278 13.4
  0.488 0808 Alaska-slab2-v3                                                                  211.9461   58.1791 14.1
  0.250 0809 Alaska-slab2-v3                                                                  211.8057   58.2304 14.5
  0.110 0810 Alaska-slab2-v3                                                                  211.6649   58.2816 14.7
  3.425 0838 Alaska-slab2-v3                                                                  212.2938   57.8339  8.9
  2.470 0839 Alaska-slab2-v3                                                                  212.1557   57.8839 10.5
  1.715 0840 Alaska-slab2-v3                                                                  212.0188   57.9358 11.8
  1.143 0841 Alaska-slab2-v3                                                                  211.8814   57.9880 12.8
  0.725 0842 Alaska-slab2-v3                                                                  211.7432   58.0402 13.5
  0.418 0843 Alaska-slab2-v3                                                                  211.6045   58.0922 14.0
  0.195 0844 Alaska-slab2-v3                                                                  211.4652   58.1442 14.4
  3.755 0872 Alaska-slab2-v3                                                                  212.0783   57.6978  8.4
  2.919 0873 Alaska-slab2-v3                                                                  211.9416   57.7490  9.9
  2.217 0874 Alaska-slab2-v3                                                                  211.8053   57.8010 11.1
  1.654 0875 Alaska-slab2-v3                                                                  211.6687   57.8535 12.1
  1.207 0876 Alaska-slab2-v3                                                                  211.5314   57.9059 12.8
  0.847 0877 Alaska-slab2-v3                                                                  211.3937   57.9582 13.5
  0.540 0878 Alaska-slab2-v3                                                                  211.2554   58.0104 14.0
  0.273 0879 Alaska-slab2-v3                                                                  211.1167   58.0625 14.4
  6.895 0905 Alaska-slab2-v3                                                                  211.8526   57.5663  8.1
  5.573 0906 Alaska-slab2-v3                                                                  211.7178   57.6189  9.4
  4.414 0907 Alaska-slab2-v3                                                                  211.5824   57.6714 10.6
  3.417 0908 Alaska-slab2-v3                                                                  211.4462   57.7238 11.5
  2.573 0909 Alaska-slab2-v3                                                                  211.3094   57.7761 12.4
  1.851 0910 Alaska-slab2-v3                                                                  211.1721   57.8283 13.1
  1.200 0911 Alaska-slab2-v3                                                                  211.0343   57.8803 13.7
  0.590 0912 Alaska-slab2-v3                                                                  210.8961   57.9322 14.3
  7.884 0939 Alaska-slab2-v3                                                                  211.4814   57.4929  9.1
  6.211 0940 Alaska-slab2-v3                                                                  211.3469   57.5459 10.2
  4.718 0941 Alaska-slab2-v3                                                                  211.2112   57.5983 11.2
  3.377 0942 Alaska-slab2-v3                                                                  211.0747   57.6504 12.1
  2.171 0943 Alaska-slab2-v3                                                                  210.9378   57.7023 12.9
  1.055 0944 Alaska-slab2-v3                                                                  210.8003   57.7542 13.7
 10.604 0972 Alaska-slab2-v3                                                                  211.2308   57.3710  9.0
  8.448 0973 Alaska-slab2-v3                                                                  211.0969   57.4240 10.1
  6.487 0974 Alaska-slab2-v3                                                                  210.9619   57.4765 11.1
  4.680 0975 Alaska-slab2-v3                                                                  210.8263   57.5288 12.1
  3.010 0976 Alaska-slab2-v3                                                                  210.6901   57.5810 12.9
  1.457 0977 Alaska-slab2-v3                                                                  210.5535   57.6331 13.7
 12.695 1004 Alaska-slab2-v3                                                                  210.9669   57.2526  9.2
 10.012 1005 Alaska-slab2-v3                                                                  210.8334   57.3056 10.3
  7.617 1006 Alaska-slab2-v3                                                                  210.7011   57.3598 11.3
  5.485 1007 Alaska-slab2-v3                                                                  210.5684   57.4139 12.2
  3.521 1008 Alaska-slab2-v3                                                                  210.4353   57.4680 13.0
  1.725 1009 Alaska-slab2-v3                                                                  210.3017   57.5220 13.7
 15.492 1035 Alaska-slab2-v3                                                                  210.8281   57.0879  8.2
 12.426 1036 Alaska-slab2-v3                                                                  210.6921   57.1379  9.5
  9.782 1037 Alaska-slab2-v3                                                                  210.5617   57.1925 10.6
  7.582 1038 Alaska-slab2-v3                                                                  210.4359   57.2507 11.6
  5.757 1039 Alaska-slab2-v3                                                                  210.3097   57.3090 12.3
  4.189 1040 Alaska-slab2-v3                                                                  210.1830   57.3673 13.0
  2.761 1041 Alaska-slab2-v3                                                                  210.0559   57.4255 13.6
  1.404 1042 Alaska-slab2-v3                                                                  209.9283   57.4835 14.2
 15.221 1066 Alaska-slab2-v3                                                                  210.5480   56.9808  8.4
 12.001 1067 Alaska-slab2-v3                                                                  210.4119   57.0299  9.8
  9.383 1068 Alaska-slab2-v3                                                                  210.2868   57.0872 10.9
  7.390 1069 Alaska-slab2-v3                                                                  210.1685   57.1498 11.8
  5.838 1070 Alaska-slab2-v3                                                                  210.0496   57.2125 12.4
  4.633 1071 Alaska-slab2-v3                                                                  209.9302   57.2750 12.9
  3.591 1072 Alaska-slab2-v3                                                                  209.8103   57.3375 13.4
  2.572 1073 Alaska-slab2-v3                                                                  209.6901   57.3999 13.8
  1.413 1074 Alaska-slab2-v3                                                                  209.5694   57.4622 14.3
 14.850 1096 Alaska-slab2-v3                                                                  210.2708   56.8864  8.3
 11.680 1097 Alaska-slab2-v3                                                                  210.1362   56.9367  9.6
  9.106 1098 Alaska-slab2-v3                                                                  210.0128   56.9950 10.7
  7.199 1099 Alaska-slab2-v3                                                                  209.8978   57.0594 11.5
  5.769 1100 Alaska-slab2-v3                                                                  209.7823   57.1238 12.1
  4.648 1101 Alaska-slab2-v3                                                                  209.6663   57.1881 12.6
  3.695 1102 Alaska-slab2-v3                                                                  209.5498   57.2524 13.0
  2.717 1103 Alaska-slab2-v3                                                                  209.4329   57.3166 13.4
  1.549 1104 Alaska-slab2-v3                                                                  209.3157   57.3806 13.9
 12.857 1126 Alaska-slab2-v3                                                                  209.8744   56.8602  9.1
 10.495 1127 Alaska-slab2-v3                                                                  209.7519   56.9196 10.1
  8.635 1128 Alaska-slab2-v3                                                                  209.6341   56.9823 10.9
  7.180 1129 Alaska-slab2-v3                                                                  209.5161   57.0452 11.5
  5.939 1130 Alaska-slab2-v3                                                                  209.3976   57.1080 12.0
  4.795 1131 Alaska-slab2-v3                                                                  209.2787   57.1707 12.5
  3.530 1132 Alaska-slab2-v3                                                                  209.1594   57.2333 13.0
  1.980 1133 Alaska-slab2-v3                                                                  209.0398   57.2957 13.7
 13.355 1155 Alaska-slab2-v3                                                                  209.6138   56.7850  8.6
 11.084 1156 Alaska-slab2-v3                                                                  209.4968   56.8478  9.5
  9.085 1157 Alaska-slab2-v3                                                                  209.3777   56.9096 10.4
  7.357 1158 Alaska-slab2-v3                                                                  209.2553   56.9697 11.1
  5.703 1159 Alaska-slab2-v3                                                                  209.1314   57.0291 11.7
  4.049 1160 Alaska-slab2-v3                                                                  209.0072   57.0883 12.4
  2.197 1161 Alaska-slab2-v3                                                                  208.8826   57.1474 13.1
 15.218 1183 Alaska-slab2-v3                                                                  209.3362   56.6985  8.4
 13.084 1184 Alaska-slab2-v3                                                                  209.2227   56.7631  9.3
 11.042 1185 Alaska-slab2-v3                                                                  209.1047   56.8252 10.2
  9.024 1186 Alaska-slab2-v3                                                                  208.9805   56.8838 11.0
  7.006 1187 Alaska-slab2-v3                                                                  208.8540   56.9412 11.9
  4.872 1188 Alaska-slab2-v3                                                                  208.7273   56.9984 12.8
  2.575 1189 Alaska-slab2-v3                                                                  208.6002   57.0555 13.8
 14.470 1210 Alaska-slab2-v3                                                                  209.0493   56.6043  8.6
 12.066 1211 Alaska-slab2-v3                                                                  208.9339   56.6675  9.7
  9.709 1212 Alaska-slab2-v3                                                                  208.8140   56.7282 10.7
  7.375 1213 Alaska-slab2-v3                                                                  208.6901   56.7867 11.7
  4.995 1214 Alaska-slab2-v3                                                                  208.5650   56.8445 12.7
  2.567 1215 Alaska-slab2-v3                                                                  208.4395   56.9022 13.7
 15.438 1236 Alaska-slab2-v3                                                                  208.8802   56.4447  8.1
 12.317 1237 Alaska-slab2-v3                                                                  208.7647   56.5072  9.4
  9.504 1238 Alaska-slab2-v3                                                                  208.6463   56.5684 10.6
  6.951 1239 Alaska-slab2-v3                                                                  208.5248   56.6279 11.7
  4.586 1240 Alaska-slab2-v3                                                                  208.4020   56.6869 12.7
  2.293 1241 Alaska-slab2-v3                                                                  208.2787   56.7458 13.7
 13.263 1262 Alaska-slab2-v3                                                                  208.5983   56.3460  8.8
  9.415 1263 Alaska-slab2-v3                                                                  208.4812   56.4069 10.4
  6.341 1264 Alaska-slab2-v3                                                                  208.3622   56.4673 11.7
  3.897 1265 Alaska-slab2-v3                                                                  208.2418   56.5275 12.7
  1.864 1266 Alaska-slab2-v3                                                                  208.1208   56.5876 13.5
 12.230 1287 Alaska-slab2-v3                                                                  208.3171   56.2446  9.4
  8.026 1288 Alaska-slab2-v3                                                                  208.2000   56.3048 11.1
  5.016 1289 Alaska-slab2-v3                                                                  208.0836   56.3666 12.4
  2.890 1290 Alaska-slab2-v3                                                                  207.9663   56.4286 13.3
  1.338 1291 Alaska-slab2-v3                                                                  207.8484   56.4905 13.9
 12.464 1312 Alaska-slab2-v3                                                                  208.0398   56.1434  9.6
  8.271 1313 Alaska-slab2-v3                                                                  207.9244   56.2042 11.4
  5.352 1314 Alaska-slab2-v3                                                                  207.8116   56.2679 12.6
  3.452 1315 Alaska-slab2-v3                                                                  207.6980   56.3317 13.5
  2.155 1316 Alaska-slab2-v3                                                                  207.5837   56.3957 14.0
  1.135 1317 Alaska-slab2-v3                                                                  207.4690   56.4595 14.5
 12.448 1336 Alaska-slab2-v3                                                                  207.7667   56.0430  9.5
  8.291 1337 Alaska-slab2-v3                                                                  207.6526   56.1043 11.3
  5.372 1338 Alaska-slab2-v3                                                                  207.5425   56.1693 12.5
  3.433 1339 Alaska-slab2-v3                                                                  207.4315   56.2344 13.4
  2.125 1340 Alaska-slab2-v3                                                                  207.3199   56.2996 13.9
  1.121 1341 Alaska-slab2-v3                                                                  207.2079   56.3648 14.4
 12.889 1360 Alaska-slab2-v3                                                                  207.4972   55.9427  9.3
  8.858 1361 Alaska-slab2-v3                                                                  207.3835   56.0042 11.0
  5.952 1362 Alaska-slab2-v3                                                                  207.2747   56.0698 12.2
  3.913 1363 Alaska-slab2-v3                                                                  207.1652   56.1355 13.1
  2.484 1364 Alaska-slab2-v3                                                                  207.0551   56.2013 13.7
  1.289 1365 Alaska-slab2-v3                                                                  206.9445   56.2670 14.2
 13.482 1384 Alaska-slab2-v3                                                                  207.2316   55.8425  9.0
  9.647 1385 Alaska-slab2-v3                                                                  207.1181   55.9043 10.6
  6.753 1386 Alaska-slab2-v3                                                                  207.0097   55.9699 11.9
  4.612 1387 Alaska-slab2-v3                                                                  206.9012   56.0360 12.8
  2.965 1388 Alaska-slab2-v3                                                                  206.7921   56.1021 13.5
  1.506 1389 Alaska-slab2-v3                                                                  206.6826   56.1682 14.1
 13.978 1407 Alaska-slab2-v3                                                                  206.9698   55.7423  8.7
 10.352 1408 Alaska-slab2-v3                                                                  206.8571   55.8047 10.2
  7.490 1409 Alaska-slab2-v3                                                                  206.7489   55.8703 11.4
  5.224 1410 Alaska-slab2-v3                                                                  206.6420   55.9370 12.3
  3.387 1411 Alaska-slab2-v3                                                                  206.5345   56.0037 13.1
  1.717 1412 Alaska-slab2-v3                                                                  206.4266   56.0704 13.8
 15.350 1430 Alaska-slab2-v3                                                                  206.7109   55.6415  8.3
 12.178 1431 Alaska-slab2-v3                                                                  206.5997   55.7049  9.7
  9.492 1432 Alaska-slab2-v3                                                                  206.4925   55.7709 10.9
  7.293 1433 Alaska-slab2-v3                                                                  206.3880   55.8387 11.8
  5.418 1434 Alaska-slab2-v3                                                                  206.2831   55.9065 12.6
  3.704 1435 Alaska-slab2-v3                                                                  206.1777   55.9743 13.4
  1.945 1436 Alaska-slab2-v3                                                                  206.0720   56.0420 14.1
