  1.493 2162 Alaska-slab2-v3                                                                  195.7503   52.8815 14.6
 13.955 2164 Alaska-slab2-v3                                                                  195.5985   53.0359 15.8
  7.658 2165 Alaska-slab2-v3                                                                  195.5310   53.1146 17.7
  2.406 2177 Alaska-slab2-v3                                                                  195.4769   52.8160 14.4
 18.794 2179 Alaska-slab2-v3                                                                  195.3277   52.9711 15.9
 13.146 2180 Alaska-slab2-v3                                                                  195.2615   53.0502 17.7
  6.419 2181 Alaska-slab2-v3                                                                  195.1957   53.1287 19.9
  3.617 2192 Alaska-slab2-v3                                                                  195.2065   52.7485 14.0
 18.335 2194 Alaska-slab2-v3                                                                  195.0595   52.9040 15.9
 12.763 2195 Alaska-slab2-v3                                                                  194.9946   52.9835 17.7
  6.288 2196 Alaska-slab2-v3                                                                  194.9299   53.0626 19.8
 18.141 2209 Alaska-slab2-v3                                                                  194.7952   52.8344 15.7
 12.651 2210 Alaska-slab2-v3                                                                  194.7309   52.9142 17.5
  6.278 2211 Alaska-slab2-v3                                                                  194.6671   52.9936 19.5
 18.322 2224 Alaska-slab2-v3                                                                  194.5343   52.7630 15.4
 12.931 2225 Alaska-slab2-v3                                                                  194.4699   52.8428 17.1
  6.514 2226 Alaska-slab2-v3                                                                  194.4069   52.9224 19.1
 18.586 2239 Alaska-slab2-v3                                                                  194.2746   52.6905 15.0
 13.351 2240 Alaska-slab2-v3                                                                  194.2100   52.7703 16.6
  6.872 2241 Alaska-slab2-v3                                                                  194.1478   52.8502 18.6
 13.674 2255 Alaska-slab2-v3                                                                  193.9493   52.6979 16.2
  7.170 2256 Alaska-slab2-v3                                                                  193.8879   52.7780 18.2
 13.817 2270 Alaska-slab2-v3                                                                  193.6866   52.6267 16.0
  7.398 2271 Alaska-slab2-v3                                                                  193.6262   52.7072 17.9
 13.906 2284 Alaska-slab2-v3                                                                  193.4213   52.5583 15.9
  7.496 2285 Alaska-slab2-v3                                                                  193.3621   52.6391 17.8
 13.898 2298 Alaska-slab2-v3                                                                  193.1537   52.4933 15.9
  7.473 2299 Alaska-slab2-v3                                                                  193.0957   52.5744 17.8
 13.876 2312 Alaska-slab2-v3                                                                  192.8841   52.4317 16.0
  7.392 2313 Alaska-slab2-v3                                                                  192.8274   52.5130 18.0
 13.875 2326 Alaska-slab2-v3                                                                  192.6135   52.3730 16.1
  7.288 2327 Alaska-slab2-v3                                                                  192.5579   52.4546 18.1
 14.129 2340 Alaska-slab2-v3                                                                  192.3430   52.3171 16.0
  7.433 2341 Alaska-slab2-v3                                                                  192.2883   52.3988 18.0
 14.633 2354 Alaska-slab2-v3                                                                  192.0749   52.2635 15.6
  7.809 2355 Alaska-slab2-v3                                                                  192.0201   52.3451 17.7
 21.106 2368 Alaska-slab2-v3                                                                  191.8094   52.2105 15.1
 15.142 2369 Alaska-slab2-v3                                                                  191.7544   52.2923 17.0
  7.942 2370 Alaska-slab2-v3                                                                  191.7002   52.3734 19.4
 15.707 2383 Alaska-slab2-v3                                                                  191.4894   52.2379 16.3
  8.539 2384 Alaska-slab2-v3                                                                  191.4364   52.3195 18.6
 15.725 2397 Alaska-slab2-v3                                                                  191.2237   52.1804 15.8
  8.783 2398 Alaska-slab2-v3                                                                  191.1719   52.2625 17.9
 15.693 2410 Alaska-slab2-v3                                                                  190.9577   52.1189 15.5
  8.785 2411 Alaska-slab2-v3                                                                  190.9069   52.2013 17.6
 16.009 2423 Alaska-slab2-v3                                                                  190.6924   52.0543 15.4
  8.879 2424 Alaska-slab2-v3                                                                  190.6429   52.1369 17.5
 16.490 2436 Alaska-slab2-v3                                                                  190.4282   51.9881 15.3
  9.031 2437 Alaska-slab2-v3                                                                  190.3804   52.0708 17.6
 16.718 2449 Alaska-slab2-v3                                                                  190.1648   51.9215 15.4
  9.140 2450 Alaska-slab2-v3                                                                  190.1187   52.0044 17.6
 16.554 2462 Alaska-slab2-v3                                                                  189.9018   51.8558 15.5
  9.102 2463 Alaska-slab2-v3                                                                  189.8574   51.9391 17.8
 16.310 2475 Alaska-slab2-v3                                                                  189.6395   51.7924 15.9
  8.982 2476 Alaska-slab2-v3                                                                  189.5966   51.8761 18.1
 16.181 2488 Alaska-slab2-v3                                                                  189.3786   51.7326 16.5
  8.843 2489 Alaska-slab2-v3                                                                  189.3368   51.8163 18.8
 15.554 2500 Alaska-slab2-v3                                                                  189.1606   51.5928 15.2
  8.565 2501 Alaska-slab2-v3                                                                  189.1191   51.6771 17.3
 15.932 2513 Alaska-slab2-v3                                                                  188.8984   51.5409 16.0
  8.629 2514 Alaska-slab2-v3                                                                  188.8598   51.6253 18.3
 15.091 2525 Alaska-slab2-v3                                                                  188.6752   51.4069 15.0
  8.528 2526 Alaska-slab2-v3                                                                  188.6360   51.4919 16.9
 15.198 2538 Alaska-slab2-v3                                                                  188.4086   51.3599 15.6
  8.492 2539 Alaska-slab2-v3                                                                  188.3715   51.4450 17.6
 15.162 2550 Alaska-slab2-v3                                                                  188.1402   51.3148 16.0
  8.270 2551 Alaska-slab2-v3                                                                  188.1045   51.3999 18.1
  4.085 2560 Alaska-slab2-v3                                                                  187.9448   51.0992 14.0
 15.213 2562 Alaska-slab2-v3                                                                  187.8701   51.2717 16.3
  8.137 2563 Alaska-slab2-v3                                                                  187.8356   51.3569 18.5
 15.418 2574 Alaska-slab2-v3                                                                  187.5990   51.2306 16.6
  8.120 2575 Alaska-slab2-v3                                                                  187.5659   51.3157 18.9
 15.747 2586 Alaska-slab2-v3                                                                  187.3276   51.1904 16.6
  8.280 2587 Alaska-slab2-v3                                                                  187.2958   51.2756 19.0
 15.794 2598 Alaska-slab2-v3                                                                  187.0563   51.1506 16.5
  8.463 2599 Alaska-slab2-v3                                                                  187.0262   51.2361 18.9
 15.143 2610 Alaska-slab2-v3                                                                  186.7857   51.1111 16.2
  8.272 2611 Alaska-slab2-v3                                                                  186.7578   51.1974 18.3
 14.001 2622 Alaska-slab2-v3                                                                  186.5161   51.0725 15.6
  7.671 2623 Alaska-slab2-v3                                                                  186.4904   51.1595 17.5
 13.768 2636 Alaska-slab2-v3                                                                  186.2236   51.1228 16.6
  7.403 2637 Alaska-slab2-v3                                                                  186.2002   51.2099 18.6
 13.540 2649 Alaska-slab2-v3                                                                  185.9571   51.0878 15.7
  7.166 2650 Alaska-slab2-v3                                                                  185.9348   51.1752 17.6
 13.761 2663 Alaska-slab2-v3                                                                  185.6675   51.1422 16.7
  7.091 2664 Alaska-slab2-v3                                                                  185.6451   51.2292 18.7
 14.251 2677 Alaska-slab2-v3                                                                  185.3969   51.1109 16.0
  7.411 2678 Alaska-slab2-v3                                                                  185.3752   51.1980 18.0
 13.966 2691 Alaska-slab2-v3                                                                  185.1230   51.0809 15.6
  7.534 2692 Alaska-slab2-v3                                                                  185.1026   51.1684 17.5
 18.809 2706 Alaska-slab2-v3                                                                  184.8487   51.0521 15.7
 13.685 2707 Alaska-slab2-v3                                                                  184.8291   51.1401 17.3
  7.342 2708 Alaska-slab2-v3                                                                  184.8091   51.2274 19.3
 17.663 2721 Alaska-slab2-v3                                                                  184.5748   51.0247 15.8
 12.970 2722 Alaska-slab2-v3                                                                  184.5556   51.1130 17.3
  7.135 2723 Alaska-slab2-v3                                                                  184.5363   51.2007 19.1
 16.926 2736 Alaska-slab2-v3                                                                  184.2999   50.9987 15.9
 12.414 2737 Alaska-slab2-v3                                                                  184.2813   51.0871 17.3
  6.847 2738 Alaska-slab2-v3                                                                  184.2627   51.1751 19.0
 16.918 2751 Alaska-slab2-v3                                                                  184.0244   50.9747 15.9
 12.240 2752 Alaska-slab2-v3                                                                  184.0065   51.0631 17.3
  6.665 2753 Alaska-slab2-v3                                                                  183.9887   51.1511 19.1
 17.618 2766 Alaska-slab2-v3                                                                  183.7487   50.9529 15.8
 12.593 2767 Alaska-slab2-v3                                                                  183.7317   51.0412 17.4
  6.678 2768 Alaska-slab2-v3                                                                  183.7146   51.1291 19.2
 32.787 2781 Alaska-slab2-v3                                                                  183.4725   50.9336 15.6
 23.302 2782 Alaska-slab2-v3                                                                  183.4566   51.0218 17.4
 12.282 2783 Alaska-slab2-v3                                                                  183.4403   51.1095 19.4
 49.176 2796 Alaska-slab2-v3                                                                  183.1956   50.9172 15.6
 35.148 2797 Alaska-slab2-v3                                                                  183.1809   51.0053 17.4
 18.499 2798 Alaska-slab2-v3                                                                  183.1656   51.0928 19.6
 45.549 2811 Alaska-slab2-v3                                                                  182.9181   50.9039 15.6
 24.957 2812 Alaska-slab2-v3                                                                  182.9046   50.9921 17.5
 55.647 2826 Alaska-slab2-v3                                                                  182.6403   50.8941 15.6
 30.854 2827 Alaska-slab2-v3                                                                  182.6279   50.9823 17.4
 55.675 2840 Alaska-slab2-v3                                                                  182.3624   50.8878 15.6
 30.731 2841 Alaska-slab2-v3                                                                  182.3512   50.9762 17.4
 56.988 2854 Alaska-slab2-v3                                                                  182.0847   50.8853 15.6
 31.172 2855 Alaska-slab2-v3                                                                  182.0745   50.9736 17.5
 59.831 2868 Alaska-slab2-v3                                                                  181.8068   50.8865 15.6
 32.290 2869 Alaska-slab2-v3                                                                  181.7974   50.9745 17.6
 63.024 2882 Alaska-slab2-v3                                                                  181.5284   50.8914 15.7
 33.834 2883 Alaska-slab2-v3                                                                  181.5199   50.9791 17.9
 65.648 2896 Alaska-slab2-v3                                                                  181.2495   50.9001 16.0
 35.329 2897 Alaska-slab2-v3                                                                  181.2423   50.9875 18.4
 67.026 2909 Alaska-slab2-v3                                                                  180.9708   50.9120 16.5
 36.481 2910 Alaska-slab2-v3                                                                  180.9650   50.9992 19.0
 35.555 2922 Alaska-slab2-v3                                                                  180.6925   50.9266 17.1
 65.706 2934 Alaska-slab2-v3                                                                  180.4175   50.8551 15.4
 36.045 2935 Alaska-slab2-v3                                                                  180.4150   50.9429 17.7
 68.250 2946 Alaska-slab2-v3                                                                  180.1393   50.8723 15.8
 36.631 2947 Alaska-slab2-v3                                                                  180.1382   50.9596 18.2
 70.157 2958 Alaska-slab2-v3                                                                  179.8659   50.8866 16.0
 38.096 2959 Alaska-slab2-v3                                                                  179.8669   50.9737 18.5
 71.374 2970 Alaska-slab2-v3                                                                  179.5964   50.8983 16.1
 39.915 2971 Alaska-slab2-v3                                                                  179.6002   50.9854 18.6
 37.030 2982 Alaska-slab2-v3                                                                  179.3273   50.9128 16.2
 37.561 2994 Alaska-slab2-v3                                                                  179.0591   50.9323 16.4
 38.141 3006 Alaska-slab2-v3                                                                  178.7922   50.9575 16.5
 38.744 3018 Alaska-slab2-v3                                                                  178.5266   50.9878 16.7
 39.314 3029 Alaska-slab2-v3                                                                  178.2624   51.0224 16.9
 39.819 3040 Alaska-slab2-v3                                                                  177.9995   51.0605 16.9
 40.291 3051 Alaska-slab2-v3                                                                  177.7381   51.1013 16.8
 40.599 3062 Alaska-slab2-v3                                                                  177.4776   51.1447 16.7
 41.038 3073 Alaska-slab2-v3                                                                  177.2180   51.1905 16.5
 41.247 3084 Alaska-slab2-v3                                                                  176.9587   51.2385 16.3
 41.210 3095 Alaska-slab2-v3                                                                  176.6995   51.2885 16.1
 40.789 3107 Alaska-slab2-v3                                                                  176.4402   51.3404 16.1
