  1.379 0010 Alaska-slab2-v3                                                                  220.6551   61.0581  8.4
  1.379 0011 Alaska-slab2-v3                                                                  220.6343   61.1471  9.3
  1.223 0012 Alaska-slab2-v3                                                                  220.6074   61.2353 10.4
  1.044 0013 Alaska-slab2-v3                                                                  220.5693   61.3225 11.6
  0.848 0014 Alaska-slab2-v3                                                                  220.5225   61.4090 12.9
  0.640 0015 Alaska-slab2-v3                                                                  220.4743   61.4951 14.3
  2.758 0034 Alaska-slab2-v3                                                                  220.2091   61.0718  8.6
  2.741 0035 Alaska-slab2-v3                                                                  220.1755   61.1598  9.7
  2.411 0036 Alaska-slab2-v3                                                                  220.1353   61.2470 10.8
  2.044 0037 Alaska-slab2-v3                                                                  220.0881   61.3334 12.1
  1.654 0038 Alaska-slab2-v3                                                                  220.0377   61.4193 13.5
  1.244 0039 Alaska-slab2-v3                                                                  219.9860   61.5050 14.9
  4.137 0057 Alaska-slab2-v3                                                                  219.7710   61.0555  8.5
  4.084 0058 Alaska-slab2-v3                                                                  219.7270   61.1425  9.6
  3.573 0059 Alaska-slab2-v3                                                                  219.6794   61.2289 10.8
  3.018 0060 Alaska-slab2-v3                                                                  219.6278   61.3148 12.0
  2.433 0061 Alaska-slab2-v3                                                                  219.5751   61.4004 13.4
  1.826 0062 Alaska-slab2-v3                                                                  219.5215   61.4859 14.8
  5.516 0079 Alaska-slab2-v3                                                                  219.3506   61.0087  8.2
  5.516 0080 Alaska-slab2-v3                                                                  219.2976   61.0947  9.1
  5.264 0081 Alaska-slab2-v3                                                                  219.2445   61.1805 10.2
  4.590 0082 Alaska-slab2-v3                                                                  219.1907   61.2661 11.4
  3.860 0083 Alaska-slab2-v3                                                                  219.1363   61.3516 12.7
  3.102 0084 Alaska-slab2-v3                                                                  219.0817   61.4369 14.0
  6.894 0101 Alaska-slab2-v3                                                                  218.8900   61.0211  8.6
  6.824 0102 Alaska-slab2-v3                                                                  218.8295   61.1059  9.4
  6.064 0103 Alaska-slab2-v3                                                                  218.7707   61.1909 10.5
  5.194 0104 Alaska-slab2-v3                                                                  218.7137   61.2761 11.6
  4.242 0105 Alaska-slab2-v3                                                                  218.6566   61.3611 12.9
  3.231 0106 Alaska-slab2-v3                                                                  218.5991   61.4460 14.3
  6.894 0121 Alaska-slab2-v3                                                                  218.5043   60.9250  8.0
  6.894 0122 Alaska-slab2-v3                                                                  218.4369   61.0086  8.8
  6.532 0123 Alaska-slab2-v3                                                                  218.3694   61.0923  9.6
  5.806 0124 Alaska-slab2-v3                                                                  218.3052   61.1764 10.6
  4.929 0125 Alaska-slab2-v3                                                                  218.2444   61.2609 11.7
  3.893 0126 Alaska-slab2-v3                                                                  218.1834   61.3453 13.1
  2.714 0127 Alaska-slab2-v3                                                                  218.1209   61.4290 14.6
  6.894 0140 Alaska-slab2-v3                                                                  218.0664   60.8965  8.1
  6.894 0141 Alaska-slab2-v3                                                                  217.9921   60.9788  8.8
  6.894 0142 Alaska-slab2-v3                                                                  217.9176   61.0610  9.6
  6.434 0143 Alaska-slab2-v3                                                                  217.8476   61.1440 10.6
  5.547 0144 Alaska-slab2-v3                                                                  217.7819   61.2275 11.9
  4.412 0145 Alaska-slab2-v3                                                                  217.7163   61.3106 13.5
  6.894 0158 Alaska-slab2-v3                                                                  217.6334   60.8554  8.1
  6.894 0159 Alaska-slab2-v3                                                                  217.5520   60.9361  8.8
  6.894 0160 Alaska-slab2-v3                                                                  217.4711   61.0168  9.6
  6.031 0161 Alaska-slab2-v3                                                                  217.3959   61.0984 10.9
  4.860 0162 Alaska-slab2-v3                                                                  217.3259   61.1805 12.5
  3.383 0163 Alaska-slab2-v3                                                                  217.2545   61.2616 14.6
  6.894 0176 Alaska-slab2-v3                                                                  217.2052   60.8027  8.5
  6.738 0177 Alaska-slab2-v3                                                                  217.1176   60.8817  9.3
  5.985 0178 Alaska-slab2-v3                                                                  217.0329   60.9613 10.2
  4.957 0179 Alaska-slab2-v3                                                                  216.9532   61.0417 11.6
  3.579 0180 Alaska-slab2-v3                                                                  216.8765   61.1221 13.4
  6.894 0193 Alaska-slab2-v3                                                                  216.8900   60.6628  8.8
  6.707 0194 Alaska-slab2-v3                                                                  216.7993   60.7407  9.6
  6.096 0195 Alaska-slab2-v3                                                                  216.7064   60.8182 10.4
  5.389 0196 Alaska-slab2-v3                                                                  216.6152   60.8960 11.4
  4.483 0197 Alaska-slab2-v3                                                                  216.5257   60.9741 12.6
  3.261 0198 Alaska-slab2-v3                                                                  216.4367   61.0516 14.3
  6.894 0211 Alaska-slab2-v3                                                                  216.6061   60.5129  9.0
  6.428 0212 Alaska-slab2-v3                                                                  216.5155   60.5902 10.2
  5.733 0213 Alaska-slab2-v3                                                                  216.4176   60.6658 11.1
  5.125 0214 Alaska-slab2-v3                                                                  216.3169   60.7408 12.0
  4.488 0215 Alaska-slab2-v3                                                                  216.2154   60.8156 12.9
  3.691 0216 Alaska-slab2-v3                                                                  216.1141   60.8903 13.9
  6.894 0231 Alaska-slab2-v3                                                                  216.3398   60.3457  8.9
  6.031 0232 Alaska-slab2-v3                                                                  216.2532   60.4228 10.7
  5.116 0233 Alaska-slab2-v3                                                                  216.1527   60.4968 11.9
  4.470 0234 Alaska-slab2-v3                                                                  216.0465   60.5698 12.8
  3.955 0235 Alaska-slab2-v3                                                                  215.9396   60.6428 13.6
  3.418 0236 Alaska-slab2-v3                                                                  215.8326   60.7157 14.3
  6.387 0255 Alaska-slab2-v3                                                                  216.0024   60.2336 10.4
  5.110 0256 Alaska-slab2-v3                                                                  215.9029   60.3067 12.2
  4.301 0257 Alaska-slab2-v3                                                                  215.7964   60.3790 13.4
  3.804 0258 Alaska-slab2-v3                                                                  215.6890   60.4516 14.1
  3.456 0259 Alaska-slab2-v3                                                                  215.5810   60.5242 14.6
 12.065 0281 Alaska-slab2-v3                                                                  215.7667   60.0238  8.5
 10.874 0282 Alaska-slab2-v3                                                                  215.6685   60.0957 10.9
  8.809 0283 Alaska-slab2-v3                                                                  215.5633   60.1673 12.6
  7.485 0284 Alaska-slab2-v3                                                                  215.4567   60.2395 13.7
  6.658 0285 Alaska-slab2-v3                                                                  215.3492   60.3119 14.4
  6.075 0286 Alaska-slab2-v3                                                                  215.2419   60.3845 14.9
 17.236 0311 Alaska-slab2-v3                                                                  215.4642   59.8739  8.3
 16.480 0312 Alaska-slab2-v3                                                                  215.3509   59.9410 10.4
 13.803 0313 Alaska-slab2-v3                                                                  215.2419   60.0111 11.9
 11.751 0314 Alaska-slab2-v3                                                                  215.1347   60.0828 13.1
 10.152 0315 Alaska-slab2-v3                                                                  215.0267   60.1546 14.0
  8.848 0316 Alaska-slab2-v3                                                                  214.9191   60.2267 14.7
 22.407 0344 Alaska-slab2-v3                                                                  215.1063   59.7707  9.3
 19.505 0345 Alaska-slab2-v3                                                                  214.9901   59.8370 11.1
 16.341 0346 Alaska-slab2-v3                                                                  214.8804   59.9071 12.5
 14.020 0347 Alaska-slab2-v3                                                                  214.7697   59.9775 13.5
 12.290 0348 Alaska-slab2-v3                                                                  214.6583   60.0480 14.3
 10.947 0349 Alaska-slab2-v3                                                                  214.5502   60.1198 14.9
 27.578 0386 Alaska-slab2-v3                                                                  214.8431   59.6356  9.5
 23.670 0387 Alaska-slab2-v3                                                                  214.7243   59.7004 11.4
 19.928 0388 Alaska-slab2-v3                                                                  214.6103   59.7687 12.7
 17.350 0389 Alaska-slab2-v3                                                                  214.4953   59.8373 13.6
 15.660 0390 Alaska-slab2-v3                                                                  214.3795   59.9059 14.2
 14.579 0391 Alaska-slab2-v3                                                                  214.2631   59.9745 14.6
 13.830 0392 Alaska-slab2-v3                                                                  214.1482   60.0437 14.9
 27.578 0428 Alaska-slab2-v3                                                                  214.5858   59.4974  9.6
 23.345 0429 Alaska-slab2-v3                                                                  214.4641   59.5605 11.5
 19.556 0430 Alaska-slab2-v3                                                                  214.3463   59.6269 12.9
 16.984 0431 Alaska-slab2-v3                                                                  214.2275   59.6935 13.8
 15.407 0432 Alaska-slab2-v3                                                                  214.1078   59.7602 14.4
 14.522 0433 Alaska-slab2-v3                                                                  213.9875   59.8269 14.7
 14.107 0434 Alaska-slab2-v3                                                                  213.8667   59.8935 14.8
 13.803 0435 Alaska-slab2-v3                                                                  213.7462   59.9604 14.9
 27.578 0469 Alaska-slab2-v3                                                                  214.3377   59.3548  9.5
 22.716 0470 Alaska-slab2-v3                                                                  214.2120   59.4156 11.4
 18.821 0471 Alaska-slab2-v3                                                                  214.0899   59.4797 12.8
 16.148 0472 Alaska-slab2-v3                                                                  213.9667   59.5441 13.7
 14.500 0473 Alaska-slab2-v3                                                                  213.8427   59.6084 14.3
 13.590 0474 Alaska-slab2-v3                                                                  213.7181   59.6728 14.6
 13.163 0475 Alaska-slab2-v3                                                                  213.5930   59.7370 14.8
 12.936 0476 Alaska-slab2-v3                                                                  213.4673   59.8012 14.9
 12.680 0477 Alaska-slab2-v3                                                                  213.3418   59.8654 14.9
 27.578 0510 Alaska-slab2-v3                                                                  214.1024   59.2073  9.3
 23.597 0511 Alaska-slab2-v3                                                                  213.9719   59.2655 11.1
 19.802 0512 Alaska-slab2-v3                                                                  213.8453   59.3270 12.4
 17.091 0513 Alaska-slab2-v3                                                                  213.7176   59.3887 13.3
 15.322 0514 Alaska-slab2-v3                                                                  213.5892   59.4504 14.0
 14.210 0515 Alaska-slab2-v3                                                                  213.4601   59.5121 14.4
 13.553 0516 Alaska-slab2-v3                                                                  213.3304   59.5737 14.6
 13.154 0517 Alaska-slab2-v3                                                                  213.2003   59.6352 14.7
 12.697 0518 Alaska-slab2-v3                                                                  213.0697   59.6965 14.9
 27.578 0551 Alaska-slab2-v3                                                                  213.8813   59.0556  8.9
 25.125 0552 Alaska-slab2-v3                                                                  213.7467   59.1112 10.6
 21.438 0553 Alaska-slab2-v3                                                                  213.6158   59.1701 11.9
 18.687 0554 Alaska-slab2-v3                                                                  213.4846   59.2294 12.9
 16.674 0555 Alaska-slab2-v3                                                                  213.3527   59.2888 13.6
 15.285 0556 Alaska-slab2-v3                                                                  213.2201   59.3481 14.1
 14.292 0557 Alaska-slab2-v3                                                                  213.0869   59.4073 14.4
 13.526 0558 Alaska-slab2-v3                                                                  212.9532   59.4664 14.7
 12.818 0559 Alaska-slab2-v3                                                                  212.8188   59.5252 14.9
 27.578 0591 Alaska-slab2-v3                                                                  213.6725   58.9003  8.7
 26.901 0592 Alaska-slab2-v3                                                                  213.5347   58.9537 10.2
 23.366 0593 Alaska-slab2-v3                                                                  213.4001   59.0099 11.5
 20.576 0594 Alaska-slab2-v3                                                                  213.2660   59.0671 12.5
 18.394 0595 Alaska-slab2-v3                                                                  213.1312   59.1243 13.3
 16.709 0596 Alaska-slab2-v3                                                                  212.9957   59.1814 13.9
 15.439 0597 Alaska-slab2-v3                                                                  212.8597   59.2385 14.4
 14.389 0598 Alaska-slab2-v3                                                                  212.7232   59.2954 14.8
 27.578 0629 Alaska-slab2-v3                                                                  213.4727   58.7421  8.6
 27.093 0630 Alaska-slab2-v3                                                                  213.3324   58.7934 10.1
 23.547 0631 Alaska-slab2-v3                                                                  213.1942   58.8468 11.4
 20.666 0632 Alaska-slab2-v3                                                                  213.0564   58.9011 12.4
 18.367 0633 Alaska-slab2-v3                                                                  212.9178   58.9554 13.3
 16.538 0634 Alaska-slab2-v3                                                                  212.7787   59.0096 13.9
 15.098 0635 Alaska-slab2-v3                                                                  212.6390   59.0637 14.5
 13.934 0636 Alaska-slab2-v3                                                                  212.4985   59.1175 14.9
 27.578 0665 Alaska-slab2-v3                                                                  213.2794   58.5822  8.7
 26.067 0666 Alaska-slab2-v3                                                                  213.1372   58.6314 10.3
 22.367 0667 Alaska-slab2-v3                                                                  212.9951   58.6814 11.6
 19.430 0668 Alaska-slab2-v3                                                                  212.8525   58.7318 12.6
 17.114 0669 Alaska-slab2-v3                                                                  212.7092   58.7822 13.5
 15.335 0670 Alaska-slab2-v3                                                                  212.5653   58.8324 14.1
 13.951 0671 Alaska-slab2-v3                                                                  212.4209   58.8826 14.6
 12.878 0672 Alaska-slab2-v3                                                                  212.2756   58.9323 15.0
 27.578 0700 Alaska-slab2-v3                                                                  213.0897   58.4261  9.1
 25.154 0701 Alaska-slab2-v3                                                                  212.9473   58.4744 10.8
 21.393 0702 Alaska-slab2-v3                                                                  212.8039   58.5229 12.1
 18.580 0703 Alaska-slab2-v3                                                                  212.6595   58.5714 13.1
 16.519 0704 Alaska-slab2-v3                                                                  212.5144   58.6199 13.9
 15.098 0705 Alaska-slab2-v3                                                                  212.3686   58.6683 14.4
 14.095 0706 Alaska-slab2-v3                                                                  212.2224   58.7166 14.7
 27.578 0735 Alaska-slab2-v3                                                                  212.8990   58.2742  9.5
 23.526 0736 Alaska-slab2-v3                                                                  212.7582   58.3227 11.3
 19.670 0737 Alaska-slab2-v3                                                                  212.6163   58.3719 12.7
 16.988 0738 Alaska-slab2-v3                                                                  212.4734   58.4212 13.7
 15.228 0739 Alaska-slab2-v3                                                                  212.3297   58.4705 14.3
 14.194 0740 Alaska-slab2-v3                                                                  212.1853   58.5196 14.7
 13.607 0741 Alaska-slab2-v3                                                                  212.0405   58.5687 14.9
 27.578 0770 Alaska-slab2-v3                                                                  212.7037   58.1232  9.6
 23.026 0771 Alaska-slab2-v3                                                                  212.5640   58.1721 11.5
 19.160 0772 Alaska-slab2-v3                                                                  212.4241   58.2223 12.9
 16.527 0773 Alaska-slab2-v3                                                                  212.2830   58.2726 13.8
 14.874 0774 Alaska-slab2-v3                                                                  212.1411   58.3229 14.4
 13.950 0775 Alaska-slab2-v3                                                                  211.9987   58.3731 14.7
 13.474 0776 Alaska-slab2-v3                                                                  211.8558   58.4231 14.9
 13.194 0777 Alaska-slab2-v3                                                                  211.7126   58.4732 15.0
 27.578 0804 Alaska-slab2-v3                                                                  212.5018   57.9757  9.3
 23.923 0805 Alaska-slab2-v3                                                                  212.3630   58.0250 11.1
 20.128 0806 Alaska-slab2-v3                                                                  212.2250   58.0764 12.5
 17.429 0807 Alaska-slab2-v3                                                                  212.0860   58.1278 13.4
 15.658 0808 Alaska-slab2-v3                                                                  211.9461   58.1791 14.1
 14.506 0809 Alaska-slab2-v3                                                                  211.8057   58.2304 14.5
 13.831 0810 Alaska-slab2-v3                                                                  211.6649   58.2816 14.7
 13.297 0811 Alaska-slab2-v3                                                                  211.5236   58.3327 14.9
 27.578 0838 Alaska-slab2-v3                                                                  212.2938   57.8339  8.9
 25.502 0839 Alaska-slab2-v3                                                                  212.1557   57.8839 10.5
 21.887 0840 Alaska-slab2-v3                                                                  212.0188   57.9358 11.8
 19.148 0841 Alaska-slab2-v3                                                                  211.8814   57.9880 12.8
 17.142 0842 Alaska-slab2-v3                                                                  211.7432   58.0402 13.5
 15.674 0843 Alaska-slab2-v3                                                                  211.6045   58.0922 14.0
 14.601 0844 Alaska-slab2-v3                                                                  211.4652   58.1442 14.4
 13.669 0845 Alaska-slab2-v3                                                                  211.3256   58.1960 14.7
 27.578 0872 Alaska-slab2-v3                                                                  212.0783   57.6978  8.4
 26.936 0873 Alaska-slab2-v3                                                                  211.9416   57.7490  9.9
 23.483 0874 Alaska-slab2-v3                                                                  211.8053   57.8010 11.1
 20.715 0875 Alaska-slab2-v3                                                                  211.6687   57.8535 12.1
 18.518 0876 Alaska-slab2-v3                                                                  211.5314   57.9059 12.8
 16.749 0877 Alaska-slab2-v3                                                                  211.3937   57.9582 13.5
 15.237 0878 Alaska-slab2-v3                                                                  211.2554   58.0104 14.0
 13.924 0879 Alaska-slab2-v3                                                                  211.1167   58.0625 14.4
 12.583 0880 Alaska-slab2-v3                                                                  210.9789   58.1152 14.9
 27.578 0905 Alaska-slab2-v3                                                                  211.8526   57.5663  8.1
 27.578 0906 Alaska-slab2-v3                                                                  211.7178   57.6189  9.4
 25.679 0907 Alaska-slab2-v3                                                                  211.5824   57.6714 10.6
 22.944 0908 Alaska-slab2-v3                                                                  211.4462   57.7238 11.5
 20.627 0909 Alaska-slab2-v3                                                                  211.3094   57.7761 12.4
 18.646 0910 Alaska-slab2-v3                                                                  211.1721   57.8283 13.1
 16.859 0911 Alaska-slab2-v3                                                                  211.0343   57.8803 13.7
 15.184 0912 Alaska-slab2-v3                                                                  210.8961   57.9322 14.3
 13.565 0913 Alaska-slab2-v3                                                                  210.7591   57.9852 14.9
 27.578 0939 Alaska-slab2-v3                                                                  211.4814   57.4929  9.1
 25.785 0940 Alaska-slab2-v3                                                                  211.3469   57.5459 10.2
 22.945 0941 Alaska-slab2-v3                                                                  211.2112   57.5983 11.2
 20.393 0942 Alaska-slab2-v3                                                                  211.0747   57.6504 12.1
 18.098 0943 Alaska-slab2-v3                                                                  210.9378   57.7023 12.9
 15.976 0944 Alaska-slab2-v3                                                                  210.8003   57.7542 13.7
 13.968 0945 Alaska-slab2-v3                                                                  210.6624   57.8059 14.4
 27.578 0972 Alaska-slab2-v3                                                                  211.2308   57.3710  9.0
 26.297 0973 Alaska-slab2-v3                                                                  211.0969   57.4240 10.1
 23.422 0974 Alaska-slab2-v3                                                                  210.9619   57.4765 11.1
 20.776 0975 Alaska-slab2-v3                                                                  210.8263   57.5288 12.1
 18.328 0976 Alaska-slab2-v3                                                                  210.6901   57.5810 12.9
 16.051 0977 Alaska-slab2-v3                                                                  210.5535   57.6331 13.7
 13.917 0978 Alaska-slab2-v3                                                                  210.4165   57.6851 14.5
 27.578 1004 Alaska-slab2-v3                                                                  210.9669   57.2526  9.2
 25.974 1005 Alaska-slab2-v3                                                                  210.8334   57.3056 10.3
 23.135 1006 Alaska-slab2-v3                                                                  210.7011   57.3598 11.3
 20.609 1007 Alaska-slab2-v3                                                                  210.5684   57.4139 12.2
 18.281 1008 Alaska-slab2-v3                                                                  210.4353   57.4680 13.0
 16.152 1009 Alaska-slab2-v3                                                                  210.3017   57.5220 13.7
 14.108 1010 Alaska-slab2-v3                                                                  210.1676   57.5759 14.5
 22.407 1035 Alaska-slab2-v3                                                                  210.8281   57.0879  8.2
 22.407 1036 Alaska-slab2-v3                                                                  210.6921   57.1379  9.5
 20.345 1037 Alaska-slab2-v3                                                                  210.5617   57.1925 10.6
 18.179 1038 Alaska-slab2-v3                                                                  210.4359   57.2507 11.6
 16.382 1039 Alaska-slab2-v3                                                                  210.3097   57.3090 12.3
 14.838 1040 Alaska-slab2-v3                                                                  210.1830   57.3673 13.0
 13.433 1041 Alaska-slab2-v3                                                                  210.0559   57.4255 13.6
 12.096 1042 Alaska-slab2-v3                                                                  209.9283   57.4835 14.2
 10.714 1043 Alaska-slab2-v3                                                                  209.8016   57.5422 14.8
 17.236 1066 Alaska-slab2-v3                                                                  210.5480   56.9808  8.4
 17.236 1067 Alaska-slab2-v3                                                                  210.4119   57.0299  9.8
 15.242 1068 Alaska-slab2-v3                                                                  210.2868   57.0872 10.9
 13.725 1069 Alaska-slab2-v3                                                                  210.1685   57.1498 11.8
 12.543 1070 Alaska-slab2-v3                                                                  210.0496   57.2125 12.4
 11.626 1071 Alaska-slab2-v3                                                                  209.9302   57.2750 12.9
 10.832 1072 Alaska-slab2-v3                                                                  209.8103   57.3375 13.4
 10.056 1073 Alaska-slab2-v3                                                                  209.6901   57.3999 13.8
  9.174 1074 Alaska-slab2-v3                                                                  209.5694   57.4622 14.3
  8.098 1075 Alaska-slab2-v3                                                                  209.4478   57.5238 14.9
 12.065 1096 Alaska-slab2-v3                                                                  210.2708   56.8864  8.3
 12.065 1097 Alaska-slab2-v3                                                                  210.1362   56.9367  9.6
 11.157 1098 Alaska-slab2-v3                                                                  210.0128   56.9950 10.7
 10.188 1099 Alaska-slab2-v3                                                                  209.8978   57.0594 11.5
  9.461 1100 Alaska-slab2-v3                                                                  209.7823   57.1238 12.1
  8.891 1101 Alaska-slab2-v3                                                                  209.6663   57.1881 12.6
  8.407 1102 Alaska-slab2-v3                                                                  209.5498   57.2524 13.0
  7.910 1103 Alaska-slab2-v3                                                                  209.4329   57.3166 13.4
  7.317 1104 Alaska-slab2-v3                                                                  209.3157   57.3806 13.9
  6.529 1105 Alaska-slab2-v3                                                                  209.1981   57.4444 14.5
  6.894 1126 Alaska-slab2-v3                                                                  209.8744   56.8602  9.1
  6.640 1127 Alaska-slab2-v3                                                                  209.7519   56.9196 10.1
  6.089 1128 Alaska-slab2-v3                                                                  209.6341   56.9823 10.9
  5.658 1129 Alaska-slab2-v3                                                                  209.5161   57.0452 11.5
  5.291 1130 Alaska-slab2-v3                                                                  209.3976   57.1080 12.0
  4.952 1131 Alaska-slab2-v3                                                                  209.2787   57.1707 12.5
  4.577 1132 Alaska-slab2-v3                                                                  209.1594   57.2333 13.0
  4.118 1133 Alaska-slab2-v3                                                                  209.0398   57.2957 13.7
  3.532 1134 Alaska-slab2-v3                                                                  208.9194   57.3575 14.5
  6.894 1155 Alaska-slab2-v3                                                                  209.6138   56.7850  8.6
  6.894 1156 Alaska-slab2-v3                                                                  209.4968   56.8478  9.5
  6.336 1157 Alaska-slab2-v3                                                                  209.3777   56.9096 10.4
  5.832 1158 Alaska-slab2-v3                                                                  209.2553   56.9697 11.1
  5.350 1159 Alaska-slab2-v3                                                                  209.1314   57.0291 11.7
  4.867 1160 Alaska-slab2-v3                                                                  209.0072   57.0883 12.4
  4.327 1161 Alaska-slab2-v3                                                                  208.8826   57.1474 13.1
  3.687 1162 Alaska-slab2-v3                                                                  208.7578   57.2063 14.0
  6.894 1183 Alaska-slab2-v3                                                                  209.3362   56.6985  8.4
  6.894 1184 Alaska-slab2-v3                                                                  209.2227   56.7631  9.3
  6.322 1185 Alaska-slab2-v3                                                                  209.1047   56.8252 10.2
  5.683 1186 Alaska-slab2-v3                                                                  208.9805   56.8838 11.0
  5.044 1187 Alaska-slab2-v3                                                                  208.8540   56.9412 11.9
  4.369 1188 Alaska-slab2-v3                                                                  208.7273   56.9984 12.8
  3.642 1189 Alaska-slab2-v3                                                                  208.6002   57.0555 13.8
  2.827 1190 Alaska-slab2-v3                                                                  208.4722   57.1118 14.9
  6.894 1210 Alaska-slab2-v3                                                                  209.0493   56.6043  8.6
  6.894 1211 Alaska-slab2-v3                                                                  208.9339   56.6675  9.7
  6.241 1212 Alaska-slab2-v3                                                                  208.8140   56.7282 10.7
  5.534 1213 Alaska-slab2-v3                                                                  208.6901   56.7867 11.7
  4.813 1214 Alaska-slab2-v3                                                                  208.5650   56.8445 12.7
  4.078 1215 Alaska-slab2-v3                                                                  208.4395   56.9022 13.7
  3.301 1216 Alaska-slab2-v3                                                                  208.3132   56.9594 14.8
  6.894 1236 Alaska-slab2-v3                                                                  208.8802   56.4447  8.1
  6.894 1237 Alaska-slab2-v3                                                                  208.7647   56.5072  9.4
  6.416 1238 Alaska-slab2-v3                                                                  208.6463   56.5684 10.6
  5.667 1239 Alaska-slab2-v3                                                                  208.5248   56.6279 11.7
  4.973 1240 Alaska-slab2-v3                                                                  208.4020   56.6869 12.7
  4.300 1241 Alaska-slab2-v3                                                                  208.2787   56.7458 13.7
  3.628 1242 Alaska-slab2-v3                                                                  208.1550   56.8045 14.6
  6.894 1262 Alaska-slab2-v3                                                                  208.5983   56.3460  8.8
  6.587 1263 Alaska-slab2-v3                                                                  208.4812   56.4069 10.4
  5.709 1264 Alaska-slab2-v3                                                                  208.3622   56.4673 11.7
  5.011 1265 Alaska-slab2-v3                                                                  208.2418   56.5275 12.7
  4.430 1266 Alaska-slab2-v3                                                                  208.1208   56.5876 13.5
  3.898 1267 Alaska-slab2-v3                                                                  207.9993   56.6476 14.3
  6.894 1287 Alaska-slab2-v3                                                                  208.3171   56.2446  9.4
  6.039 1288 Alaska-slab2-v3                                                                  208.2000   56.3048 11.1
  5.162 1289 Alaska-slab2-v3                                                                  208.0836   56.3666 12.4
  4.543 1290 Alaska-slab2-v3                                                                  207.9663   56.4286 13.3
  4.091 1291 Alaska-slab2-v3                                                                  207.8484   56.4905 13.9
  3.701 1292 Alaska-slab2-v3                                                                  207.7301   56.5524 14.5
  6.894 1312 Alaska-slab2-v3                                                                  208.0398   56.1434  9.6
  5.799 1313 Alaska-slab2-v3                                                                  207.9244   56.2042 11.4
  4.915 1314 Alaska-slab2-v3                                                                  207.8116   56.2679 12.6
  4.339 1315 Alaska-slab2-v3                                                                  207.6980   56.3317 13.5
  3.946 1316 Alaska-slab2-v3                                                                  207.5837   56.3957 14.0
  3.637 1317 Alaska-slab2-v3                                                                  207.4690   56.4595 14.5
  3.293 1318 Alaska-slab2-v3                                                                  207.3537   56.5231 14.9
  6.894 1336 Alaska-slab2-v3                                                                  207.7667   56.0430  9.5
  5.857 1337 Alaska-slab2-v3                                                                  207.6526   56.1043 11.3
  4.978 1338 Alaska-slab2-v3                                                                  207.5425   56.1693 12.5
  4.395 1339 Alaska-slab2-v3                                                                  207.4315   56.2344 13.4
  4.001 1340 Alaska-slab2-v3                                                                  207.3199   56.2996 13.9
  3.699 1341 Alaska-slab2-v3                                                                  207.2079   56.3648 14.4
  3.361 1342 Alaska-slab2-v3                                                                  207.0952   56.4297 14.8
  6.894 1360 Alaska-slab2-v3                                                                  207.4972   55.9427  9.3
  6.124 1361 Alaska-slab2-v3                                                                  207.3835   56.0042 11.0
  5.260 1362 Alaska-slab2-v3                                                                  207.2747   56.0698 12.2
  4.654 1363 Alaska-slab2-v3                                                                  207.1652   56.1355 13.1
  4.229 1364 Alaska-slab2-v3                                                                  207.0551   56.2013 13.7
  3.874 1365 Alaska-slab2-v3                                                                  206.9445   56.2670 14.2
  3.491 1366 Alaska-slab2-v3                                                                  206.8334   56.3326 14.8
  6.894 1384 Alaska-slab2-v3                                                                  207.2316   55.8425  9.0
  6.467 1385 Alaska-slab2-v3                                                                  207.1181   55.9043 10.6
  5.619 1386 Alaska-slab2-v3                                                                  207.0097   55.9699 11.9
  4.992 1387 Alaska-slab2-v3                                                                  206.9012   56.0360 12.8
  4.509 1388 Alaska-slab2-v3                                                                  206.7921   56.1021 13.5
  4.081 1389 Alaska-slab2-v3                                                                  206.6826   56.1682 14.1
  3.640 1390 Alaska-slab2-v3                                                                  206.5727   56.2341 14.7
  6.894 1407 Alaska-slab2-v3                                                                  206.9698   55.7423  8.7
  6.763 1408 Alaska-slab2-v3                                                                  206.8571   55.8047 10.2
  5.935 1409 Alaska-slab2-v3                                                                  206.7489   55.8703 11.4
  5.279 1410 Alaska-slab2-v3                                                                  206.6420   55.9370 12.3
  4.748 1411 Alaska-slab2-v3                                                                  206.5345   56.0037 13.1
  4.265 1412 Alaska-slab2-v3                                                                  206.4266   56.0704 13.8
  3.768 1413 Alaska-slab2-v3                                                                  206.3183   56.1369 14.5
  6.894 1430 Alaska-slab2-v3                                                                  206.7109   55.6415  8.3
  6.894 1431 Alaska-slab2-v3                                                                  206.5997   55.7049  9.7
  6.156 1432 Alaska-slab2-v3                                                                  206.4925   55.7709 10.9
  5.489 1433 Alaska-slab2-v3                                                                  206.3880   55.8387 11.8
  4.920 1434 Alaska-slab2-v3                                                                  206.2831   55.9065 12.6
  4.399 1435 Alaska-slab2-v3                                                                  206.1777   55.9743 13.4
  3.865 1436 Alaska-slab2-v3                                                                  206.0720   56.0420 14.1
  3.275 1437 Alaska-slab2-v3                                                                  205.9655   56.1092 15.0
