392.126 2160 Alaska-slab2-v3                                                                  195.9164   52.7538  8.8
126.063 2161 Alaska-slab2-v3                                                                  195.8277   52.8066 13.0
 20.905 2162 Alaska-slab2-v3                                                                  195.7503   52.8815 14.6
 48.854 2164 Alaska-slab2-v3                                                                  195.5985   53.0359 15.8
 26.810 2165 Alaska-slab2-v3                                                                  195.5310   53.1146 17.7
398.524 2175 Alaska-slab2-v3                                                                  195.6419   52.6846  8.7
142.375 2176 Alaska-slab2-v3                                                                  195.5535   52.7408 12.7
 33.687 2177 Alaska-slab2-v3                                                                  195.4769   52.8160 14.4
 65.792 2179 Alaska-slab2-v3                                                                  195.3277   52.9711 15.9
 46.022 2180 Alaska-slab2-v3                                                                  195.2615   53.0502 17.7
 22.471 2181 Alaska-slab2-v3                                                                  195.1957   53.1287 19.9
408.436 2190 Alaska-slab2-v3                                                                  195.3701   52.6129  8.4
166.709 2191 Alaska-slab2-v3                                                                  195.2821   52.6730 12.2
 50.654 2192 Alaska-slab2-v3                                                                  195.2065   52.7485 14.0
 64.186 2194 Alaska-slab2-v3                                                                  195.0595   52.9040 15.9
 44.680 2195 Alaska-slab2-v3                                                                  194.9946   52.9835 17.7
 22.013 2196 Alaska-slab2-v3                                                                  194.9299   53.0626 19.8
416.106 2205 Alaska-slab2-v3                                                                  195.1009   52.5389  8.2
189.791 2206 Alaska-slab2-v3                                                                  195.0141   52.6025 11.6
 65.873 2207 Alaska-slab2-v3                                                                  194.9402   52.6785 13.5
 63.507 2209 Alaska-slab2-v3                                                                  194.7952   52.8344 15.7
 44.289 2210 Alaska-slab2-v3                                                                  194.7309   52.9142 17.5
 21.979 2211 Alaska-slab2-v3                                                                  194.6671   52.9936 19.5
205.541 2221 Alaska-slab2-v3                                                                  194.7491   52.5299 11.1
 76.744 2222 Alaska-slab2-v3                                                                  194.6767   52.6063 13.1
 64.140 2224 Alaska-slab2-v3                                                                  194.5343   52.7630 15.4
 45.269 2225 Alaska-slab2-v3                                                                  194.4699   52.8428 17.1
 22.803 2226 Alaska-slab2-v3                                                                  194.4069   52.9224 19.1
212.096 2236 Alaska-slab2-v3                                                                  194.4852   52.4562 10.8
 81.417 2237 Alaska-slab2-v3                                                                  194.4138   52.5328 12.7
 65.066 2239 Alaska-slab2-v3                                                                  194.2746   52.6905 15.0
 46.738 2240 Alaska-slab2-v3                                                                  194.2100   52.7703 16.6
 24.056 2241 Alaska-slab2-v3                                                                  194.1478   52.8502 18.6
269.934 2251 Alaska-slab2-v3                                                                  194.2199   52.3821 10.5
148.174 2252 Alaska-slab2-v3                                                                  194.1497   52.4592 12.4
 70.866 2253 Alaska-slab2-v3                                                                  194.0814   52.5384 13.6
 47.868 2255 Alaska-slab2-v3                                                                  193.9493   52.6979 16.2
 25.102 2256 Alaska-slab2-v3                                                                  193.8879   52.7780 18.2
268.056 2266 Alaska-slab2-v3                                                                  193.9525   52.3094 10.4
145.442 2267 Alaska-slab2-v3                                                                  193.8835   52.3869 12.3
 68.481 2268 Alaska-slab2-v3                                                                  193.8169   52.4665 13.5
 48.370 2270 Alaska-slab2-v3                                                                  193.6866   52.6267 16.0
 25.900 2271 Alaska-slab2-v3                                                                  193.6262   52.7072 17.9
265.054 2280 Alaska-slab2-v3                                                                  193.6826   52.2395 10.4
142.671 2281 Alaska-slab2-v3                                                                  193.6149   52.3174 12.3
 66.754 2282 Alaska-slab2-v3                                                                  193.5495   52.3974 13.5
 48.683 2284 Alaska-slab2-v3                                                                  193.4213   52.5583 15.9
 26.241 2285 Alaska-slab2-v3                                                                  193.3621   52.6391 17.8
263.019 2294 Alaska-slab2-v3                                                                  193.4102   52.1732 10.5
140.320 2295 Alaska-slab2-v3                                                                  193.3439   52.2515 12.4
 65.265 2296 Alaska-slab2-v3                                                                  193.2795   52.3318 13.5
 48.655 2298 Alaska-slab2-v3                                                                  193.1537   52.4933 15.9
 26.163 2299 Alaska-slab2-v3                                                                  193.0957   52.5744 17.8
262.878 2308 Alaska-slab2-v3                                                                  193.1360   52.1104 10.6
140.851 2309 Alaska-slab2-v3                                                                  193.0709   52.1890 12.4
 66.855 2310 Alaska-slab2-v3                                                                  193.0074   52.2696 13.6
 48.577 2312 Alaska-slab2-v3                                                                  192.8841   52.4317 16.0
 25.876 2313 Alaska-slab2-v3                                                                  192.8274   52.5130 18.0
266.408 2322 Alaska-slab2-v3                                                                  192.8611   52.0507 10.5
144.548 2323 Alaska-slab2-v3                                                                  192.7969   52.1296 12.4
 69.357 2324 Alaska-slab2-v3                                                                  192.7344   52.2105 13.6
 48.571 2326 Alaska-slab2-v3                                                                  192.6135   52.3730 16.1
 25.515 2327 Alaska-slab2-v3                                                                  192.5579   52.4546 18.1
272.253 2336 Alaska-slab2-v3                                                                  192.5868   51.9938 10.3
151.179 2337 Alaska-slab2-v3                                                                  192.5234   52.0730 12.2
 72.644 2338 Alaska-slab2-v3                                                                  192.4622   52.1542 13.4
 49.464 2340 Alaska-slab2-v3                                                                  192.3430   52.3171 16.0
 26.021 2341 Alaska-slab2-v3                                                                  192.2883   52.3988 18.0
279.855 2350 Alaska-slab2-v3                                                                  192.3141   51.9389 10.0
159.054 2351 Alaska-slab2-v3                                                                  192.2517   52.0185 11.8
 76.507 2352 Alaska-slab2-v3                                                                  192.1922   52.1001 13.0
 51.228 2354 Alaska-slab2-v3                                                                  192.0749   52.2635 15.6
 27.337 2355 Alaska-slab2-v3                                                                  192.0201   52.3451 17.7
289.689 2364 Alaska-slab2-v3                                                                  192.0433   51.8843  9.5
170.201 2365 Alaska-slab2-v3                                                                  191.9823   51.9645 11.2
 81.280 2366 Alaska-slab2-v3                                                                  191.9245   52.0465 12.5
 73.887 2368 Alaska-slab2-v3                                                                  191.8094   52.2105 15.1
 53.008 2369 Alaska-slab2-v3                                                                  191.7544   52.2923 17.0
 27.802 2370 Alaska-slab2-v3                                                                  191.7002   52.3734 19.4
361.725 2378 Alaska-slab2-v3                                                                  191.7736   51.8283  9.0
255.489 2379 Alaska-slab2-v3                                                                  191.7145   51.9093 10.6
169.457 2380 Alaska-slab2-v3                                                                  191.6577   51.9915 12.0
 90.594 2381 Alaska-slab2-v3                                                                  191.6008   52.0738 13.2
 54.988 2383 Alaska-slab2-v3                                                                  191.4894   52.2379 16.3
 29.892 2384 Alaska-slab2-v3                                                                  191.4364   52.3195 18.6
371.535 2392 Alaska-slab2-v3                                                                  191.5042   51.7695  8.6
268.257 2393 Alaska-slab2-v3                                                                  191.4470   51.8512 10.1
178.391 2394 Alaska-slab2-v3                                                                  191.3907   51.9335 11.5
 92.548 2395 Alaska-slab2-v3                                                                  191.3344   52.0158 12.8
 55.049 2397 Alaska-slab2-v3                                                                  191.2237   52.1804 15.8
 30.749 2398 Alaska-slab2-v3                                                                  191.1719   52.2625 17.9
379.720 2405 Alaska-slab2-v3                                                                  191.2343   51.7071  8.3
280.514 2406 Alaska-slab2-v3                                                                  191.1788   51.7894  9.8
188.149 2407 Alaska-slab2-v3                                                                  191.1231   51.8718 11.1
 97.838 2408 Alaska-slab2-v3                                                                  191.0673   51.9542 12.4
 54.937 2410 Alaska-slab2-v3                                                                  190.9577   52.1189 15.5
 30.755 2411 Alaska-slab2-v3                                                                  190.9069   52.2013 17.6
381.389 2418 Alaska-slab2-v3                                                                  190.9645   51.6415  8.2
285.521 2419 Alaska-slab2-v3                                                                  190.9099   51.7241  9.6
193.821 2420 Alaska-slab2-v3                                                                  190.8552   51.8068 10.9
101.426 2421 Alaska-slab2-v3                                                                  190.8003   51.8894 12.2
 56.043 2423 Alaska-slab2-v3                                                                  190.6924   52.0543 15.4
 31.082 2424 Alaska-slab2-v3                                                                  190.6429   52.1369 17.5
379.443 2431 Alaska-slab2-v3                                                                  190.6952   51.5741  8.1
285.459 2432 Alaska-slab2-v3                                                                  190.6413   51.6569  9.5
194.982 2433 Alaska-slab2-v3                                                                  190.5875   51.7398 10.8
103.102 2434 Alaska-slab2-v3                                                                  190.5337   51.8227 12.1
 57.729 2436 Alaska-slab2-v3                                                                  190.4282   51.9881 15.3
 31.616 2437 Alaska-slab2-v3                                                                  190.3804   52.0708 17.6
378.462 2444 Alaska-slab2-v3                                                                  190.4265   51.5064  8.1
283.145 2445 Alaska-slab2-v3                                                                  190.3732   51.5893  9.5
193.436 2446 Alaska-slab2-v3                                                                  190.3203   51.6724 10.8
103.026 2447 Alaska-slab2-v3                                                                  190.2676   51.7556 12.1
 58.524 2449 Alaska-slab2-v3                                                                  190.1648   51.9215 15.4
 31.996 2450 Alaska-slab2-v3                                                                  190.1187   52.0044 17.6
377.922 2457 Alaska-slab2-v3                                                                  190.1579   51.4396  8.2
281.019 2458 Alaska-slab2-v3                                                                  190.1055   51.5226  9.6
191.037 2459 Alaska-slab2-v3                                                                  190.0536   51.6059 10.9
101.056 2460 Alaska-slab2-v3                                                                  190.0020   51.6893 12.2
 57.953 2462 Alaska-slab2-v3                                                                  189.9018   51.8558 15.5
 31.863 2463 Alaska-slab2-v3                                                                  189.8574   51.9391 17.8
379.313 2470 Alaska-slab2-v3                                                                  189.8891   51.3750  8.4
279.423 2471 Alaska-slab2-v3                                                                  189.8380   51.4582  9.9
188.982 2472 Alaska-slab2-v3                                                                  189.7873   51.5417 11.3
 99.890 2473 Alaska-slab2-v3                                                                  189.7369   51.6254 12.6
 57.096 2475 Alaska-slab2-v3                                                                  189.6395   51.7924 15.9
 31.443 2476 Alaska-slab2-v3                                                                  189.5966   51.8761 18.1
379.062 2483 Alaska-slab2-v3                                                                  189.6196   51.3137  8.8
274.852 2484 Alaska-slab2-v3                                                                  189.5703   51.3972 10.4
184.972 2485 Alaska-slab2-v3                                                                  189.5211   51.4810 11.7
 98.348 2486 Alaska-slab2-v3                                                                  189.4718   51.5649 13.1
 56.648 2488 Alaska-slab2-v3                                                                  189.3786   51.7326 16.5
 30.959 2489 Alaska-slab2-v3                                                                  189.3368   51.8163 18.8
307.281 2496 Alaska-slab2-v3                                                                  189.3493   51.2566  9.2
188.401 2497 Alaska-slab2-v3                                                                  189.3020   51.3403 10.9
 92.463 2498 Alaska-slab2-v3                                                                  189.2542   51.4244 12.3
 54.452 2500 Alaska-slab2-v3                                                                  189.1606   51.5928 15.2
 29.985 2501 Alaska-slab2-v3                                                                  189.1191   51.6771 17.3
240.139 2509 Alaska-slab2-v3                                                                  189.0781   51.2032  9.9
142.145 2510 Alaska-slab2-v3                                                                  189.0329   51.2871 11.7
 70.534 2511 Alaska-slab2-v3                                                                  188.9866   51.3716 13.0
 55.774 2513 Alaska-slab2-v3                                                                  188.8984   51.5409 16.0
 30.206 2514 Alaska-slab2-v3                                                                  188.8598   51.6253 18.3
133.242 2522 Alaska-slab2-v3                                                                  188.8060   51.1527 10.6
 52.345 2523 Alaska-slab2-v3                                                                  188.7626   51.2368 12.5
 52.829 2525 Alaska-slab2-v3                                                                  188.6752   51.4069 15.0
 29.855 2526 Alaska-slab2-v3                                                                  188.6360   51.4919 16.9
181.038 2534 Alaska-slab2-v3                                                                  188.5701   51.0230  8.1
 84.716 2535 Alaska-slab2-v3                                                                  188.5329   51.1043 11.4
 30.753 2536 Alaska-slab2-v3                                                                  188.4913   51.1887 13.2
 53.205 2538 Alaska-slab2-v3                                                                  188.4086   51.3599 15.6
 29.729 2539 Alaska-slab2-v3                                                                  188.3715   51.4450 17.6
102.825 2546 Alaska-slab2-v3                                                                  188.2929   50.9776  8.3
 43.999 2547 Alaska-slab2-v3                                                                  188.2584   51.0580 12.0
 14.827 2548 Alaska-slab2-v3                                                                  188.2186   51.1427 13.8
 53.077 2550 Alaska-slab2-v3                                                                  188.1402   51.3148 16.0
 28.951 2551 Alaska-slab2-v3                                                                  188.1045   51.3999 18.1
102.491 2558 Alaska-slab2-v3                                                                  188.0151   50.9341  8.5
 42.268 2559 Alaska-slab2-v3                                                                  187.9829   51.0142 12.3
 14.301 2560 Alaska-slab2-v3                                                                  187.9448   51.0992 14.0
 53.258 2562 Alaska-slab2-v3                                                                  187.8701   51.2717 16.3
 28.487 2563 Alaska-slab2-v3                                                                  187.8356   51.3569 18.5
103.664 2570 Alaska-slab2-v3                                                                  187.7371   50.8920  8.4
 44.472 2571 Alaska-slab2-v3                                                                  187.7070   50.9726 12.2
 16.301 2572 Alaska-slab2-v3                                                                  187.6702   51.0578 14.0
 53.973 2574 Alaska-slab2-v3                                                                  187.5990   51.2306 16.6
 28.425 2575 Alaska-slab2-v3                                                                  187.5659   51.3157 18.9
105.987 2582 Alaska-slab2-v3                                                                  187.4593   50.8505  8.3
 49.577 2583 Alaska-slab2-v3                                                                  187.4311   50.9322 11.8
 19.704 2584 Alaska-slab2-v3                                                                  187.3957   51.0176 13.7
 55.126 2586 Alaska-slab2-v3                                                                  187.3276   51.1904 16.6
 28.985 2587 Alaska-slab2-v3                                                                  187.2958   51.2756 19.0
108.333 2594 Alaska-slab2-v3                                                                  187.1815   50.8091  8.0
 55.452 2595 Alaska-slab2-v3                                                                  187.1553   50.8921 11.3
 23.145 2596 Alaska-slab2-v3                                                                  187.1217   50.9776 13.3
 55.290 2598 Alaska-slab2-v3                                                                  187.0563   51.1506 16.5
 29.627 2599 Alaska-slab2-v3                                                                  187.0262   51.2361 18.9
 60.171 2607 Alaska-slab2-v3                                                                  186.8792   50.8520 10.8
 25.741 2608 Alaska-slab2-v3                                                                  186.8480   50.9377 12.9
 53.011 2610 Alaska-slab2-v3                                                                  186.7857   51.1111 16.2
 28.957 2611 Alaska-slab2-v3                                                                  186.7578   51.1974 18.3
 62.858 2619 Alaska-slab2-v3                                                                  186.6029   50.8123 10.3
 27.374 2620 Alaska-slab2-v3                                                                  186.5747   50.8985 12.4
 49.013 2622 Alaska-slab2-v3                                                                  186.5161   51.0725 15.6
 26.855 2623 Alaska-slab2-v3                                                                  186.4904   51.1595 17.5
 79.767 2632 Alaska-slab2-v3                                                                  186.3261   50.7736  9.9
 48.209 2633 Alaska-slab2-v3                                                                  186.3013   50.8604 11.9
 23.312 2634 Alaska-slab2-v3                                                                  186.2741   50.9477 13.5
 48.198 2636 Alaska-slab2-v3                                                                  186.2236   51.1228 16.6
 25.918 2637 Alaska-slab2-v3                                                                  186.2002   51.2099 18.6
 76.244 2645 Alaska-slab2-v3                                                                  186.0487   50.7365  9.6
 45.379 2646 Alaska-slab2-v3                                                                  186.0271   50.8239 11.5
 21.855 2647 Alaska-slab2-v3                                                                  186.0035   50.9118 12.9
 47.400 2649 Alaska-slab2-v3                                                                  185.9571   51.0878 15.7
 25.087 2650 Alaska-slab2-v3                                                                  185.9348   51.1752 17.6
 86.341 2658 Alaska-slab2-v3                                                                  185.7703   50.7014  9.5
 58.833 2659 Alaska-slab2-v3                                                                  185.7512   50.7892 11.2
 38.798 2660 Alaska-slab2-v3                                                                  185.7307   50.8777 12.5
 21.148 2661 Alaska-slab2-v3                                                                  185.7100   50.9662 13.6
 48.173 2663 Alaska-slab2-v3                                                                  185.6675   51.1422 16.7
 24.823 2664 Alaska-slab2-v3                                                                  185.6451   51.2292 18.7
 81.556 2672 Alaska-slab2-v3                                                                  185.4912   50.6685  9.4
 53.820 2673 Alaska-slab2-v3                                                                  185.4736   50.7566 11.1
 34.670 2674 Alaska-slab2-v3                                                                  185.4549   50.8453 12.3
 18.821 2675 Alaska-slab2-v3                                                                  185.4362   50.9342 13.2
 49.890 2677 Alaska-slab2-v3                                                                  185.3969   51.1109 16.0
 25.943 2678 Alaska-slab2-v3                                                                  185.3752   51.1980 18.0
 80.025 2686 Alaska-slab2-v3                                                                  185.2117   50.6377  9.4
 52.016 2687 Alaska-slab2-v3                                                                  185.1952   50.7258 11.1
 32.677 2688 Alaska-slab2-v3                                                                  185.1776   50.8146 12.3
 17.172 2689 Alaska-slab2-v3                                                                  185.1598   50.9036 13.2
 48.893 2691 Alaska-slab2-v3                                                                  185.1230   51.0809 15.6
 26.373 2692 Alaska-slab2-v3                                                                  185.1026   51.1684 17.5
 81.881 2701 Alaska-slab2-v3                                                                  184.9321   50.6085  9.4
 53.379 2702 Alaska-slab2-v3                                                                  184.9167   50.6967 11.2
 32.785 2703 Alaska-slab2-v3                                                                  184.9002   50.7854 12.4
 16.475 2704 Alaska-slab2-v3                                                                  184.8836   50.8745 13.4
 65.845 2706 Alaska-slab2-v3                                                                  184.8487   51.0521 15.7
 47.907 2707 Alaska-slab2-v3                                                                  184.8291   51.1401 17.3
 25.704 2708 Alaska-slab2-v3                                                                  184.8091   51.2274 19.3
 84.381 2716 Alaska-slab2-v3                                                                  184.6522   50.5808  9.4
 55.496 2717 Alaska-slab2-v3                                                                  184.6381   50.6690 11.2
 33.915 2718 Alaska-slab2-v3                                                                  184.6230   50.7578 12.5
 16.552 2719 Alaska-slab2-v3                                                                  184.6078   50.8468 13.6
 61.835 2721 Alaska-slab2-v3                                                                  184.5748   51.0247 15.8
 45.405 2722 Alaska-slab2-v3                                                                  184.5556   51.1130 17.3
 24.978 2723 Alaska-slab2-v3                                                                  184.5363   51.2007 19.1
 85.903 2731 Alaska-slab2-v3                                                                  184.3720   50.5546  9.4
 57.053 2732 Alaska-slab2-v3                                                                  184.3591   50.6428 11.2
 34.812 2733 Alaska-slab2-v3                                                                  184.3452   50.7316 12.6
 16.923 2734 Alaska-slab2-v3                                                                  184.3312   50.8207 13.7
 59.254 2736 Alaska-slab2-v3                                                                  184.2999   50.9987 15.9
 43.460 2737 Alaska-slab2-v3                                                                  184.2813   51.0871 17.3
 23.970 2738 Alaska-slab2-v3                                                                  184.2627   51.1751 19.0
 85.989 2746 Alaska-slab2-v3                                                                  184.0914   50.5302  9.3
 57.326 2747 Alaska-slab2-v3                                                                  184.0794   50.6186 11.1
 35.303 2748 Alaska-slab2-v3                                                                  184.0666   50.7074 12.5
 17.327 2749 Alaska-slab2-v3                                                                  184.0536   50.7966 13.6
 59.226 2751 Alaska-slab2-v3                                                                  184.0244   50.9747 15.9
 42.849 2752 Alaska-slab2-v3                                                                  184.0065   51.0631 17.3
 23.331 2753 Alaska-slab2-v3                                                                  183.9887   51.1511 19.1
 85.033 2761 Alaska-slab2-v3                                                                  183.8105   50.5081  9.3
 56.852 2762 Alaska-slab2-v3                                                                  183.7994   50.5965 11.0
 35.389 2763 Alaska-slab2-v3                                                                  183.7875   50.6855 12.3
 17.858 2764 Alaska-slab2-v3                                                                  183.7755   50.7748 13.4
 61.676 2766 Alaska-slab2-v3                                                                  183.7487   50.9529 15.8
 44.086 2767 Alaska-slab2-v3                                                                  183.7317   51.0412 17.4
 23.379 2768 Alaska-slab2-v3                                                                  183.7146   51.1291 19.2
 84.005 2776 Alaska-slab2-v3                                                                  183.5292   50.4885  9.2
 56.114 2777 Alaska-slab2-v3                                                                  183.5191   50.5771 10.9
 35.362 2778 Alaska-slab2-v3                                                                  183.5081   50.6662 12.2
 18.096 2779 Alaska-slab2-v3                                                                  183.4970   50.7555 13.2
114.781 2781 Alaska-slab2-v3                                                                  183.4725   50.9336 15.6
 81.575 2782 Alaska-slab2-v3                                                                  183.4566   51.0218 17.4
 42.995 2783 Alaska-slab2-v3                                                                  183.4403   51.1095 19.4
 84.095 2791 Alaska-slab2-v3                                                                  183.2476   50.4719  9.2
 56.509 2792 Alaska-slab2-v3                                                                  183.2383   50.5605 10.8
 35.778 2793 Alaska-slab2-v3                                                                  183.2282   50.6497 12.1
 18.558 2794 Alaska-slab2-v3                                                                  183.2180   50.7391 13.1
172.155 2796 Alaska-slab2-v3                                                                  183.1956   50.9172 15.6
123.045 2797 Alaska-slab2-v3                                                                  183.1809   51.0053 17.4
 64.761 2798 Alaska-slab2-v3                                                                  183.1656   51.0928 19.6
 85.660 2806 Alaska-slab2-v3                                                                  182.9656   50.4585  9.1
 58.222 2807 Alaska-slab2-v3                                                                  182.9573   50.5472 10.7
 37.142 2808 Alaska-slab2-v3                                                                  182.9481   50.6364 12.0
 19.073 2809 Alaska-slab2-v3                                                                  182.9388   50.7258 13.0
159.456 2811 Alaska-slab2-v3                                                                  182.9181   50.9039 15.6
 87.367 2812 Alaska-slab2-v3                                                                  182.9046   50.9921 17.5
 88.380 2821 Alaska-slab2-v3                                                                  182.6836   50.4486  8.9
 61.315 2822 Alaska-slab2-v3                                                                  182.6763   50.5374 10.5
 39.429 2823 Alaska-slab2-v3                                                                  182.6679   50.6266 11.8
 20.048 2824 Alaska-slab2-v3                                                                  182.6593   50.7159 13.0
194.806 2826 Alaska-slab2-v3                                                                  182.6403   50.8941 15.6
108.011 2827 Alaska-slab2-v3                                                                  182.6279   50.9823 17.4
 91.375 2835 Alaska-slab2-v3                                                                  182.4019   50.4425  8.7
 65.052 2836 Alaska-slab2-v3                                                                  182.3958   50.5313 10.3
 42.250 2837 Alaska-slab2-v3                                                                  182.3882   50.6205 11.6
 21.461 2838 Alaska-slab2-v3                                                                  182.3801   50.7097 12.9
194.905 2840 Alaska-slab2-v3                                                                  182.3624   50.8878 15.6
107.584 2841 Alaska-slab2-v3                                                                  182.3512   50.9762 17.4
 93.914 2849 Alaska-slab2-v3                                                                  182.1201   50.4400  8.5
 68.363 2850 Alaska-slab2-v3                                                                  182.1156   50.5291 10.0
 45.350 2851 Alaska-slab2-v3                                                                  182.1090   50.6182 11.3
 23.182 2852 Alaska-slab2-v3                                                                  182.1013   50.7074 12.6
199.502 2854 Alaska-slab2-v3                                                                  182.0847   50.8853 15.6
109.125 2855 Alaska-slab2-v3                                                                  182.0745   50.9736 17.5
 95.374 2863 Alaska-slab2-v3                                                                  181.8380   50.4414  8.3
 70.762 2864 Alaska-slab2-v3                                                                  181.8349   50.5305  9.7
 47.687 2865 Alaska-slab2-v3                                                                  181.8294   50.6197 11.1
 24.955 2866 Alaska-slab2-v3                                                                  181.8222   50.7089 12.4
209.455 2868 Alaska-slab2-v3                                                                  181.8068   50.8865 15.6
113.039 2869 Alaska-slab2-v3                                                                  181.7974   50.9745 17.6
 96.266 2877 Alaska-slab2-v3                                                                  181.5553   50.4465  8.2
 72.114 2878 Alaska-slab2-v3                                                                  181.5532   50.5356  9.6
 49.161 2879 Alaska-slab2-v3                                                                  181.5486   50.6249 11.0
 26.036 2880 Alaska-slab2-v3                                                                  181.5422   50.7140 12.3
220.634 2882 Alaska-slab2-v3                                                                  181.5284   50.8914 15.7
118.446 2883 Alaska-slab2-v3                                                                  181.5199   50.9791 17.9
 97.191 2891 Alaska-slab2-v3                                                                  181.2723   50.4553  8.3
 72.893 2892 Alaska-slab2-v3                                                                  181.2705   50.5445  9.7
 49.945 2893 Alaska-slab2-v3                                                                  181.2666   50.6337 11.1
 26.660 2894 Alaska-slab2-v3                                                                  181.2612   50.7229 12.5
229.819 2896 Alaska-slab2-v3                                                                  181.2495   50.9001 16.0
123.679 2897 Alaska-slab2-v3                                                                  181.2423   50.9875 18.4
 98.072 2904 Alaska-slab2-v3                                                                  180.9893   50.4677  8.5
 73.022 2905 Alaska-slab2-v3                                                                  180.9876   50.5567 10.0
 49.937 2906 Alaska-slab2-v3                                                                  180.9842   50.6459 11.4
 26.687 2907 Alaska-slab2-v3                                                                  180.9801   50.7350 12.9
234.642 2909 Alaska-slab2-v3                                                                  180.9708   50.9120 16.5
127.711 2910 Alaska-slab2-v3                                                                  180.9650   50.9992 19.0
 98.283 2917 Alaska-slab2-v3                                                                  180.7065   50.4827  8.8
 72.327 2918 Alaska-slab2-v3                                                                  180.7050   50.5716 10.4
 49.379 2919 Alaska-slab2-v3                                                                  180.7024   50.6607 11.9
 26.589 2920 Alaska-slab2-v3                                                                  180.6995   50.7498 13.3
124.469 2922 Alaska-slab2-v3                                                                  180.6925   50.9266 17.1
 80.005 2930 Alaska-slab2-v3                                                                  180.4238   50.4994  9.1
 50.502 2931 Alaska-slab2-v3                                                                  180.4228   50.5882 10.8
 25.338 2932 Alaska-slab2-v3                                                                  180.4212   50.6773 12.2
230.022 2934 Alaska-slab2-v3                                                                  180.4175   50.8551 15.4
126.186 2935 Alaska-slab2-v3                                                                  180.4150   50.9429 17.7
 78.681 2942 Alaska-slab2-v3                                                                  180.1413   50.5169  9.3
 49.261 2943 Alaska-slab2-v3                                                                  180.1410   50.6056 11.0
 25.144 2944 Alaska-slab2-v3                                                                  180.1405   50.6948 12.4
238.927 2946 Alaska-slab2-v3                                                                  180.1393   50.8723 15.8
128.238 2947 Alaska-slab2-v3                                                                  180.1382   50.9596 18.2
 77.952 2954 Alaska-slab2-v3                                                                  179.8595   50.5313  9.4
 48.361 2955 Alaska-slab2-v3                                                                  179.8612   50.6200 11.2
 24.688 2956 Alaska-slab2-v3                                                                  179.8629   50.7092 12.6
245.602 2958 Alaska-slab2-v3                                                                  179.8659   50.8866 16.0
133.365 2959 Alaska-slab2-v3                                                                  179.8669   50.9737 18.5
 77.520 2966 Alaska-slab2-v3                                                                  179.5790   50.5430  9.6
 47.448 2967 Alaska-slab2-v3                                                                  179.5835   50.6316 11.4
 23.891 2968 Alaska-slab2-v3                                                                  179.5878   50.7207 12.8
249.863 2970 Alaska-slab2-v3                                                                  179.5964   50.8983 16.1
139.732 2971 Alaska-slab2-v3                                                                  179.6002   50.9854 18.6
 77.202 2978 Alaska-slab2-v3                                                                  179.2990   50.5579  9.7
 47.050 2979 Alaska-slab2-v3                                                                  179.3064   50.6463 11.5
 23.525 2980 Alaska-slab2-v3                                                                  179.3134   50.7354 12.9
129.633 2982 Alaska-slab2-v3                                                                  179.3273   50.9128 16.2
 76.996 2990 Alaska-slab2-v3                                                                  179.0199   50.5780  9.7
 47.053 2991 Alaska-slab2-v3                                                                  179.0302   50.6663 11.6
 24.020 2992 Alaska-slab2-v3                                                                  179.0398   50.7553 13.0
131.494 2994 Alaska-slab2-v3                                                                  179.0591   50.9323 16.4
 77.062 3002 Alaska-slab2-v3                                                                  178.7420   50.6040  9.8
 47.448 3003 Alaska-slab2-v3                                                                  178.7552   50.6922 11.6
 24.542 3004 Alaska-slab2-v3                                                                  178.7674   50.7810 13.0
133.524 3006 Alaska-slab2-v3                                                                  178.7922   50.9575 16.5
 77.778 3014 Alaska-slab2-v3                                                                  178.4654   50.6353  9.8
 48.327 3015 Alaska-slab2-v3                                                                  178.4815   50.7233 11.6
 25.384 3016 Alaska-slab2-v3                                                                  178.4964   50.8120 13.0
135.635 3018 Alaska-slab2-v3                                                                  178.5266   50.9878 16.7
 78.701 3025 Alaska-slab2-v3                                                                  178.1902   50.6710  9.8
 49.330 3026 Alaska-slab2-v3                                                                  178.2094   50.7588 11.6
 26.288 3027 Alaska-slab2-v3                                                                  178.2269   50.8472 13.0
137.628 3029 Alaska-slab2-v3                                                                  178.2624   51.0224 16.9
 80.054 3036 Alaska-slab2-v3                                                                  177.9160   50.7103  9.7
 50.663 3037 Alaska-slab2-v3                                                                  177.9384   50.7977 11.5
 27.118 3038 Alaska-slab2-v3                                                                  177.9585   50.8859 12.9
139.398 3040 Alaska-slab2-v3                                                                  177.9995   51.0605 16.9
 81.311 3047 Alaska-slab2-v3                                                                  177.6429   50.7524  9.6
 52.085 3048 Alaska-slab2-v3                                                                  177.6686   50.8395 11.3
 27.757 3049 Alaska-slab2-v3                                                                  177.6915   50.9274 12.8
141.048 3051 Alaska-slab2-v3                                                                  177.7381   51.1013 16.8
 82.324 3058 Alaska-slab2-v3                                                                  177.3704   50.7972  9.4
 53.123 3059 Alaska-slab2-v3                                                                  177.3997   50.8839 11.2
 28.211 3060 Alaska-slab2-v3                                                                  177.4254   50.9714 12.7
142.126 3062 Alaska-slab2-v3                                                                  177.4776   51.1447 16.7
 82.925 3069 Alaska-slab2-v3                                                                  177.0983   50.8445  9.2
 53.834 3070 Alaska-slab2-v3                                                                  177.1313   50.9307 11.0
 28.589 3071 Alaska-slab2-v3                                                                  177.1599   51.0179 12.5
143.663 3073 Alaska-slab2-v3                                                                  177.2180   51.1905 16.5
 82.975 3080 Alaska-slab2-v3                                                                  176.8266   50.8941  9.1
 54.018 3081 Alaska-slab2-v3                                                                  176.8631   50.9798 10.8
 28.448 3082 Alaska-slab2-v3                                                                  176.8947   51.0666 12.3
144.396 3084 Alaska-slab2-v3                                                                  176.9587   51.2385 16.3
 83.281 3091 Alaska-slab2-v3                                                                  176.5551   50.9460  9.0
 54.158 3092 Alaska-slab2-v3                                                                  176.5947   51.0311 10.8
 28.441 3093 Alaska-slab2-v3                                                                  176.6293   51.1174 12.3
144.265 3095 Alaska-slab2-v3                                                                  176.6995   51.2885 16.1
 84.061 3103 Alaska-slab2-v3                                                                  176.2839   50.9998  9.0
 54.852 3104 Alaska-slab2-v3                                                                  176.3264   51.0844 10.7
 28.530 3105 Alaska-slab2-v3                                                                  176.3640   51.1702 12.3
142.795 3107 Alaska-slab2-v3                                                                  176.4402   51.3404 16.1
