 90.340 1453 Alaska-slab2-v3                                                                  206.4544   55.5398  8.0
 90.340 1454 Alaska-slab2-v3                                                                  206.3461   55.6049  9.2
 90.340 1455 Alaska-slab2-v3                                                                  206.2403   55.6716 10.3
 90.340 1456 Alaska-slab2-v3                                                                  206.1377   55.7402 11.2
 90.340 1457 Alaska-slab2-v3                                                                  206.0354   55.8091 12.1
 90.340 1458 Alaska-slab2-v3                                                                  205.9326   55.8780 12.8
 90.340 1459 Alaska-slab2-v3                                                                  205.8296   55.9468 13.6
 90.340 1460 Alaska-slab2-v3                                                                  205.7260   56.0154 14.4
 90.340 1461 Alaska-slab2-v3                                                                  205.6208   56.0831 15.4
 88.891 1462 Alaska-slab2-v3                                                                  205.5137   56.1499 16.5
 82.092 1463 Alaska-slab2-v3                                                                  205.4060   56.2162 17.7
 74.569 1464 Alaska-slab2-v3                                                                  205.2980   56.2824 19.0
 66.376 1465 Alaska-slab2-v3                                                                  205.1880   56.3473 20.5
 57.403 1466 Alaska-slab2-v3                                                                  205.0754   56.4107 22.1
 47.539 1467 Alaska-slab2-v3                                                                  204.9622   56.4735 23.9
 36.783 1468 Alaska-slab2-v3                                                                  204.8488   56.5360 25.8
 25.135 1469 Alaska-slab2-v3                                                                  204.7352   56.5980 27.9
 90.340 1477 Alaska-slab2-v3                                                                  206.0955   55.5043  8.8
 90.340 1478 Alaska-slab2-v3                                                                  205.9916   55.5720  9.8
 90.340 1479 Alaska-slab2-v3                                                                  205.8897   55.6408 10.7
 90.340 1480 Alaska-slab2-v3                                                                  205.7890   55.7103 11.5
 90.340 1481 Alaska-slab2-v3                                                                  205.6879   55.7798 12.3
 90.340 1482 Alaska-slab2-v3                                                                  205.5864   55.8492 13.1
 90.340 1483 Alaska-slab2-v3                                                                  205.4847   55.9185 13.9
 90.340 1484 Alaska-slab2-v3                                                                  205.3819   55.9873 14.9
 90.340 1485 Alaska-slab2-v3                                                                  205.2773   56.0552 15.9
 90.340 1486 Alaska-slab2-v3                                                                  205.1714   56.1224 17.1
 85.333 1487 Alaska-slab2-v3                                                                  205.0654   56.1893 18.5
 77.538 1488 Alaska-slab2-v3                                                                  204.9581   56.2554 20.0
 68.814 1489 Alaska-slab2-v3                                                                  204.8480   56.3198 21.7
 59.367 1490 Alaska-slab2-v3                                                                  204.7365   56.3833 23.5
 49.300 1491 Alaska-slab2-v3                                                                  204.6253   56.4467 25.5
 38.614 1492 Alaska-slab2-v3                                                                  204.5147   56.5103 27.5
 26.999 1493 Alaska-slab2-v3                                                                  204.4054   56.5741 29.8
 90.340 1500 Alaska-slab2-v3                                                                  205.8458   55.4021  8.3
 90.340 1501 Alaska-slab2-v3                                                                  205.7450   55.4712  9.2
 90.340 1502 Alaska-slab2-v3                                                                  205.6444   55.5406 10.1
 90.340 1503 Alaska-slab2-v3                                                                  205.5441   55.6102 10.9
 90.340 1504 Alaska-slab2-v3                                                                  205.4433   55.6797 11.7
 90.340 1505 Alaska-slab2-v3                                                                  205.3421   55.7491 12.6
 90.340 1506 Alaska-slab2-v3                                                                  205.2407   55.8184 13.5
 90.340 1507 Alaska-slab2-v3                                                                  205.1389   55.8874 14.5
 90.340 1508 Alaska-slab2-v3                                                                  205.0361   55.9561 15.5
 86.955 1509 Alaska-slab2-v3                                                                  204.9326   56.0242 16.8
 79.345 1510 Alaska-slab2-v3                                                                  204.8290   56.0922 18.1
 70.728 1511 Alaska-slab2-v3                                                                  204.7246   56.1596 19.6
 61.104 1512 Alaska-slab2-v3                                                                  204.6178   56.2254 21.4
 50.584 1513 Alaska-slab2-v3                                                                  204.5092   56.2902 23.2
 39.505 1514 Alaska-slab2-v3                                                                  204.4009   56.3549 25.2
 27.810 1515 Alaska-slab2-v3                                                                  204.2935   56.4199 27.3
 14.772 1516 Alaska-slab2-v3                                                                  204.1874   56.4850 29.6
 90.340 1524 Alaska-slab2-v3                                                                  205.4988   55.3689  8.7
 90.340 1525 Alaska-slab2-v3                                                                  205.4008   55.4394  9.5
 90.340 1526 Alaska-slab2-v3                                                                  205.3016   55.5095 10.3
 90.340 1527 Alaska-slab2-v3                                                                  205.2007   55.5787 11.2
 90.340 1528 Alaska-slab2-v3                                                                  205.0989   55.6477 12.1
 90.340 1529 Alaska-slab2-v3                                                                  204.9969   55.7165 13.0
 90.340 1530 Alaska-slab2-v3                                                                  204.8945   55.7851 14.1
 90.340 1531 Alaska-slab2-v3                                                                  204.7926   55.8539 15.2
 88.726 1532 Alaska-slab2-v3                                                                  204.6915   55.9229 16.5
 80.711 1533 Alaska-slab2-v3                                                                  204.5907   55.9919 18.0
 71.972 1534 Alaska-slab2-v3                                                                  204.4894   56.0606 19.5
 62.398 1535 Alaska-slab2-v3                                                                  204.3862   56.1281 21.2
 52.045 1536 Alaska-slab2-v3                                                                  204.2814   56.1947 23.1
 40.856 1537 Alaska-slab2-v3                                                                  204.1770   56.2611 25.1
 28.611 1538 Alaska-slab2-v3                                                                  204.0733   56.3276 27.3
 15.085 1539 Alaska-slab2-v3                                                                  203.9708   56.3940 29.8
 90.340 1547 Alaska-slab2-v3                                                                  205.2584   55.2577  8.5
 90.340 1548 Alaska-slab2-v3                                                                  205.1624   55.3289  9.3
 90.340 1549 Alaska-slab2-v3                                                                  205.0641   55.3994 10.1
 90.340 1550 Alaska-slab2-v3                                                                  204.9633   55.4688 11.0
 90.340 1551 Alaska-slab2-v3                                                                  204.8619   55.5377 11.9
 90.340 1552 Alaska-slab2-v3                                                                  204.7602   55.6064 12.9
 90.340 1553 Alaska-slab2-v3                                                                  204.6582   55.6750 14.0
 90.340 1554 Alaska-slab2-v3                                                                  204.5570   55.7439 15.2
 88.783 1555 Alaska-slab2-v3                                                                  204.4571   55.8134 16.5
 80.939 1556 Alaska-slab2-v3                                                                  204.3577   55.8830 17.9
 72.428 1557 Alaska-slab2-v3                                                                  204.2578   55.9522 19.5
 63.083 1558 Alaska-slab2-v3                                                                  204.1566   56.0207 21.1
 52.903 1559 Alaska-slab2-v3                                                                  204.0543   56.0884 23.0
 41.777 1560 Alaska-slab2-v3                                                                  203.9523   56.1559 25.0
 29.483 1561 Alaska-slab2-v3                                                                  203.8510   56.2233 27.2
 15.632 1562 Alaska-slab2-v3                                                                  203.7509   56.2905 29.7
 73.402 1570 Alaska-slab2-v3                                                                  205.0209   55.1392  8.5
 73.402 1571 Alaska-slab2-v3                                                                  204.9251   55.2105  9.3
 73.402 1572 Alaska-slab2-v3                                                                  204.8280   55.2811 10.2
 73.402 1573 Alaska-slab2-v3                                                                  204.7290   55.3509 11.1
 73.402 1574 Alaska-slab2-v3                                                                  204.6291   55.4202 12.2
 73.402 1575 Alaska-slab2-v3                                                                  204.5289   55.4895 13.2
 73.402 1576 Alaska-slab2-v3                                                                  204.4284   55.5586 14.4
 73.402 1577 Alaska-slab2-v3                                                                  204.3282   55.6280 15.5
 70.969 1578 Alaska-slab2-v3                                                                  204.2284   55.6975 16.7
 65.195 1579 Alaska-slab2-v3                                                                  204.1285   55.7670 18.0
 58.739 1580 Alaska-slab2-v3                                                                  204.0284   55.8361 19.4
 51.374 1581 Alaska-slab2-v3                                                                  203.9276   55.9048 21.0
 43.145 1582 Alaska-slab2-v3                                                                  203.8262   55.9728 22.8
 34.280 1583 Alaska-slab2-v3                                                                  203.7250   56.0407 24.8
 24.641 1584 Alaska-slab2-v3                                                                  203.6245   56.1085 26.9
 13.366 1585 Alaska-slab2-v3                                                                  203.5252   56.1760 29.4
 56.463 1593 Alaska-slab2-v3                                                                  204.7814   55.0242  8.6
 56.463 1594 Alaska-slab2-v3                                                                  204.6865   55.0957  9.4
 56.463 1595 Alaska-slab2-v3                                                                  204.5900   55.1664 10.4
 56.463 1596 Alaska-slab2-v3                                                                  204.4918   55.2363 11.4
 56.463 1597 Alaska-slab2-v3                                                                  204.3930   55.3061 12.5
 56.463 1598 Alaska-slab2-v3                                                                  204.2939   55.3757 13.6
 56.463 1599 Alaska-slab2-v3                                                                  204.1944   55.4452 14.6
 56.463 1600 Alaska-slab2-v3                                                                  204.0949   55.5148 15.7
 53.935 1601 Alaska-slab2-v3                                                                  203.9952   55.5844 16.8
 49.791 1602 Alaska-slab2-v3                                                                  203.8953   55.6538 18.0
 45.086 1603 Alaska-slab2-v3                                                                  203.7952   55.7230 19.3
 39.573 1604 Alaska-slab2-v3                                                                  203.6949   55.7918 20.9
 33.323 1605 Alaska-slab2-v3                                                                  203.5945   55.8602 22.7
 26.511 1606 Alaska-slab2-v3                                                                  203.4941   55.9284 24.6
 19.137 1607 Alaska-slab2-v3                                                                  203.3944   55.9965 26.7
 10.464 1608 Alaska-slab2-v3                                                                  203.2960   56.0643 29.2
 39.524 1615 Alaska-slab2-v3                                                                  204.6288   54.8438  8.0
 39.524 1616 Alaska-slab2-v3                                                                  204.5354   54.9157  8.9
 39.524 1617 Alaska-slab2-v3                                                                  204.4412   54.9874  9.8
 39.524 1618 Alaska-slab2-v3                                                                  204.3449   55.0581 10.7
 39.524 1619 Alaska-slab2-v3                                                                  204.2470   55.1280 11.7
 39.524 1620 Alaska-slab2-v3                                                                  204.1487   55.1978 12.8
 39.524 1621 Alaska-slab2-v3                                                                  204.0501   55.2676 13.8
 39.524 1622 Alaska-slab2-v3                                                                  203.9512   55.3373 14.9
 39.524 1623 Alaska-slab2-v3                                                                  203.8522   55.4071 15.9
 37.560 1624 Alaska-slab2-v3                                                                  203.7530   55.4769 16.9
 34.786 1625 Alaska-slab2-v3                                                                  203.6535   55.5464 18.0
 31.595 1626 Alaska-slab2-v3                                                                  203.5539   55.6158 19.3
 27.863 1627 Alaska-slab2-v3                                                                  203.4542   55.6848 20.9
 23.518 1628 Alaska-slab2-v3                                                                  203.3545   55.7535 22.6
 18.682 1629 Alaska-slab2-v3                                                                  203.2551   55.8218 24.6
 13.306 1630 Alaska-slab2-v3                                                                  203.1565   55.8902 26.8
  7.144 1631 Alaska-slab2-v3                                                                  203.0593   55.9582 29.3
 22.585 1638 Alaska-slab2-v3                                                                  204.3707   54.7446  8.3
 22.585 1639 Alaska-slab2-v3                                                                  204.2784   54.8168  9.2
 22.585 1640 Alaska-slab2-v3                                                                  204.1843   54.8883 10.2
 22.585 1641 Alaska-slab2-v3                                                                  204.0877   54.9587 11.1
 22.585 1642 Alaska-slab2-v3                                                                  203.9900   55.0287 12.1
 22.585 1643 Alaska-slab2-v3                                                                  203.8920   55.0987 13.1
 22.585 1644 Alaska-slab2-v3                                                                  203.7936   55.1685 14.0
 22.585 1645 Alaska-slab2-v3                                                                  203.6951   55.2384 15.0
 22.585 1646 Alaska-slab2-v3                                                                  203.5966   55.3083 16.0
 21.573 1647 Alaska-slab2-v3                                                                  203.4980   55.3783 17.0
 20.006 1648 Alaska-slab2-v3                                                                  203.3992   55.4480 18.1
 18.204 1649 Alaska-slab2-v3                                                                  203.3003   55.5176 19.5
 16.083 1650 Alaska-slab2-v3                                                                  203.2013   55.5868 21.0
 13.615 1651 Alaska-slab2-v3                                                                  203.1024   55.6556 22.8
 10.731 1652 Alaska-slab2-v3                                                                  203.0041   55.7242 24.8
  7.459 1653 Alaska-slab2-v3                                                                  202.9070   55.7926 27.2
  3.868 1654 Alaska-slab2-v3                                                                  202.8114   55.8611 29.8
 22.585 1661 Alaska-slab2-v3                                                                  204.0996   54.6557  8.6
 22.585 1662 Alaska-slab2-v3                                                                  204.0074   54.7278  9.6
 22.585 1663 Alaska-slab2-v3                                                                  203.9128   54.7990 10.6
 22.585 1664 Alaska-slab2-v3                                                                  203.8162   54.8693 11.5
 22.585 1665 Alaska-slab2-v3                                                                  203.7191   54.9396 12.4
 22.585 1666 Alaska-slab2-v3                                                                  203.6216   55.0097 13.3
 22.585 1667 Alaska-slab2-v3                                                                  203.5239   55.0798 14.2
 22.585 1668 Alaska-slab2-v3                                                                  203.4259   55.1499 15.2
 22.585 1669 Alaska-slab2-v3                                                                  203.3280   55.2200 16.1
 21.973 1670 Alaska-slab2-v3                                                                  203.2299   55.2900 17.2
 20.357 1671 Alaska-slab2-v3                                                                  203.1316   55.3598 18.4
 18.499 1672 Alaska-slab2-v3                                                                  203.0333   55.4294 19.8
 16.345 1673 Alaska-slab2-v3                                                                  202.9351   55.4988 21.4
 13.800 1674 Alaska-slab2-v3                                                                  202.8373   55.5678 23.3
 10.744 1675 Alaska-slab2-v3                                                                  202.7407   55.6364 25.6
  7.311 1676 Alaska-slab2-v3                                                                  202.6455   55.7051 28.1
 22.585 1683 Alaska-slab2-v3                                                                  203.8178   54.5758  8.9
 22.585 1684 Alaska-slab2-v3                                                                  203.7246   54.6474 10.0
 22.585 1685 Alaska-slab2-v3                                                                  203.6297   54.7183 10.9
 22.585 1686 Alaska-slab2-v3                                                                  203.5336   54.7888 11.8
 22.585 1687 Alaska-slab2-v3                                                                  203.4371   54.8593 12.7
 22.585 1688 Alaska-slab2-v3                                                                  203.3403   54.9297 13.6
 22.585 1689 Alaska-slab2-v3                                                                  203.2432   55.0001 14.4
 22.585 1690 Alaska-slab2-v3                                                                  203.1459   55.0703 15.4
 22.208 1691 Alaska-slab2-v3                                                                  203.0485   55.1405 16.5
 20.548 1692 Alaska-slab2-v3                                                                  202.9509   55.2104 17.6
 18.665 1693 Alaska-slab2-v3                                                                  202.8532   55.2802 19.0
 16.503 1694 Alaska-slab2-v3                                                                  202.7559   55.3499 20.5
 13.992 1695 Alaska-slab2-v3                                                                  202.6592   55.4194 22.4
 11.034 1696 Alaska-slab2-v3                                                                  202.5631   55.4886 24.5
  7.603 1697 Alaska-slab2-v3                                                                  202.4685   55.5575 26.9
  3.864 1698 Alaska-slab2-v3                                                                  202.3756   55.6266 29.6
 22.585 1705 Alaska-slab2-v3                                                                  203.5301   54.5031  9.1
 22.585 1706 Alaska-slab2-v3                                                                  203.4363   54.5742 10.1
 22.585 1707 Alaska-slab2-v3                                                                  203.3410   54.6449 11.1
 22.585 1708 Alaska-slab2-v3                                                                  203.2450   54.7154 12.0
 22.585 1709 Alaska-slab2-v3                                                                  203.1487   54.7859 12.9
 22.585 1710 Alaska-slab2-v3                                                                  203.0520   54.8563 13.8
 22.585 1711 Alaska-slab2-v3                                                                  202.9552   54.9266 14.7
 22.585 1712 Alaska-slab2-v3                                                                  202.8585   54.9969 15.8
 22.585 1713 Alaska-slab2-v3                                                                  202.7619   55.0672 17.0
 21.185 1714 Alaska-slab2-v3                                                                  202.6652   55.1371 18.4
 19.100 1715 Alaska-slab2-v3                                                                  202.5690   55.2070 20.0
 16.716 1716 Alaska-slab2-v3                                                                  202.4738   55.2770 21.8
 14.006 1717 Alaska-slab2-v3                                                                  202.3793   55.3468 23.9
 10.957 1718 Alaska-slab2-v3                                                                  202.2853   55.4162 26.3
  7.531 1719 Alaska-slab2-v3                                                                  202.1930   55.4856 28.9
 22.585 1726 Alaska-slab2-v3                                                                  203.2397   54.4355  9.2
 22.585 1727 Alaska-slab2-v3                                                                  203.1452   54.5063 10.3
 22.585 1728 Alaska-slab2-v3                                                                  203.0494   54.5766 11.2
 22.585 1729 Alaska-slab2-v3                                                                  202.9530   54.6469 12.2
 22.585 1730 Alaska-slab2-v3                                                                  202.8563   54.7171 13.1
 22.585 1731 Alaska-slab2-v3                                                                  202.7593   54.7871 14.0
 22.585 1732 Alaska-slab2-v3                                                                  202.6628   54.8573 15.1
 22.585 1733 Alaska-slab2-v3                                                                  202.5671   54.9278 16.4
 21.596 1734 Alaska-slab2-v3                                                                  202.4718   54.9981 17.9
 19.353 1735 Alaska-slab2-v3                                                                  202.3770   55.0683 19.6
 16.820 1736 Alaska-slab2-v3                                                                  202.2835   55.1387 21.5
 14.023 1737 Alaska-slab2-v3                                                                  202.1910   55.2091 23.6
 10.989 1738 Alaska-slab2-v3                                                                  202.0984   55.2791 25.9
  7.652 1739 Alaska-slab2-v3                                                                  202.0066   55.3488 28.4
 22.585 1745 Alaska-slab2-v3                                                                  203.0409   54.3010  8.0
 22.585 1746 Alaska-slab2-v3                                                                  202.9467   54.3715  9.3
 22.585 1747 Alaska-slab2-v3                                                                  202.8513   54.4418 10.4
 22.585 1748 Alaska-slab2-v3                                                                  202.7548   54.5117 11.4
 22.585 1749 Alaska-slab2-v3                                                                  202.6578   54.5816 12.3
 22.585 1750 Alaska-slab2-v3                                                                  202.5605   54.6514 13.3
 22.585 1751 Alaska-slab2-v3                                                                  202.4631   54.7210 14.4
 22.585 1752 Alaska-slab2-v3                                                                  202.3673   54.7912 15.7
 22.027 1753 Alaska-slab2-v3                                                                  202.2731   54.8618 17.2
 19.662 1754 Alaska-slab2-v3                                                                  202.1793   54.9322 19.0
 16.988 1755 Alaska-slab2-v3                                                                  202.0871   55.0028 21.0
 14.044 1756 Alaska-slab2-v3                                                                  201.9965   55.0738 23.2
 10.899 1757 Alaska-slab2-v3                                                                  201.9059   55.1443 25.5
  7.553 1758 Alaska-slab2-v3                                                                  201.8150   55.2145 28.0
