  1.066 2160 Alaska-slab2-v3                                                                  195.9164   52.7538  8.8
  0.741 2161 Alaska-slab2-v3                                                                  195.8277   52.8066 13.0
  0.563 2162 Alaska-slab2-v3                                                                  195.7503   52.8815 14.6
  0.528 2163 Alaska-slab2-v3                                                                  195.6716   52.9580 15.0
  0.439 2164 Alaska-slab2-v3                                                                  195.5985   53.0359 15.8
  0.241 2165 Alaska-slab2-v3                                                                  195.5310   53.1146 17.7
  1.066 2175 Alaska-slab2-v3                                                                  195.6419   52.6846  8.7
  0.900 2176 Alaska-slab2-v3                                                                  195.5535   52.7408 12.7
  0.734 2177 Alaska-slab2-v3                                                                  195.4769   52.8160 14.4
  0.683 2178 Alaska-slab2-v3                                                                  195.3993   52.8928 14.9
  0.591 2179 Alaska-slab2-v3                                                                  195.3277   52.9711 15.9
  0.414 2180 Alaska-slab2-v3                                                                  195.2615   53.0502 17.7
  0.202 2181 Alaska-slab2-v3                                                                  195.1957   53.1287 19.9
  1.066 2190 Alaska-slab2-v3                                                                  195.3701   52.6129  8.4
  0.937 2191 Alaska-slab2-v3                                                                  195.2821   52.6730 12.2
  0.760 2192 Alaska-slab2-v3                                                                  195.2065   52.7485 14.0
  0.683 2193 Alaska-slab2-v3                                                                  195.1300   52.8254 14.8
  0.577 2194 Alaska-slab2-v3                                                                  195.0595   52.9040 15.9
  0.402 2195 Alaska-slab2-v3                                                                  194.9946   52.9835 17.7
  0.198 2196 Alaska-slab2-v3                                                                  194.9299   53.0626 19.8
  1.066 2205 Alaska-slab2-v3                                                                  195.1009   52.5389  8.2
  0.977 2206 Alaska-slab2-v3                                                                  195.0141   52.6025 11.6
  0.788 2207 Alaska-slab2-v3                                                                  194.9402   52.6785 13.5
  0.688 2208 Alaska-slab2-v3                                                                  194.8651   52.7557 14.6
  0.571 2209 Alaska-slab2-v3                                                                  194.7952   52.8344 15.7
  0.398 2210 Alaska-slab2-v3                                                                  194.7309   52.9142 17.5
  0.198 2211 Alaska-slab2-v3                                                                  194.6671   52.9936 19.5
  1.008 2221 Alaska-slab2-v3                                                                  194.7491   52.5299 11.1
  0.813 2222 Alaska-slab2-v3                                                                  194.6767   52.6063 13.1
  0.697 2223 Alaska-slab2-v3                                                                  194.6038   52.6841 14.2
  0.577 2224 Alaska-slab2-v3                                                                  194.5343   52.7630 15.4
  0.407 2225 Alaska-slab2-v3                                                                  194.4699   52.8428 17.1
  0.205 2226 Alaska-slab2-v3                                                                  194.4069   52.9224 19.1
  1.023 2236 Alaska-slab2-v3                                                                  194.4852   52.4562 10.8
  0.827 2237 Alaska-slab2-v3                                                                  194.4138   52.5328 12.7
  0.704 2238 Alaska-slab2-v3                                                                  194.3434   52.6114 13.9
  0.585 2239 Alaska-slab2-v3                                                                  194.2746   52.6905 15.0
  0.420 2240 Alaska-slab2-v3                                                                  194.2100   52.7703 16.6
  0.216 2241 Alaska-slab2-v3                                                                  194.1478   52.8502 18.6
  1.026 2251 Alaska-slab2-v3                                                                  194.2199   52.3821 10.5
  0.828 2252 Alaska-slab2-v3                                                                  194.1497   52.4592 12.4
  0.702 2253 Alaska-slab2-v3                                                                  194.0814   52.5384 13.6
  0.587 2254 Alaska-slab2-v3                                                                  194.0136   52.6179 14.7
  0.430 2255 Alaska-slab2-v3                                                                  193.9493   52.6979 16.2
  0.226 2256 Alaska-slab2-v3                                                                  193.8879   52.7780 18.2
  1.023 2266 Alaska-slab2-v3                                                                  193.9525   52.3094 10.4
  0.823 2267 Alaska-slab2-v3                                                                  193.8835   52.3869 12.3
  0.697 2268 Alaska-slab2-v3                                                                  193.8169   52.4665 13.5
  0.586 2269 Alaska-slab2-v3                                                                  193.7501   52.5464 14.6
  0.435 2270 Alaska-slab2-v3                                                                  193.6866   52.6267 16.0
  0.233 2271 Alaska-slab2-v3                                                                  193.6262   52.7072 17.9
  1.017 2280 Alaska-slab2-v3                                                                  193.6826   52.2395 10.4
  0.818 2281 Alaska-slab2-v3                                                                  193.6149   52.3174 12.3
  0.694 2282 Alaska-slab2-v3                                                                  193.5495   52.3974 13.5
  0.585 2283 Alaska-slab2-v3                                                                  193.4838   52.4776 14.5
  0.438 2284 Alaska-slab2-v3                                                                  193.4213   52.5583 15.9
  0.236 2285 Alaska-slab2-v3                                                                  193.3621   52.6391 17.8
  1.014 2294 Alaska-slab2-v3                                                                  193.4102   52.1732 10.5
  0.814 2295 Alaska-slab2-v3                                                                  193.3439   52.2515 12.4
  0.692 2296 Alaska-slab2-v3                                                                  193.2795   52.3318 13.5
  0.585 2297 Alaska-slab2-v3                                                                  193.2149   52.4124 14.5
  0.437 2298 Alaska-slab2-v3                                                                  193.1537   52.4933 15.9
  0.235 2299 Alaska-slab2-v3                                                                  193.0957   52.5744 17.8
  1.015 2308 Alaska-slab2-v3                                                                  193.1360   52.1104 10.6
  0.816 2309 Alaska-slab2-v3                                                                  193.0709   52.1890 12.4
  0.696 2310 Alaska-slab2-v3                                                                  193.0074   52.2696 13.6
  0.587 2311 Alaska-slab2-v3                                                                  192.9440   52.3504 14.6
  0.437 2312 Alaska-slab2-v3                                                                  192.8841   52.4317 16.0
  0.233 2313 Alaska-slab2-v3                                                                  192.8274   52.5130 18.0
  1.025 2322 Alaska-slab2-v3                                                                  192.8611   52.0507 10.5
  0.827 2323 Alaska-slab2-v3                                                                  192.7969   52.1296 12.4
  0.705 2324 Alaska-slab2-v3                                                                  192.7344   52.2105 13.6
  0.592 2325 Alaska-slab2-v3                                                                  192.6722   52.2915 14.6
  0.437 2326 Alaska-slab2-v3                                                                  192.6135   52.3730 16.1
  0.229 2327 Alaska-slab2-v3                                                                  192.5579   52.4546 18.1
  1.043 2336 Alaska-slab2-v3                                                                  192.5868   51.9938 10.3
  0.848 2337 Alaska-slab2-v3                                                                  192.5234   52.0730 12.2
  0.722 2338 Alaska-slab2-v3                                                                  192.4622   52.1542 13.4
  0.605 2339 Alaska-slab2-v3                                                                  192.4010   52.2355 14.5
  0.445 2340 Alaska-slab2-v3                                                                  192.3430   52.3171 16.0
  0.234 2341 Alaska-slab2-v3                                                                  192.2883   52.3988 18.0
  1.066 2350 Alaska-slab2-v3                                                                  192.3141   51.9389 10.0
  0.875 2351 Alaska-slab2-v3                                                                  192.2517   52.0185 11.8
  0.744 2352 Alaska-slab2-v3                                                                  192.1922   52.1001 13.0
  0.622 2353 Alaska-slab2-v3                                                                  192.1325   52.1817 14.1
  0.460 2354 Alaska-slab2-v3                                                                  192.0749   52.2635 15.6
  0.246 2355 Alaska-slab2-v3                                                                  192.0201   52.3451 17.7
  1.066 2364 Alaska-slab2-v3                                                                  192.0433   51.8843  9.5
  1.042 2365 Alaska-slab2-v3                                                                  191.9823   51.9645 11.2
  0.918 2366 Alaska-slab2-v3                                                                  191.9245   52.0465 12.5
  0.804 2367 Alaska-slab2-v3                                                                  191.8665   52.1286 13.7
  0.664 2368 Alaska-slab2-v3                                                                  191.8094   52.2105 15.1
  0.476 2369 Alaska-slab2-v3                                                                  191.7544   52.2923 17.0
  0.250 2370 Alaska-slab2-v3                                                                  191.7002   52.3734 19.4
  1.066 2378 Alaska-slab2-v3                                                                  191.7736   51.8283  9.0
  1.066 2379 Alaska-slab2-v3                                                                  191.7145   51.9093 10.6
  0.933 2380 Alaska-slab2-v3                                                                  191.6577   51.9915 12.0
  0.812 2381 Alaska-slab2-v3                                                                  191.6008   52.0738 13.2
  0.673 2382 Alaska-slab2-v3                                                                  191.5442   52.1559 14.6
  0.494 2383 Alaska-slab2-v3                                                                  191.4894   52.2379 16.3
  0.269 2384 Alaska-slab2-v3                                                                  191.4364   52.3195 18.6
  1.066 2392 Alaska-slab2-v3                                                                  191.5042   51.7695  8.6
  1.066 2393 Alaska-slab2-v3                                                                  191.4470   51.8512 10.1
  0.943 2394 Alaska-slab2-v3                                                                  191.3907   51.9335 11.5
  0.810 2395 Alaska-slab2-v3                                                                  191.3344   52.0158 12.8
  0.668 2396 Alaska-slab2-v3                                                                  191.2780   52.0980 14.1
  0.495 2397 Alaska-slab2-v3                                                                  191.2237   52.1804 15.8
  0.276 2398 Alaska-slab2-v3                                                                  191.1719   52.2625 17.9
  1.066 2405 Alaska-slab2-v3                                                                  191.2343   51.7071  8.3
  1.066 2406 Alaska-slab2-v3                                                                  191.1788   51.7894  9.8
  0.959 2407 Alaska-slab2-v3                                                                  191.1231   51.8718 11.1
  0.820 2408 Alaska-slab2-v3                                                                  191.0673   51.9542 12.4
  0.669 2409 Alaska-slab2-v3                                                                  191.0114   52.0365 13.9
  0.494 2410 Alaska-slab2-v3                                                                  190.9577   52.1189 15.5
  0.276 2411 Alaska-slab2-v3                                                                  190.9069   52.2013 17.6
  1.066 2418 Alaska-slab2-v3                                                                  190.9645   51.6415  8.2
  1.066 2419 Alaska-slab2-v3                                                                  190.9099   51.7241  9.6
  0.982 2420 Alaska-slab2-v3                                                                  190.8552   51.8068 10.9
  0.841 2421 Alaska-slab2-v3                                                                  190.8003   51.8894 12.2
  0.687 2422 Alaska-slab2-v3                                                                  190.7453   51.9718 13.7
  0.504 2423 Alaska-slab2-v3                                                                  190.6924   52.0543 15.4
  0.279 2424 Alaska-slab2-v3                                                                  190.6429   52.1369 17.5
  1.066 2431 Alaska-slab2-v3                                                                  190.6952   51.5741  8.1
  1.066 2432 Alaska-slab2-v3                                                                  190.6413   51.6569  9.5
  1.001 2433 Alaska-slab2-v3                                                                  190.5875   51.7398 10.8
  0.863 2434 Alaska-slab2-v3                                                                  190.5337   51.8227 12.1
  0.708 2435 Alaska-slab2-v3                                                                  190.4798   51.9054 13.5
  0.519 2436 Alaska-slab2-v3                                                                  190.4282   51.9881 15.3
  0.284 2437 Alaska-slab2-v3                                                                  190.3804   52.0708 17.6
  1.066 2444 Alaska-slab2-v3                                                                  190.4265   51.5064  8.1
  1.066 2445 Alaska-slab2-v3                                                                  190.3732   51.5893  9.5
  1.005 2446 Alaska-slab2-v3                                                                  190.3203   51.6724 10.8
  0.870 2447 Alaska-slab2-v3                                                                  190.2676   51.7556 12.1
  0.716 2448 Alaska-slab2-v3                                                                  190.2149   51.8385 13.5
  0.526 2449 Alaska-slab2-v3                                                                  190.1648   51.9215 15.4
  0.288 2450 Alaska-slab2-v3                                                                  190.1187   52.0044 17.6
  1.066 2457 Alaska-slab2-v3                                                                  190.1579   51.4396  8.2
  1.066 2458 Alaska-slab2-v3                                                                  190.1055   51.5226  9.6
  0.996 2459 Alaska-slab2-v3                                                                  190.0536   51.6059 10.9
  0.861 2460 Alaska-slab2-v3                                                                  190.0020   51.6893 12.2
  0.710 2461 Alaska-slab2-v3                                                                  189.9504   51.7725 13.7
  0.521 2462 Alaska-slab2-v3                                                                  189.9018   51.8558 15.5
  0.286 2463 Alaska-slab2-v3                                                                  189.8574   51.9391 17.8
  1.066 2470 Alaska-slab2-v3                                                                  189.8891   51.3750  8.4
  1.066 2471 Alaska-slab2-v3                                                                  189.8380   51.4582  9.9
  0.984 2472 Alaska-slab2-v3                                                                  189.7873   51.5417 11.3
  0.849 2473 Alaska-slab2-v3                                                                  189.7369   51.6254 12.6
  0.698 2474 Alaska-slab2-v3                                                                  189.6864   51.7088 14.1
  0.513 2475 Alaska-slab2-v3                                                                  189.6395   51.7924 15.9
  0.283 2476 Alaska-slab2-v3                                                                  189.5966   51.8761 18.1
  1.066 2483 Alaska-slab2-v3                                                                  189.6196   51.3137  8.8
  1.066 2484 Alaska-slab2-v3                                                                  189.5703   51.3972 10.4
  0.975 2485 Alaska-slab2-v3                                                                  189.5211   51.4810 11.7
  0.844 2486 Alaska-slab2-v3                                                                  189.4718   51.5649 13.1
  0.695 2487 Alaska-slab2-v3                                                                  189.4233   51.6486 14.6
  0.509 2488 Alaska-slab2-v3                                                                  189.3786   51.7326 16.5
  0.278 2489 Alaska-slab2-v3                                                                  189.3368   51.8163 18.8
  1.066 2496 Alaska-slab2-v3                                                                  189.3493   51.2566  9.2
  0.953 2497 Alaska-slab2-v3                                                                  189.3020   51.3403 10.9
  0.804 2498 Alaska-slab2-v3                                                                  189.2542   51.4244 12.3
  0.661 2499 Alaska-slab2-v3                                                                  189.2063   51.5085 13.6
  0.489 2500 Alaska-slab2-v3                                                                  189.1606   51.5928 15.2
  0.270 2501 Alaska-slab2-v3                                                                  189.1191   51.6771 17.3
  1.066 2509 Alaska-slab2-v3                                                                  189.0781   51.2032  9.9
  0.945 2510 Alaska-slab2-v3                                                                  189.0329   51.2871 11.7
  0.809 2511 Alaska-slab2-v3                                                                  188.9866   51.3716 13.0
  0.676 2512 Alaska-slab2-v3                                                                  188.9407   51.4562 14.3
  0.501 2513 Alaska-slab2-v3                                                                  188.8984   51.5409 16.0
  0.272 2514 Alaska-slab2-v3                                                                  188.8598   51.6253 18.3
  0.959 2522 Alaska-slab2-v3                                                                  188.8060   51.1527 10.6
  0.752 2523 Alaska-slab2-v3                                                                  188.7626   51.2368 12.5
  0.618 2524 Alaska-slab2-v3                                                                  188.7182   51.3218 13.7
  0.475 2525 Alaska-slab2-v3                                                                  188.6752   51.4069 15.0
  0.268 2526 Alaska-slab2-v3                                                                  188.6360   51.4919 16.9
  1.066 2534 Alaska-slab2-v3                                                                  188.5701   51.0230  8.1
  0.925 2535 Alaska-slab2-v3                                                                  188.5329   51.1043 11.4
  0.727 2536 Alaska-slab2-v3                                                                  188.4913   51.1887 13.2
  0.615 2537 Alaska-slab2-v3                                                                  188.4488   51.2742 14.3
  0.478 2538 Alaska-slab2-v3                                                                  188.4086   51.3599 15.6
  0.267 2539 Alaska-slab2-v3                                                                  188.3715   51.4450 17.6
  1.066 2546 Alaska-slab2-v3                                                                  188.2929   50.9776  8.3
  0.894 2547 Alaska-slab2-v3                                                                  188.2584   51.0580 12.0
  0.707 2548 Alaska-slab2-v3                                                                  188.2186   51.1427 13.8
  0.612 2549 Alaska-slab2-v3                                                                  188.1783   51.2288 14.7
  0.477 2550 Alaska-slab2-v3                                                                  188.1402   51.3148 16.0
  0.260 2551 Alaska-slab2-v3                                                                  188.1045   51.3999 18.1
  1.066 2558 Alaska-slab2-v3                                                                  188.0151   50.9341  8.5
  0.891 2559 Alaska-slab2-v3                                                                  187.9829   51.0142 12.3
  0.712 2560 Alaska-slab2-v3                                                                  187.9448   51.0992 14.0
  0.621 2561 Alaska-slab2-v3                                                                  187.9064   51.1856 14.9
  0.479 2562 Alaska-slab2-v3                                                                  187.8701   51.2717 16.3
  0.256 2563 Alaska-slab2-v3                                                                  187.8356   51.3569 18.5
  1.066 2570 Alaska-slab2-v3                                                                  187.7371   50.8920  8.4
  0.922 2571 Alaska-slab2-v3                                                                  187.7070   50.9726 12.2
  0.745 2572 Alaska-slab2-v3                                                                  187.6702   51.0578 14.0
  0.642 2573 Alaska-slab2-v3                                                                  187.6335   51.1444 15.0
  0.485 2574 Alaska-slab2-v3                                                                  187.5990   51.2306 16.6
  0.255 2575 Alaska-slab2-v3                                                                  187.5659   51.3157 18.9
  1.066 2582 Alaska-slab2-v3                                                                  187.4593   50.8505  8.3
  0.971 2583 Alaska-slab2-v3                                                                  187.4311   50.9322 11.8
  0.786 2584 Alaska-slab2-v3                                                                  187.3957   51.0176 13.7
  0.665 2585 Alaska-slab2-v3                                                                  187.3605   51.1042 14.9
  0.495 2586 Alaska-slab2-v3                                                                  187.3276   51.1904 16.6
  0.261 2587 Alaska-slab2-v3                                                                  187.2958   51.2756 19.0
  1.066 2594 Alaska-slab2-v3                                                                  187.1815   50.8091  8.0
  1.013 2595 Alaska-slab2-v3                                                                  187.1553   50.8921 11.3
  0.814 2596 Alaska-slab2-v3                                                                  187.1217   50.9776 13.3
  0.671 2597 Alaska-slab2-v3                                                                  187.0879   51.0642 14.8
  0.497 2598 Alaska-slab2-v3                                                                  187.0563   51.1506 16.5
  0.266 2599 Alaska-slab2-v3                                                                  187.0262   51.2361 18.9
  1.026 2607 Alaska-slab2-v3                                                                  186.8792   50.8520 10.8
  0.811 2608 Alaska-slab2-v3                                                                  186.8480   50.9377 12.9
  0.650 2609 Alaska-slab2-v3                                                                  186.8157   51.0243 14.5
  0.476 2610 Alaska-slab2-v3                                                                  186.7857   51.1111 16.2
  0.260 2611 Alaska-slab2-v3                                                                  186.7578   51.1974 18.3
  1.015 2619 Alaska-slab2-v3                                                                  186.6029   50.8123 10.3
  0.788 2620 Alaska-slab2-v3                                                                  186.5747   50.8985 12.4
  0.613 2621 Alaska-slab2-v3                                                                  186.5444   50.9853 14.0
  0.441 2622 Alaska-slab2-v3                                                                  186.5161   51.0725 15.6
  0.241 2623 Alaska-slab2-v3                                                                  186.4904   51.1595 17.5
  1.066 2632 Alaska-slab2-v3                                                                  186.3261   50.7736  9.9
  0.914 2633 Alaska-slab2-v3                                                                  186.3013   50.8604 11.9
  0.754 2634 Alaska-slab2-v3                                                                  186.2741   50.9477 13.5
  0.604 2635 Alaska-slab2-v3                                                                  186.2478   51.0353 15.0
  0.433 2636 Alaska-slab2-v3                                                                  186.2236   51.1228 16.6
  0.233 2637 Alaska-slab2-v3                                                                  186.2002   51.2099 18.6
  1.066 2645 Alaska-slab2-v3                                                                  186.0487   50.7365  9.6
  0.886 2646 Alaska-slab2-v3                                                                  186.0271   50.8239 11.5
  0.733 2647 Alaska-slab2-v3                                                                  186.0035   50.9118 12.9
  0.591 2648 Alaska-slab2-v3                                                                  185.9799   50.9999 14.2
  0.426 2649 Alaska-slab2-v3                                                                  185.9571   51.0878 15.7
  0.225 2650 Alaska-slab2-v3                                                                  185.9348   51.1752 17.6
  1.066 2658 Alaska-slab2-v3                                                                  185.7703   50.7014  9.5
  0.989 2659 Alaska-slab2-v3                                                                  185.7512   50.7892 11.2
  0.861 2660 Alaska-slab2-v3                                                                  185.7307   50.8777 12.5
  0.748 2661 Alaska-slab2-v3                                                                  185.7100   50.9662 13.6
  0.612 2662 Alaska-slab2-v3                                                                  185.6891   51.0545 14.9
  0.433 2663 Alaska-slab2-v3                                                                  185.6675   51.1422 16.7
  0.223 2664 Alaska-slab2-v3                                                                  185.6451   51.2292 18.7
  1.066 2672 Alaska-slab2-v3                                                                  185.4912   50.6685  9.4
  0.960 2673 Alaska-slab2-v3                                                                  185.4736   50.7566 11.1
  0.838 2674 Alaska-slab2-v3                                                                  185.4549   50.8453 12.3
  0.736 2675 Alaska-slab2-v3                                                                  185.4362   50.9342 13.2
  0.616 2676 Alaska-slab2-v3                                                                  185.4172   51.0229 14.4
  0.448 2677 Alaska-slab2-v3                                                                  185.3969   51.1109 16.0
  0.233 2678 Alaska-slab2-v3                                                                  185.3752   51.1980 18.0
  1.066 2686 Alaska-slab2-v3                                                                  185.2117   50.6377  9.4
  0.930 2687 Alaska-slab2-v3                                                                  185.1952   50.7258 11.1
  0.804 2688 Alaska-slab2-v3                                                                  185.1776   50.8146 12.3
  0.704 2689 Alaska-slab2-v3                                                                  185.1598   50.9036 13.2
  0.592 2690 Alaska-slab2-v3                                                                  185.1420   50.9925 14.2
  0.439 2691 Alaska-slab2-v3                                                                  185.1230   51.0809 15.6
  0.237 2692 Alaska-slab2-v3                                                                  185.1026   51.1684 17.5
  1.066 2701 Alaska-slab2-v3                                                                  184.9321   50.6085  9.4
  1.035 2702 Alaska-slab2-v3                                                                  184.9167   50.6967 11.2
  0.912 2703 Alaska-slab2-v3                                                                  184.9002   50.7854 12.4
  0.815 2704 Alaska-slab2-v3                                                                  184.8836   50.8745 13.4
  0.717 2705 Alaska-slab2-v3                                                                  184.8668   50.9635 14.4
  0.592 2706 Alaska-slab2-v3                                                                  184.8487   51.0521 15.7
  0.431 2707 Alaska-slab2-v3                                                                  184.8291   51.1401 17.3
  0.231 2708 Alaska-slab2-v3                                                                  184.8091   51.2274 19.3
  1.066 2716 Alaska-slab2-v3                                                                  184.6522   50.5808  9.4
  1.015 2717 Alaska-slab2-v3                                                                  184.6381   50.6690 11.2
  0.882 2718 Alaska-slab2-v3                                                                  184.6230   50.7578 12.5
  0.775 2719 Alaska-slab2-v3                                                                  184.6078   50.8468 13.6
  0.674 2720 Alaska-slab2-v3                                                                  184.5923   50.9359 14.6
  0.556 2721 Alaska-slab2-v3                                                                  184.5748   51.0247 15.8
  0.408 2722 Alaska-slab2-v3                                                                  184.5556   51.1130 17.3
  0.225 2723 Alaska-slab2-v3                                                                  184.5363   51.2007 19.1
  1.066 2731 Alaska-slab2-v3                                                                  184.3720   50.5546  9.4
  1.007 2732 Alaska-slab2-v3                                                                  184.3591   50.6428 11.2
  0.868 2733 Alaska-slab2-v3                                                                  184.3452   50.7316 12.6
  0.756 2734 Alaska-slab2-v3                                                                  184.3312   50.8207 13.7
  0.650 2735 Alaska-slab2-v3                                                                  184.3167   50.9099 14.7
  0.533 2736 Alaska-slab2-v3                                                                  184.2999   50.9987 15.9
  0.391 2737 Alaska-slab2-v3                                                                  184.2813   51.0871 17.3
  0.215 2738 Alaska-slab2-v3                                                                  184.2627   51.1751 19.0
  1.066 2746 Alaska-slab2-v3                                                                  184.0914   50.5302  9.3
  1.012 2747 Alaska-slab2-v3                                                                  184.0794   50.6186 11.1
  0.875 2748 Alaska-slab2-v3                                                                  184.0666   50.7074 12.5
  0.763 2749 Alaska-slab2-v3                                                                  184.0536   50.7966 13.6
  0.655 2750 Alaska-slab2-v3                                                                  184.0402   50.8858 14.6
  0.532 2751 Alaska-slab2-v3                                                                  184.0244   50.9747 15.9
  0.385 2752 Alaska-slab2-v3                                                                  184.0065   51.0631 17.3
  0.210 2753 Alaska-slab2-v3                                                                  183.9887   51.1511 19.1
  1.066 2761 Alaska-slab2-v3                                                                  183.8105   50.5081  9.3
  1.031 2762 Alaska-slab2-v3                                                                  183.7994   50.5965 11.0
  0.900 2763 Alaska-slab2-v3                                                                  183.7875   50.6855 12.3
  0.792 2764 Alaska-slab2-v3                                                                  183.7755   50.7748 13.4
  0.683 2765 Alaska-slab2-v3                                                                  183.7633   50.8640 14.5
  0.554 2766 Alaska-slab2-v3                                                                  183.7487   50.9529 15.8
  0.396 2767 Alaska-slab2-v3                                                                  183.7317   51.0412 17.4
  0.210 2768 Alaska-slab2-v3                                                                  183.7146   51.1291 19.2
  1.866 2776 Alaska-slab2-v3                                                                  183.5292   50.4885  9.2
  1.849 2777 Alaska-slab2-v3                                                                  183.5191   50.5771 10.9
  1.634 2778 Alaska-slab2-v3                                                                  183.5081   50.6662 12.2
  1.454 2779 Alaska-slab2-v3                                                                  183.4970   50.7555 13.2
  1.266 2780 Alaska-slab2-v3                                                                  183.4859   50.8448 14.3
  1.032 2781 Alaska-slab2-v3                                                                  183.4725   50.9336 15.6
  0.733 2782 Alaska-slab2-v3                                                                  183.4566   51.0218 17.4
  0.386 2783 Alaska-slab2-v3                                                                  183.4403   51.1095 19.4
  2.665 2791 Alaska-slab2-v3                                                                  183.2476   50.4719  9.2
  2.665 2792 Alaska-slab2-v3                                                                  183.2383   50.5605 10.8
  2.408 2793 Alaska-slab2-v3                                                                  183.2282   50.6497 12.1
  2.159 2794 Alaska-slab2-v3                                                                  183.2180   50.7391 13.1
  1.889 2795 Alaska-slab2-v3                                                                  183.2078   50.8284 14.2
  1.547 2796 Alaska-slab2-v3                                                                  183.1956   50.9172 15.6
  1.106 2797 Alaska-slab2-v3                                                                  183.1809   51.0053 17.4
  0.582 2798 Alaska-slab2-v3                                                                  183.1656   51.0928 19.6
  3.465 2806 Alaska-slab2-v3                                                                  182.9656   50.4585  9.1
  3.162 2807 Alaska-slab2-v3                                                                  182.9573   50.5472 10.7
  2.719 2808 Alaska-slab2-v3                                                                  182.9481   50.6364 12.0
  2.338 2809 Alaska-slab2-v3                                                                  182.9388   50.7258 13.0
  1.937 2810 Alaska-slab2-v3                                                                  182.9294   50.8151 14.2
  1.433 2811 Alaska-slab2-v3                                                                  182.9181   50.9039 15.6
  0.785 2812 Alaska-slab2-v3                                                                  182.9046   50.9921 17.5
  4.265 2821 Alaska-slab2-v3                                                                  182.6836   50.4486  8.9
  3.966 2822 Alaska-slab2-v3                                                                  182.6763   50.5374 10.5
  3.398 2823 Alaska-slab2-v3                                                                  182.6679   50.6266 11.8
  2.895 2824 Alaska-slab2-v3                                                                  182.6593   50.7159 13.0
  2.375 2825 Alaska-slab2-v3                                                                  182.6507   50.8052 14.2
  1.751 2826 Alaska-slab2-v3                                                                  182.6403   50.8941 15.6
  0.971 2827 Alaska-slab2-v3                                                                  182.6279   50.9823 17.4
  4.265 2835 Alaska-slab2-v3                                                                  182.4019   50.4425  8.7
  4.076 2836 Alaska-slab2-v3                                                                  182.3958   50.5313 10.3
  3.486 2837 Alaska-slab2-v3                                                                  182.3882   50.6205 11.6
  2.949 2838 Alaska-slab2-v3                                                                  182.3801   50.7097 12.9
  2.394 2839 Alaska-slab2-v3                                                                  182.3720   50.7989 14.1
  1.752 2840 Alaska-slab2-v3                                                                  182.3624   50.8878 15.6
  0.967 2841 Alaska-slab2-v3                                                                  182.3512   50.9762 17.4
  4.265 2849 Alaska-slab2-v3                                                                  182.1201   50.4400  8.5
  4.217 2850 Alaska-slab2-v3                                                                  182.1156   50.5291 10.0
  3.630 2851 Alaska-slab2-v3                                                                  182.1090   50.6182 11.3
  3.063 2852 Alaska-slab2-v3                                                                  182.1013   50.7074 12.6
  2.472 2853 Alaska-slab2-v3                                                                  182.0936   50.7965 14.0
  1.793 2854 Alaska-slab2-v3                                                                  182.0847   50.8853 15.6
  0.981 2855 Alaska-slab2-v3                                                                  182.0745   50.9736 17.5
  4.265 2863 Alaska-slab2-v3                                                                  181.8380   50.4414  8.3
  4.265 2864 Alaska-slab2-v3                                                                  181.8349   50.5305  9.7
  3.795 2865 Alaska-slab2-v3                                                                  181.8294   50.6197 11.1
  3.227 2866 Alaska-slab2-v3                                                                  181.8222   50.7089 12.4
  2.604 2867 Alaska-slab2-v3                                                                  181.8150   50.7979 13.9
  1.883 2868 Alaska-slab2-v3                                                                  181.8068   50.8865 15.6
  1.016 2869 Alaska-slab2-v3                                                                  181.7974   50.9745 17.6
  4.265 2877 Alaska-slab2-v3                                                                  181.5553   50.4465  8.2
  4.265 2878 Alaska-slab2-v3                                                                  181.5532   50.5356  9.6
  3.945 2879 Alaska-slab2-v3                                                                  181.5486   50.6249 11.0
  3.382 2880 Alaska-slab2-v3                                                                  181.5422   50.7140 12.3
  2.747 2881 Alaska-slab2-v3                                                                  181.5358   50.8030 13.9
  1.983 2882 Alaska-slab2-v3                                                                  181.5284   50.8914 15.7
  1.065 2883 Alaska-slab2-v3                                                                  181.5199   50.9791 17.9
  4.265 2891 Alaska-slab2-v3                                                                  181.2723   50.4553  8.3
  4.265 2892 Alaska-slab2-v3                                                                  181.2705   50.5445  9.7
  4.042 2893 Alaska-slab2-v3                                                                  181.2666   50.6337 11.1
  3.485 2894 Alaska-slab2-v3                                                                  181.2612   50.7229 12.5
  2.846 2895 Alaska-slab2-v3                                                                  181.2558   50.8118 14.1
  2.066 2896 Alaska-slab2-v3                                                                  181.2495   50.9001 16.0
  1.112 2897 Alaska-slab2-v3                                                                  181.2423   50.9875 18.4
  4.265 2904 Alaska-slab2-v3                                                                  180.9893   50.4677  8.5
  4.265 2905 Alaska-slab2-v3                                                                  180.9876   50.5567 10.0
  4.078 2906 Alaska-slab2-v3                                                                  180.9842   50.6459 11.4
  3.525 2907 Alaska-slab2-v3                                                                  180.9801   50.7350 12.9
  2.891 2908 Alaska-slab2-v3                                                                  180.9758   50.8239 14.5
  2.109 2909 Alaska-slab2-v3                                                                  180.9708   50.9120 16.5
  1.148 2910 Alaska-slab2-v3                                                                  180.9650   50.9992 19.0
  4.265 2917 Alaska-slab2-v3                                                                  180.7065   50.4827  8.8
  4.011 2918 Alaska-slab2-v3                                                                  180.7050   50.5716 10.4
  3.382 2919 Alaska-slab2-v3                                                                  180.7024   50.6607 11.9
  2.758 2920 Alaska-slab2-v3                                                                  180.6995   50.7498 13.3
  2.029 2921 Alaska-slab2-v3                                                                  180.6963   50.8386 15.0
  1.119 2922 Alaska-slab2-v3                                                                  180.6925   50.9266 17.1
  4.265 2930 Alaska-slab2-v3                                                                  180.4238   50.4994  9.1
  4.026 2931 Alaska-slab2-v3                                                                  180.4228   50.5882 10.8
  3.419 2932 Alaska-slab2-v3                                                                  180.4212   50.6773 12.2
  2.808 2933 Alaska-slab2-v3                                                                  180.4195   50.7664 13.7
  2.067 2934 Alaska-slab2-v3                                                                  180.4175   50.8551 15.4
  1.134 2935 Alaska-slab2-v3                                                                  180.4150   50.9429 17.7
  4.265 2942 Alaska-slab2-v3                                                                  180.1413   50.5169  9.3
  4.085 2943 Alaska-slab2-v3                                                                  180.1410   50.6056 11.0
  3.514 2944 Alaska-slab2-v3                                                                  180.1405   50.6948 12.4
  2.920 2945 Alaska-slab2-v3                                                                  180.1401   50.7839 13.9
  2.148 2946 Alaska-slab2-v3                                                                  180.1393   50.8723 15.8
  1.153 2947 Alaska-slab2-v3                                                                  180.1382   50.9596 18.2
  4.265 2954 Alaska-slab2-v3                                                                  179.8595   50.5313  9.4
  4.110 2955 Alaska-slab2-v3                                                                  179.8612   50.6200 11.2
  3.557 2956 Alaska-slab2-v3                                                                  179.8629   50.7092 12.6
  2.979 2957 Alaska-slab2-v3                                                                  179.8646   50.7983 14.0
  2.208 2958 Alaska-slab2-v3                                                                  179.8659   50.8866 16.0
  1.199 2959 Alaska-slab2-v3                                                                  179.8669   50.9737 18.5
  4.265 2966 Alaska-slab2-v3                                                                  179.5790   50.5430  9.6
  4.085 2967 Alaska-slab2-v3                                                                  179.5835   50.6316 11.4
  3.533 2968 Alaska-slab2-v3                                                                  179.5878   50.7207 12.8
  2.974 2969 Alaska-slab2-v3                                                                  179.5922   50.8098 14.2
  2.246 2970 Alaska-slab2-v3                                                                  179.5964   50.8983 16.1
  1.256 2971 Alaska-slab2-v3                                                                  179.6002   50.9854 18.6
  4.133 2978 Alaska-slab2-v3                                                                  179.2990   50.5579  9.7
  3.304 2979 Alaska-slab2-v3                                                                  179.3064   50.6463 11.5
  2.658 2980 Alaska-slab2-v3                                                                  179.3134   50.7354 12.9
  2.012 2981 Alaska-slab2-v3                                                                  179.3204   50.8244 14.3
  1.165 2982 Alaska-slab2-v3                                                                  179.3273   50.9128 16.2
  4.152 2990 Alaska-slab2-v3                                                                  179.0199   50.5780  9.7
  3.334 2991 Alaska-slab2-v3                                                                  179.0302   50.6663 11.6
  2.705 2992 Alaska-slab2-v3                                                                  179.0398   50.7553 13.0
  2.049 2993 Alaska-slab2-v3                                                                  179.0494   50.8442 14.4
  1.182 2994 Alaska-slab2-v3                                                                  179.0591   50.9323 16.4
  4.194 3002 Alaska-slab2-v3                                                                  178.7420   50.6040  9.8
  3.392 3003 Alaska-slab2-v3                                                                  178.7552   50.6922 11.6
  2.772 3004 Alaska-slab2-v3                                                                  178.7674   50.7810 13.0
  2.108 3005 Alaska-slab2-v3                                                                  178.7798   50.8697 14.5
  1.200 3006 Alaska-slab2-v3                                                                  178.7922   50.9575 16.5
  4.247 3014 Alaska-slab2-v3                                                                  178.4654   50.6353  9.8
  3.456 3015 Alaska-slab2-v3                                                                  178.4815   50.7233 11.6
  2.840 3016 Alaska-slab2-v3                                                                  178.4964   50.8120 13.0
  2.159 3017 Alaska-slab2-v3                                                                  178.5114   50.9004 14.6
  1.219 3018 Alaska-slab2-v3                                                                  178.5266   50.9878 16.7
  4.265 3025 Alaska-slab2-v3                                                                  178.1902   50.6710  9.8
  3.521 3026 Alaska-slab2-v3                                                                  178.2094   50.7588 11.6
  2.907 3027 Alaska-slab2-v3                                                                  178.2269   50.8472 13.0
  2.206 3028 Alaska-slab2-v3                                                                  178.2445   50.9354 14.6
  1.237 3029 Alaska-slab2-v3                                                                  178.2624   51.0224 16.9
  4.265 3036 Alaska-slab2-v3                                                                  177.9160   50.7103  9.7
  3.582 3037 Alaska-slab2-v3                                                                  177.9384   50.7977 11.5
  2.958 3038 Alaska-slab2-v3                                                                  177.9585   50.8859 12.9
  2.239 3039 Alaska-slab2-v3                                                                  177.9788   50.9738 14.6
  1.253 3040 Alaska-slab2-v3                                                                  177.9995   51.0605 16.9
  4.265 3047 Alaska-slab2-v3                                                                  177.6429   50.7524  9.6
  3.639 3048 Alaska-slab2-v3                                                                  177.6686   50.8395 11.3
  2.997 3049 Alaska-slab2-v3                                                                  177.6915   50.9274 12.8
  2.264 3050 Alaska-slab2-v3                                                                  177.7145   51.0150 14.5
  1.268 3051 Alaska-slab2-v3                                                                  177.7381   51.1013 16.8
  4.265 3058 Alaska-slab2-v3                                                                  177.3704   50.7972  9.4
  3.680 3059 Alaska-slab2-v3                                                                  177.3997   50.8839 11.2
  3.024 3060 Alaska-slab2-v3                                                                  177.4254   50.9714 12.7
  2.281 3061 Alaska-slab2-v3                                                                  177.4512   51.0587 14.4
  1.277 3062 Alaska-slab2-v3                                                                  177.4776   51.1447 16.7
  4.265 3069 Alaska-slab2-v3                                                                  177.0983   50.8445  9.2
  3.711 3070 Alaska-slab2-v3                                                                  177.1313   50.9307 11.0
  3.048 3071 Alaska-slab2-v3                                                                  177.1599   51.0179 12.5
  2.297 3072 Alaska-slab2-v3                                                                  177.1886   51.1048 14.2
  1.291 3073 Alaska-slab2-v3                                                                  177.2180   51.1905 16.5
  4.265 3080 Alaska-slab2-v3                                                                  176.8266   50.8941  9.1
  3.720 3081 Alaska-slab2-v3                                                                  176.8631   50.9798 10.8
  3.049 3082 Alaska-slab2-v3                                                                  176.8947   51.0666 12.3
  2.302 3083 Alaska-slab2-v3                                                                  176.9263   51.1531 14.0
  1.298 3084 Alaska-slab2-v3                                                                  176.9587   51.2385 16.3
  4.265 3091 Alaska-slab2-v3                                                                  176.5551   50.9460  9.0
  3.706 3092 Alaska-slab2-v3                                                                  176.5947   51.0311 10.8
  3.029 3093 Alaska-slab2-v3                                                                  176.6293   51.1174 12.3
  2.279 3094 Alaska-slab2-v3                                                                  176.6639   51.2036 13.9
  1.297 3095 Alaska-slab2-v3                                                                  176.6995   51.2885 16.1
  4.265 3103 Alaska-slab2-v3                                                                  176.2839   50.9998  9.0
  3.693 3104 Alaska-slab2-v3                                                                  176.3264   51.0844 10.7
  2.995 3105 Alaska-slab2-v3                                                                  176.3640   51.1702 12.3
  2.238 3106 Alaska-slab2-v3                                                                  176.4015   51.2558 14.0
  1.283 3107 Alaska-slab2-v3                                                                  176.4402   51.3404 16.1
