 34.564 0010 Alaska-slab2-v3                                                                  220.6551   61.0581  8.4
 34.564 0011 Alaska-slab2-v3                                                                  220.6343   61.1471  9.3
 30.657 0012 Alaska-slab2-v3                                                                  220.6074   61.2353 10.4
 26.177 0013 Alaska-slab2-v3                                                                  220.5693   61.3225 11.6
 21.253 0014 Alaska-slab2-v3                                                                  220.5225   61.4090 12.9
 16.032 0015 Alaska-slab2-v3                                                                  220.4743   61.4951 14.3
 69.127 0034 Alaska-slab2-v3                                                                  220.2091   61.0718  8.6
 68.696 0035 Alaska-slab2-v3                                                                  220.1755   61.1598  9.7
 60.432 0036 Alaska-slab2-v3                                                                  220.1353   61.2470 10.8
 51.234 0037 Alaska-slab2-v3                                                                  220.0881   61.3334 12.1
 41.462 0038 Alaska-slab2-v3                                                                  220.0377   61.4193 13.5
 31.186 0039 Alaska-slab2-v3                                                                  219.9860   61.5050 14.9
103.691 0057 Alaska-slab2-v3                                                                  219.7710   61.0555  8.5
102.377 0058 Alaska-slab2-v3                                                                  219.7270   61.1425  9.6
 89.566 0059 Alaska-slab2-v3                                                                  219.6794   61.2289 10.8
 75.660 0060 Alaska-slab2-v3                                                                  219.6278   61.3148 12.0
 60.988 0061 Alaska-slab2-v3                                                                  219.5751   61.4004 13.4
 45.768 0062 Alaska-slab2-v3                                                                  219.5215   61.4859 14.8
138.254 0079 Alaska-slab2-v3                                                                  219.3506   61.0087  8.2
138.254 0080 Alaska-slab2-v3                                                                  219.2976   61.0947  9.1
131.941 0081 Alaska-slab2-v3                                                                  219.2445   61.1805 10.2
115.058 0082 Alaska-slab2-v3                                                                  219.1907   61.2661 11.4
 96.757 0083 Alaska-slab2-v3                                                                  219.1363   61.3516 12.7
 77.746 0084 Alaska-slab2-v3                                                                  219.0817   61.4369 14.0
172.818 0101 Alaska-slab2-v3                                                                  218.8900   61.0211  8.6
171.061 0102 Alaska-slab2-v3                                                                  218.8295   61.1059  9.4
152.013 0103 Alaska-slab2-v3                                                                  218.7707   61.1909 10.5
130.191 0104 Alaska-slab2-v3                                                                  218.7137   61.2761 11.6
106.335 0105 Alaska-slab2-v3                                                                  218.6566   61.3611 12.9
 81.000 0106 Alaska-slab2-v3                                                                  218.5991   61.4460 14.3
172.818 0121 Alaska-slab2-v3                                                                  218.5043   60.9250  8.0
172.818 0122 Alaska-slab2-v3                                                                  218.4369   61.0086  8.8
163.722 0123 Alaska-slab2-v3                                                                  218.3694   61.0923  9.6
145.531 0124 Alaska-slab2-v3                                                                  218.3052   61.1764 10.6
123.549 0125 Alaska-slab2-v3                                                                  218.2444   61.2609 11.7
 97.589 0126 Alaska-slab2-v3                                                                  218.1834   61.3453 13.1
 68.028 0127 Alaska-slab2-v3                                                                  218.1209   61.4290 14.6
172.818 0140 Alaska-slab2-v3                                                                  218.0664   60.8965  8.1
172.818 0141 Alaska-slab2-v3                                                                  217.9921   60.9788  8.8
172.818 0142 Alaska-slab2-v3                                                                  217.9176   61.0610  9.6
161.273 0143 Alaska-slab2-v3                                                                  217.8476   61.1440 10.6
139.053 0144 Alaska-slab2-v3                                                                  217.7819   61.2275 11.9
110.582 0145 Alaska-slab2-v3                                                                  217.7163   61.3106 13.5
172.818 0158 Alaska-slab2-v3                                                                  217.6334   60.8554  8.1
172.818 0159 Alaska-slab2-v3                                                                  217.5520   60.9361  8.8
172.818 0160 Alaska-slab2-v3                                                                  217.4711   61.0168  9.6
151.171 0161 Alaska-slab2-v3                                                                  217.3959   61.0984 10.9
121.831 0162 Alaska-slab2-v3                                                                  217.3259   61.1805 12.5
 84.799 0163 Alaska-slab2-v3                                                                  217.2545   61.2616 14.6
172.818 0176 Alaska-slab2-v3                                                                  217.2052   60.8027  8.5
168.905 0177 Alaska-slab2-v3                                                                  217.1176   60.8817  9.3
150.011 0178 Alaska-slab2-v3                                                                  217.0329   60.9613 10.2
124.245 0179 Alaska-slab2-v3                                                                  216.9532   61.0417 11.6
 89.701 0180 Alaska-slab2-v3                                                                  216.8765   61.1221 13.4
172.818 0193 Alaska-slab2-v3                                                                  216.8900   60.6628  8.8
168.112 0194 Alaska-slab2-v3                                                                  216.7993   60.7407  9.6
152.795 0195 Alaska-slab2-v3                                                                  216.7064   60.8182 10.4
135.080 0196 Alaska-slab2-v3                                                                  216.6152   60.8960 11.4
112.382 0197 Alaska-slab2-v3                                                                  216.5257   60.9741 12.6
 81.749 0198 Alaska-slab2-v3                                                                  216.4367   61.0516 14.3
172.818 0211 Alaska-slab2-v3                                                                  216.6061   60.5129  9.0
161.115 0212 Alaska-slab2-v3                                                                  216.5155   60.5902 10.2
143.697 0213 Alaska-slab2-v3                                                                  216.4176   60.6658 11.1
128.457 0214 Alaska-slab2-v3                                                                  216.3169   60.7408 12.0
112.490 0215 Alaska-slab2-v3                                                                  216.2154   60.8156 12.9
 92.532 0216 Alaska-slab2-v3                                                                  216.1141   60.8903 13.9
172.818 0231 Alaska-slab2-v3                                                                  216.3398   60.3457  8.9
151.170 0232 Alaska-slab2-v3                                                                  216.2532   60.4228 10.7
128.249 0233 Alaska-slab2-v3                                                                  216.1527   60.4968 11.9
112.059 0234 Alaska-slab2-v3                                                                  216.0465   60.5698 12.8
 99.143 0235 Alaska-slab2-v3                                                                  215.9396   60.6428 13.6
 85.681 0236 Alaska-slab2-v3                                                                  215.8326   60.7157 14.3
160.099 0255 Alaska-slab2-v3                                                                  216.0024   60.2336 10.4
128.079 0256 Alaska-slab2-v3                                                                  215.9029   60.3067 12.2
107.800 0257 Alaska-slab2-v3                                                                  215.7964   60.3790 13.4
 95.348 0258 Alaska-slab2-v3                                                                  215.6890   60.4516 14.1
 86.631 0259 Alaska-slab2-v3                                                                  215.5810   60.5242 14.6
172.818 0281 Alaska-slab2-v3                                                                  215.7667   60.0238  8.5
155.762 0282 Alaska-slab2-v3                                                                  215.6685   60.0957 10.9
126.176 0283 Alaska-slab2-v3                                                                  215.5633   60.1673 12.6
107.206 0284 Alaska-slab2-v3                                                                  215.4567   60.2395 13.7
 95.372 0285 Alaska-slab2-v3                                                                  215.3492   60.3119 14.4
 87.018 0286 Alaska-slab2-v3                                                                  215.2419   60.3845 14.9
172.818 0311 Alaska-slab2-v3                                                                  215.4642   59.8739  8.3
165.236 0312 Alaska-slab2-v3                                                                  215.3509   59.9410 10.4
138.394 0313 Alaska-slab2-v3                                                                  215.2419   60.0111 11.9
117.826 0314 Alaska-slab2-v3                                                                  215.1347   60.0828 13.1
101.791 0315 Alaska-slab2-v3                                                                  215.0267   60.1546 14.0
 88.718 0316 Alaska-slab2-v3                                                                  214.9191   60.2267 14.7
172.818 0344 Alaska-slab2-v3                                                                  215.1063   59.7707  9.3
150.436 0345 Alaska-slab2-v3                                                                  214.9901   59.8370 11.1
126.037 0346 Alaska-slab2-v3                                                                  214.8804   59.9071 12.5
108.132 0347 Alaska-slab2-v3                                                                  214.7697   59.9775 13.5
 94.791 0348 Alaska-slab2-v3                                                                  214.6583   60.0480 14.3
 84.434 0349 Alaska-slab2-v3                                                                  214.5502   60.1198 14.9
172.818 0386 Alaska-slab2-v3                                                                  214.8431   59.6356  9.5
148.328 0387 Alaska-slab2-v3                                                                  214.7243   59.7004 11.4
124.880 0388 Alaska-slab2-v3                                                                  214.6103   59.7687 12.7
108.727 0389 Alaska-slab2-v3                                                                  214.4953   59.8373 13.6
 98.133 0390 Alaska-slab2-v3                                                                  214.3795   59.9059 14.2
 91.359 0391 Alaska-slab2-v3                                                                  214.2631   59.9745 14.6
 86.669 0392 Alaska-slab2-v3                                                                  214.1482   60.0437 14.9
140.414 0428 Alaska-slab2-v3                                                                  214.5858   59.4974  9.6
118.866 0429 Alaska-slab2-v3                                                                  214.4641   59.5605 11.5
 99.572 0430 Alaska-slab2-v3                                                                  214.3463   59.6269 12.9
 86.474 0431 Alaska-slab2-v3                                                                  214.2275   59.6935 13.8
 78.446 0432 Alaska-slab2-v3                                                                  214.1078   59.7602 14.4
 73.939 0433 Alaska-slab2-v3                                                                  213.9875   59.8269 14.7
 71.827 0434 Alaska-slab2-v3                                                                  213.8667   59.8935 14.8
 70.278 0435 Alaska-slab2-v3                                                                  213.7462   59.9604 14.9
108.011 0469 Alaska-slab2-v3                                                                  214.3377   59.3548  9.5
 88.970 0470 Alaska-slab2-v3                                                                  214.2120   59.4156 11.4
 73.715 0471 Alaska-slab2-v3                                                                  214.0899   59.4797 12.8
 63.248 0472 Alaska-slab2-v3                                                                  213.9667   59.5441 13.7
 56.789 0473 Alaska-slab2-v3                                                                  213.8427   59.6084 14.3
 53.226 0474 Alaska-slab2-v3                                                                  213.7181   59.6728 14.6
 51.556 0475 Alaska-slab2-v3                                                                  213.5930   59.7370 14.8
 50.665 0476 Alaska-slab2-v3                                                                  213.4673   59.8012 14.9
 49.663 0477 Alaska-slab2-v3                                                                  213.3418   59.8654 14.9
 75.608 0510 Alaska-slab2-v3                                                                  214.1024   59.2073  9.3
 64.695 0511 Alaska-slab2-v3                                                                  213.9719   59.2655 11.1
 54.290 0512 Alaska-slab2-v3                                                                  213.8453   59.3270 12.4
 46.859 0513 Alaska-slab2-v3                                                                  213.7176   59.3887 13.3
 42.009 0514 Alaska-slab2-v3                                                                  213.5892   59.4504 14.0
 38.958 0515 Alaska-slab2-v3                                                                  213.4601   59.5121 14.4
 37.158 0516 Alaska-slab2-v3                                                                  213.3304   59.5737 14.6
 36.063 0517 Alaska-slab2-v3                                                                  213.2003   59.6352 14.7
 34.812 0518 Alaska-slab2-v3                                                                  213.0697   59.6965 14.9
 43.204 0551 Alaska-slab2-v3                                                                  213.8813   59.0556  8.9
 39.362 0552 Alaska-slab2-v3                                                                  213.7467   59.1112 10.6
 33.586 0553 Alaska-slab2-v3                                                                  213.6158   59.1701 11.9
 29.277 0554 Alaska-slab2-v3                                                                  213.4846   59.2294 12.9
 26.123 0555 Alaska-slab2-v3                                                                  213.3527   59.2888 13.6
 23.946 0556 Alaska-slab2-v3                                                                  213.2201   59.3481 14.1
 22.391 0557 Alaska-slab2-v3                                                                  213.0869   59.4073 14.4
 21.191 0558 Alaska-slab2-v3                                                                  212.9532   59.4664 14.7
 20.081 0559 Alaska-slab2-v3                                                                  212.8188   59.5252 14.9
 43.204 0591 Alaska-slab2-v3                                                                  213.6725   58.9003  8.7
 42.144 0592 Alaska-slab2-v3                                                                  213.5347   58.9537 10.2
 36.606 0593 Alaska-slab2-v3                                                                  213.4001   59.0099 11.5
 32.236 0594 Alaska-slab2-v3                                                                  213.2660   59.0671 12.5
 28.817 0595 Alaska-slab2-v3                                                                  213.1312   59.1243 13.3
 26.178 0596 Alaska-slab2-v3                                                                  212.9957   59.1814 13.9
 24.188 0597 Alaska-slab2-v3                                                                  212.8597   59.2385 14.4
 22.543 0598 Alaska-slab2-v3                                                                  212.7232   59.2954 14.8
 43.204 0629 Alaska-slab2-v3                                                                  213.4727   58.7421  8.6
 42.445 0630 Alaska-slab2-v3                                                                  213.3324   58.7934 10.1
 36.890 0631 Alaska-slab2-v3                                                                  213.1942   58.8468 11.4
 32.376 0632 Alaska-slab2-v3                                                                  213.0564   58.9011 12.4
 28.774 0633 Alaska-slab2-v3                                                                  212.9178   58.9554 13.3
 25.910 0634 Alaska-slab2-v3                                                                  212.7787   59.0096 13.9
 23.653 0635 Alaska-slab2-v3                                                                  212.6390   59.0637 14.5
 21.830 0636 Alaska-slab2-v3                                                                  212.4985   59.1175 14.9
 43.204 0665 Alaska-slab2-v3                                                                  213.2794   58.5822  8.7
 40.837 0666 Alaska-slab2-v3                                                                  213.1372   58.6314 10.3
 35.041 0667 Alaska-slab2-v3                                                                  212.9951   58.6814 11.6
 30.440 0668 Alaska-slab2-v3                                                                  212.8525   58.7318 12.6
 26.812 0669 Alaska-slab2-v3                                                                  212.7092   58.7822 13.5
 24.025 0670 Alaska-slab2-v3                                                                  212.5653   58.8324 14.1
 21.857 0671 Alaska-slab2-v3                                                                  212.4209   58.8826 14.6
 20.175 0672 Alaska-slab2-v3                                                                  212.2756   58.9323 15.0
 43.204 0700 Alaska-slab2-v3                                                                  213.0897   58.4261  9.1
 39.408 0701 Alaska-slab2-v3                                                                  212.9473   58.4744 10.8
 33.516 0702 Alaska-slab2-v3                                                                  212.8039   58.5229 12.1
 29.108 0703 Alaska-slab2-v3                                                                  212.6595   58.5714 13.1
 25.879 0704 Alaska-slab2-v3                                                                  212.5144   58.6199 13.9
 23.653 0705 Alaska-slab2-v3                                                                  212.3686   58.6683 14.4
 22.082 0706 Alaska-slab2-v3                                                                  212.2224   58.7166 14.7
 43.204 0735 Alaska-slab2-v3                                                                  212.8990   58.2742  9.5
 36.857 0736 Alaska-slab2-v3                                                                  212.7582   58.3227 11.3
 30.817 0737 Alaska-slab2-v3                                                                  212.6163   58.3719 12.7
 26.614 0738 Alaska-slab2-v3                                                                  212.4734   58.4212 13.7
 23.857 0739 Alaska-slab2-v3                                                                  212.3297   58.4705 14.3
 22.237 0740 Alaska-slab2-v3                                                                  212.1853   58.5196 14.7
 21.318 0741 Alaska-slab2-v3                                                                  212.0405   58.5687 14.9
 43.204 0770 Alaska-slab2-v3                                                                  212.7037   58.1232  9.6
 36.073 0771 Alaska-slab2-v3                                                                  212.5640   58.1721 11.5
 30.017 0772 Alaska-slab2-v3                                                                  212.4241   58.2223 12.9
 25.892 0773 Alaska-slab2-v3                                                                  212.2830   58.2726 13.8
 23.303 0774 Alaska-slab2-v3                                                                  212.1411   58.3229 14.4
 21.855 0775 Alaska-slab2-v3                                                                  211.9987   58.3731 14.7
 21.108 0776 Alaska-slab2-v3                                                                  211.8558   58.4231 14.9
 20.670 0777 Alaska-slab2-v3                                                                  211.7126   58.4732 15.0
 43.204 0804 Alaska-slab2-v3                                                                  212.5018   57.9757  9.3
 37.479 0805 Alaska-slab2-v3                                                                  212.3630   58.0250 11.1
 31.533 0806 Alaska-slab2-v3                                                                  212.2250   58.0764 12.5
 27.306 0807 Alaska-slab2-v3                                                                  212.0860   58.1278 13.4
 24.531 0808 Alaska-slab2-v3                                                                  211.9461   58.1791 14.1
 22.725 0809 Alaska-slab2-v3                                                                  211.8057   58.2304 14.5
 21.668 0810 Alaska-slab2-v3                                                                  211.6649   58.2816 14.7
 20.831 0811 Alaska-slab2-v3                                                                  211.5236   58.3327 14.9
 43.204 0838 Alaska-slab2-v3                                                                  212.2938   57.8339  8.9
 39.952 0839 Alaska-slab2-v3                                                                  212.1557   57.8839 10.5
 34.289 0840 Alaska-slab2-v3                                                                  212.0188   57.9358 11.8
 29.998 0841 Alaska-slab2-v3                                                                  211.8814   57.9880 12.8
 26.856 0842 Alaska-slab2-v3                                                                  211.7432   58.0402 13.5
 24.556 0843 Alaska-slab2-v3                                                                  211.6045   58.0922 14.0
 22.874 0844 Alaska-slab2-v3                                                                  211.4652   58.1442 14.4
 21.414 0845 Alaska-slab2-v3                                                                  211.3256   58.1960 14.7
 43.204 0872 Alaska-slab2-v3                                                                  212.0783   57.6978  8.4
 42.199 0873 Alaska-slab2-v3                                                                  211.9416   57.7490  9.9
 36.790 0874 Alaska-slab2-v3                                                                  211.8053   57.8010 11.1
 32.454 0875 Alaska-slab2-v3                                                                  211.6687   57.8535 12.1
 29.012 0876 Alaska-slab2-v3                                                                  211.5314   57.9059 12.8
 26.240 0877 Alaska-slab2-v3                                                                  211.3937   57.9582 13.5
 23.871 0878 Alaska-slab2-v3                                                                  211.2554   58.0104 14.0
 21.815 0879 Alaska-slab2-v3                                                                  211.1167   58.0625 14.4
 19.714 0880 Alaska-slab2-v3                                                                  210.9789   58.1152 14.9
 43.204 0905 Alaska-slab2-v3                                                                  211.8526   57.5663  8.1
 43.204 0906 Alaska-slab2-v3                                                                  211.7178   57.6189  9.4
 40.231 0907 Alaska-slab2-v3                                                                  211.5824   57.6714 10.6
 35.945 0908 Alaska-slab2-v3                                                                  211.4462   57.7238 11.5
 32.316 0909 Alaska-slab2-v3                                                                  211.3094   57.7761 12.4
 29.211 0910 Alaska-slab2-v3                                                                  211.1721   57.8283 13.1
 26.412 0911 Alaska-slab2-v3                                                                  211.0343   57.8803 13.7
 23.789 0912 Alaska-slab2-v3                                                                  210.8961   57.9322 14.3
 21.252 0913 Alaska-slab2-v3                                                                  210.7591   57.9852 14.9
 43.204 0939 Alaska-slab2-v3                                                                  211.4814   57.4929  9.1
 40.396 0940 Alaska-slab2-v3                                                                  211.3469   57.5459 10.2
 35.947 0941 Alaska-slab2-v3                                                                  211.2112   57.5983 11.2
 31.948 0942 Alaska-slab2-v3                                                                  211.0747   57.6504 12.1
 28.354 0943 Alaska-slab2-v3                                                                  210.9378   57.7023 12.9
 25.028 0944 Alaska-slab2-v3                                                                  210.8003   57.7542 13.7
 21.883 0945 Alaska-slab2-v3                                                                  210.6624   57.8059 14.4
 43.204 0972 Alaska-slab2-v3                                                                  211.2308   57.3710  9.0
 41.198 0973 Alaska-slab2-v3                                                                  211.0969   57.4240 10.1
 36.695 0974 Alaska-slab2-v3                                                                  210.9619   57.4765 11.1
 32.548 0975 Alaska-slab2-v3                                                                  210.8263   57.5288 12.1
 28.714 0976 Alaska-slab2-v3                                                                  210.6901   57.5810 12.9
 25.147 0977 Alaska-slab2-v3                                                                  210.5535   57.6331 13.7
 21.803 0978 Alaska-slab2-v3                                                                  210.4165   57.6851 14.5
 43.204 1004 Alaska-slab2-v3                                                                  210.9669   57.2526  9.2
 40.692 1005 Alaska-slab2-v3                                                                  210.8334   57.3056 10.3
 36.245 1006 Alaska-slab2-v3                                                                  210.7011   57.3598 11.3
 32.287 1007 Alaska-slab2-v3                                                                  210.5684   57.4139 12.2
 28.640 1008 Alaska-slab2-v3                                                                  210.4353   57.4680 13.0
 25.304 1009 Alaska-slab2-v3                                                                  210.3017   57.5220 13.7
 22.103 1010 Alaska-slab2-v3                                                                  210.1676   57.5759 14.5
 43.204 1035 Alaska-slab2-v3                                                                  210.8281   57.0879  8.2
 43.204 1036 Alaska-slab2-v3                                                                  210.6921   57.1379  9.5
 39.228 1037 Alaska-slab2-v3                                                                  210.5617   57.1925 10.6
 35.052 1038 Alaska-slab2-v3                                                                  210.4359   57.2507 11.6
 31.587 1039 Alaska-slab2-v3                                                                  210.3097   57.3090 12.3
 28.610 1040 Alaska-slab2-v3                                                                  210.1830   57.3673 13.0
 25.900 1041 Alaska-slab2-v3                                                                  210.0559   57.4255 13.6
 23.324 1042 Alaska-slab2-v3                                                                  209.9283   57.4835 14.2
 20.658 1043 Alaska-slab2-v3                                                                  209.8016   57.5422 14.8
 43.204 1066 Alaska-slab2-v3                                                                  210.5480   56.9808  8.4
 43.204 1067 Alaska-slab2-v3                                                                  210.4119   57.0299  9.8
 38.207 1068 Alaska-slab2-v3                                                                  210.2868   57.0872 10.9
 34.404 1069 Alaska-slab2-v3                                                                  210.1685   57.1498 11.8
 31.441 1070 Alaska-slab2-v3                                                                  210.0496   57.2125 12.4
 29.142 1071 Alaska-slab2-v3                                                                  209.9302   57.2750 12.9
 27.152 1072 Alaska-slab2-v3                                                                  209.8103   57.3375 13.4
 25.206 1073 Alaska-slab2-v3                                                                  209.6901   57.3999 13.8
 22.995 1074 Alaska-slab2-v3                                                                  209.5694   57.4622 14.3
 20.298 1075 Alaska-slab2-v3                                                                  209.4478   57.5238 14.9
 43.204 1096 Alaska-slab2-v3                                                                  210.2708   56.8864  8.3
 43.204 1097 Alaska-slab2-v3                                                                  210.1362   56.9367  9.6
 39.951 1098 Alaska-slab2-v3                                                                  210.0128   56.9950 10.7
 36.481 1099 Alaska-slab2-v3                                                                  209.8978   57.0594 11.5
 33.878 1100 Alaska-slab2-v3                                                                  209.7823   57.1238 12.1
 31.839 1101 Alaska-slab2-v3                                                                  209.6663   57.1881 12.6
 30.104 1102 Alaska-slab2-v3                                                                  209.5498   57.2524 13.0
 28.326 1103 Alaska-slab2-v3                                                                  209.4329   57.3166 13.4
 26.200 1104 Alaska-slab2-v3                                                                  209.3157   57.3806 13.9
 23.381 1105 Alaska-slab2-v3                                                                  209.1981   57.4444 14.5
 43.204 1126 Alaska-slab2-v3                                                                  209.8744   56.8602  9.1
 41.611 1127 Alaska-slab2-v3                                                                  209.7519   56.9196 10.1
 38.158 1128 Alaska-slab2-v3                                                                  209.6341   56.9823 10.9
 35.458 1129 Alaska-slab2-v3                                                                  209.5161   57.0452 11.5
 33.156 1130 Alaska-slab2-v3                                                                  209.3976   57.1080 12.0
 31.031 1131 Alaska-slab2-v3                                                                  209.2787   57.1707 12.5
 28.685 1132 Alaska-slab2-v3                                                                  209.1594   57.2333 13.0
 25.808 1133 Alaska-slab2-v3                                                                  209.0398   57.2957 13.7
 22.133 1134 Alaska-slab2-v3                                                                  208.9194   57.3575 14.5
 43.204 1155 Alaska-slab2-v3                                                                  209.6138   56.7850  8.6
 43.204 1156 Alaska-slab2-v3                                                                  209.4968   56.8478  9.5
 39.707 1157 Alaska-slab2-v3                                                                  209.3777   56.9096 10.4
 36.549 1158 Alaska-slab2-v3                                                                  209.2553   56.9697 11.1
 33.526 1159 Alaska-slab2-v3                                                                  209.1314   57.0291 11.7
 30.503 1160 Alaska-slab2-v3                                                                  209.0072   57.0883 12.4
 27.118 1161 Alaska-slab2-v3                                                                  208.8826   57.1474 13.1
 23.103 1162 Alaska-slab2-v3                                                                  208.7578   57.2063 14.0
 43.204 1183 Alaska-slab2-v3                                                                  209.3362   56.6985  8.4
 43.204 1184 Alaska-slab2-v3                                                                  209.2227   56.7631  9.3
 39.616 1185 Alaska-slab2-v3                                                                  209.1047   56.8252 10.2
 35.613 1186 Alaska-slab2-v3                                                                  208.9805   56.8838 11.0
 31.610 1187 Alaska-slab2-v3                                                                  208.8540   56.9412 11.9
 27.377 1188 Alaska-slab2-v3                                                                  208.7273   56.9984 12.8
 22.821 1189 Alaska-slab2-v3                                                                  208.6002   57.0555 13.8
 17.714 1190 Alaska-slab2-v3                                                                  208.4722   57.1118 14.9
 43.204 1210 Alaska-slab2-v3                                                                  209.0493   56.6043  8.6
 43.204 1211 Alaska-slab2-v3                                                                  208.9339   56.6675  9.7
 39.108 1212 Alaska-slab2-v3                                                                  208.8140   56.7282 10.7
 34.679 1213 Alaska-slab2-v3                                                                  208.6901   56.7867 11.7
 30.161 1214 Alaska-slab2-v3                                                                  208.5650   56.8445 12.7
 25.555 1215 Alaska-slab2-v3                                                                  208.4395   56.9022 13.7
 20.683 1216 Alaska-slab2-v3                                                                  208.3132   56.9594 14.8
 43.204 1236 Alaska-slab2-v3                                                                  208.8802   56.4447  8.1
 43.204 1237 Alaska-slab2-v3                                                                  208.7647   56.5072  9.4
 40.205 1238 Alaska-slab2-v3                                                                  208.6463   56.5684 10.6
 35.511 1239 Alaska-slab2-v3                                                                  208.5248   56.6279 11.7
 31.165 1240 Alaska-slab2-v3                                                                  208.4020   56.6869 12.7
 26.948 1241 Alaska-slab2-v3                                                                  208.2787   56.7458 13.7
 22.732 1242 Alaska-slab2-v3                                                                  208.1550   56.8045 14.6
 43.204 1262 Alaska-slab2-v3                                                                  208.5983   56.3460  8.8
 41.277 1263 Alaska-slab2-v3                                                                  208.4812   56.4069 10.4
 35.776 1264 Alaska-slab2-v3                                                                  208.3622   56.4673 11.7
 31.402 1265 Alaska-slab2-v3                                                                  208.2418   56.5275 12.7
 27.763 1266 Alaska-slab2-v3                                                                  208.1208   56.5876 13.5
 24.428 1267 Alaska-slab2-v3                                                                  207.9993   56.6476 14.3
 43.204 1287 Alaska-slab2-v3                                                                  208.3171   56.2446  9.4
 37.842 1288 Alaska-slab2-v3                                                                  208.2000   56.3048 11.1
 32.349 1289 Alaska-slab2-v3                                                                  208.0836   56.3666 12.4
 28.469 1290 Alaska-slab2-v3                                                                  207.9663   56.4286 13.3
 25.635 1291 Alaska-slab2-v3                                                                  207.8484   56.4905 13.9
 23.193 1292 Alaska-slab2-v3                                                                  207.7301   56.5524 14.5
 43.204 1312 Alaska-slab2-v3                                                                  208.0398   56.1434  9.6
 36.341 1313 Alaska-slab2-v3                                                                  207.9244   56.2042 11.4
 30.797 1314 Alaska-slab2-v3                                                                  207.8116   56.2679 12.6
 27.190 1315 Alaska-slab2-v3                                                                  207.6980   56.3317 13.5
 24.726 1316 Alaska-slab2-v3                                                                  207.5837   56.3957 14.0
 22.790 1317 Alaska-slab2-v3                                                                  207.4690   56.4595 14.5
 20.634 1318 Alaska-slab2-v3                                                                  207.3537   56.5231 14.9
 43.204 1336 Alaska-slab2-v3                                                                  207.7667   56.0430  9.5
 36.705 1337 Alaska-slab2-v3                                                                  207.6526   56.1043 11.3
 31.197 1338 Alaska-slab2-v3                                                                  207.5425   56.1693 12.5
 27.540 1339 Alaska-slab2-v3                                                                  207.4315   56.2344 13.4
 25.072 1340 Alaska-slab2-v3                                                                  207.3199   56.2996 13.9
 23.177 1341 Alaska-slab2-v3                                                                  207.2079   56.3648 14.4
 21.062 1342 Alaska-slab2-v3                                                                  207.0952   56.4297 14.8
 43.204 1360 Alaska-slab2-v3                                                                  207.4972   55.9427  9.3
 38.380 1361 Alaska-slab2-v3                                                                  207.3835   56.0042 11.0
 32.965 1362 Alaska-slab2-v3                                                                  207.2747   56.0698 12.2
 29.167 1363 Alaska-slab2-v3                                                                  207.1652   56.1355 13.1
 26.503 1364 Alaska-slab2-v3                                                                  207.0551   56.2013 13.7
 24.277 1365 Alaska-slab2-v3                                                                  206.9445   56.2670 14.2
 21.875 1366 Alaska-slab2-v3                                                                  206.8334   56.3326 14.8
 43.204 1384 Alaska-slab2-v3                                                                  207.2316   55.8425  9.0
 40.526 1385 Alaska-slab2-v3                                                                  207.1181   55.9043 10.6
 35.212 1386 Alaska-slab2-v3                                                                  207.0097   55.9699 11.9
 31.280 1387 Alaska-slab2-v3                                                                  206.9012   56.0360 12.8
 28.256 1388 Alaska-slab2-v3                                                                  206.7921   56.1021 13.5
 25.577 1389 Alaska-slab2-v3                                                                  206.6826   56.1682 14.1
 22.812 1390 Alaska-slab2-v3                                                                  206.5727   56.2341 14.7
 43.204 1407 Alaska-slab2-v3                                                                  206.9698   55.7423  8.7
 42.383 1408 Alaska-slab2-v3                                                                  206.8571   55.8047 10.2
 37.193 1409 Alaska-slab2-v3                                                                  206.7489   55.8703 11.4
 33.084 1410 Alaska-slab2-v3                                                                  206.6420   55.9370 12.3
 29.754 1411 Alaska-slab2-v3                                                                  206.5345   56.0037 13.1
 26.727 1412 Alaska-slab2-v3                                                                  206.4266   56.0704 13.8
 23.613 1413 Alaska-slab2-v3                                                                  206.3183   56.1369 14.5
 43.204 1430 Alaska-slab2-v3                                                                  206.7109   55.6415  8.3
 43.204 1431 Alaska-slab2-v3                                                                  206.5997   55.7049  9.7
 38.580 1432 Alaska-slab2-v3                                                                  206.4925   55.7709 10.9
 34.396 1433 Alaska-slab2-v3                                                                  206.3880   55.8387 11.8
 30.829 1434 Alaska-slab2-v3                                                                  206.2831   55.9065 12.6
 27.570 1435 Alaska-slab2-v3                                                                  206.1777   55.9743 13.4
 24.223 1436 Alaska-slab2-v3                                                                  206.0720   56.0420 14.1
 20.523 1437 Alaska-slab2-v3                                                                  205.9655   56.1092 15.0
