  0.804 0000 Alaska-slab2-v3                                                                  220.4681   60.1734  0.4
  0.804 0001 Alaska-slab2-v3                                                                  220.5024   60.2615  1.3
  0.804 0002 Alaska-slab2-v3                                                                  220.5366   60.3496  2.1
  0.804 0003 Alaska-slab2-v3                                                                  220.5709   60.4377  3.0
  0.804 0004 Alaska-slab2-v3                                                                  220.6056   60.5257  3.8
  0.804 0005 Alaska-slab2-v3                                                                  220.6418   60.6139  4.6
  0.804 0006 Alaska-slab2-v3                                                                  220.6782   60.7021  5.3
  0.804 0007 Alaska-slab2-v3                                                                  220.6972   60.7904  6.1
  0.804 0008 Alaska-slab2-v3                                                                  220.6900   60.8794  6.8
  0.804 0009 Alaska-slab2-v3                                                                  220.6726   60.9687  7.6
  0.804 0010 Alaska-slab2-v3                                                                  220.6551   61.0581  8.4
  0.804 0011 Alaska-slab2-v3                                                                  220.6343   61.1471  9.3
  0.804 0012 Alaska-slab2-v3                                                                  220.6074   61.2353 10.4
  0.804 0013 Alaska-slab2-v3                                                                  220.5693   61.3225 11.6
  0.724 0014 Alaska-slab2-v3                                                                  220.5225   61.4090 12.9
  0.628 0015 Alaska-slab2-v3                                                                  220.4743   61.4951 14.3
  1.609 0025 Alaska-slab2-v3                                                                  220.1533   60.2734  0.5
  1.609 0026 Alaska-slab2-v3                                                                  220.1770   60.3623  1.4
  1.609 0027 Alaska-slab2-v3                                                                  220.2007   60.4512  2.3
  1.609 0028 Alaska-slab2-v3                                                                  220.2247   60.5401  3.3
  1.609 0029 Alaska-slab2-v3                                                                  220.2487   60.6290  4.2
  1.609 0030 Alaska-slab2-v3                                                                  220.2729   60.7179  5.1
  1.609 0031 Alaska-slab2-v3                                                                  220.2856   60.8066  6.0
  1.609 0032 Alaska-slab2-v3                                                                  220.2708   60.8950  6.8
  1.609 0033 Alaska-slab2-v3                                                                  220.2400   60.9835  7.7
  1.609 0034 Alaska-slab2-v3                                                                  220.2091   61.0718  8.6
  1.609 0035 Alaska-slab2-v3                                                                  220.1755   61.1598  9.7
  1.609 0036 Alaska-slab2-v3                                                                  220.1353   61.2470 10.8
  1.568 0037 Alaska-slab2-v3                                                                  220.0881   61.3334 12.1
  1.382 0038 Alaska-slab2-v3                                                                  220.0377   61.4193 13.5
  1.188 0039 Alaska-slab2-v3                                                                  219.9860   61.5050 14.9
  2.413 0049 Alaska-slab2-v3                                                                  219.8109   60.3467  0.5
  2.413 0050 Alaska-slab2-v3                                                                  219.8248   60.4360  1.6
  2.413 0051 Alaska-slab2-v3                                                                  219.8386   60.5254  2.7
  2.413 0052 Alaska-slab2-v3                                                                  219.8526   60.6147  3.7
  2.413 0053 Alaska-slab2-v3                                                                  219.8667   60.7040  4.7
  2.413 0054 Alaska-slab2-v3                                                                  219.8736   60.7931  5.7
  2.413 0055 Alaska-slab2-v3                                                                  219.8548   60.8811  6.6
  2.413 0056 Alaska-slab2-v3                                                                  219.8144   60.9683  7.6
  2.413 0057 Alaska-slab2-v3                                                                  219.7710   61.0555  8.5
  2.413 0058 Alaska-slab2-v3                                                                  219.7270   61.1425  9.6
  2.413 0059 Alaska-slab2-v3                                                                  219.6794   61.2289 10.8
  2.413 0060 Alaska-slab2-v3                                                                  219.6278   61.3148 12.0
  2.245 0061 Alaska-slab2-v3                                                                  219.5751   61.4004 13.4
  1.977 0062 Alaska-slab2-v3                                                                  219.5215   61.4859 14.8
  3.217 0072 Alaska-slab2-v3                                                                  219.4474   60.3908  0.6
  3.217 0073 Alaska-slab2-v3                                                                  219.4526   60.4801  1.9
  3.217 0074 Alaska-slab2-v3                                                                  219.4578   60.5695  3.1
  3.217 0075 Alaska-slab2-v3                                                                  219.4631   60.6590  4.2
  3.217 0076 Alaska-slab2-v3                                                                  219.4664   60.7483  5.3
  3.217 0077 Alaska-slab2-v3                                                                  219.4483   60.8364  6.3
  3.217 0078 Alaska-slab2-v3                                                                  219.4033   60.9228  7.2
  3.217 0079 Alaska-slab2-v3                                                                  219.3506   61.0087  8.2
  3.217 0080 Alaska-slab2-v3                                                                  219.2976   61.0947  9.1
  3.217 0081 Alaska-slab2-v3                                                                  219.2445   61.1805 10.2
  3.217 0082 Alaska-slab2-v3                                                                  219.1907   61.2661 11.4
  3.124 0083 Alaska-slab2-v3                                                                  219.1363   61.3516 12.7
  2.774 0084 Alaska-slab2-v3                                                                  219.0817   61.4369 14.0
  4.021 0094 Alaska-slab2-v3                                                                  219.0747   60.4088  0.7
  4.021 0095 Alaska-slab2-v3                                                                  219.0718   60.4979  2.1
  4.021 0096 Alaska-slab2-v3                                                                  219.0689   60.5872  3.5
  4.021 0097 Alaska-slab2-v3                                                                  219.0659   60.6765  4.8
  4.021 0098 Alaska-slab2-v3                                                                  219.0522   60.7651  5.9
  4.021 0099 Alaska-slab2-v3                                                                  219.0101   60.8513  6.8
  4.021 0100 Alaska-slab2-v3                                                                  218.9502   60.9362  7.7
  4.021 0101 Alaska-slab2-v3                                                                  218.8900   61.0211  8.6
  4.021 0102 Alaska-slab2-v3                                                                  218.8295   61.1059  9.4
  4.021 0103 Alaska-slab2-v3                                                                  218.7707   61.1909 10.5
  4.021 0104 Alaska-slab2-v3                                                                  218.7137   61.2761 11.6
  3.795 0105 Alaska-slab2-v3                                                                  218.6566   61.3611 12.9
  3.345 0106 Alaska-slab2-v3                                                                  218.5991   61.4460 14.3
  4.021 0115 Alaska-slab2-v3                                                                  218.6998   60.4034  0.8
  4.021 0116 Alaska-slab2-v3                                                                  218.6885   60.4922  2.4
  4.021 0117 Alaska-slab2-v3                                                                  218.6771   60.5811  3.8
  4.021 0118 Alaska-slab2-v3                                                                  218.6656   60.6702  5.2
  4.021 0119 Alaska-slab2-v3                                                                  218.6323   60.7571  6.3
  4.021 0120 Alaska-slab2-v3                                                                  218.5713   60.8413  7.2
  4.021 0121 Alaska-slab2-v3                                                                  218.5043   60.9250  8.0
  4.021 0122 Alaska-slab2-v3                                                                  218.4369   61.0086  8.8
  4.021 0123 Alaska-slab2-v3                                                                  218.3694   61.0923  9.6
  4.021 0124 Alaska-slab2-v3                                                                  218.3052   61.1764 10.6
  4.021 0125 Alaska-slab2-v3                                                                  218.2444   61.2609 11.7
  3.751 0126 Alaska-slab2-v3                                                                  218.1834   61.3453 13.1
  3.239 0127 Alaska-slab2-v3                                                                  218.1209   61.4290 14.6
  4.021 0134 Alaska-slab2-v3                                                                  218.3264   60.3816  0.9
  4.021 0135 Alaska-slab2-v3                                                                  218.3057   60.4698  2.5
  4.021 0136 Alaska-slab2-v3                                                                  218.2849   60.5582  4.1
  4.021 0137 Alaska-slab2-v3                                                                  218.2619   60.6465  5.5
  4.021 0138 Alaska-slab2-v3                                                                  218.2133   60.7318  6.6
  4.021 0139 Alaska-slab2-v3                                                                  218.1403   60.8141  7.4
  4.021 0140 Alaska-slab2-v3                                                                  218.0664   60.8965  8.1
  4.021 0141 Alaska-slab2-v3                                                                  217.9921   60.9788  8.8
  4.021 0142 Alaska-slab2-v3                                                                  217.9176   61.0610  9.6
  4.021 0143 Alaska-slab2-v3                                                                  217.8476   61.1440 10.6
  4.021 0144 Alaska-slab2-v3                                                                  217.7819   61.2275 11.9
  3.513 0145 Alaska-slab2-v3                                                                  217.7163   61.3106 13.5
  4.021 0152 Alaska-slab2-v3                                                                  217.9560   60.3487  0.9
  4.021 0153 Alaska-slab2-v3                                                                  217.9251   60.4360  2.7
  4.021 0154 Alaska-slab2-v3                                                                  217.8940   60.5236  4.3
  4.021 0155 Alaska-slab2-v3                                                                  217.8567   60.6105  5.7
  4.021 0156 Alaska-slab2-v3                                                                  217.7950   60.6939  6.7
  4.021 0157 Alaska-slab2-v3                                                                  217.7144   60.7747  7.4
  4.021 0158 Alaska-slab2-v3                                                                  217.6334   60.8554  8.1
  4.021 0159 Alaska-slab2-v3                                                                  217.5520   60.9361  8.8
  4.021 0160 Alaska-slab2-v3                                                                  217.4711   61.0168  9.6
  4.021 0161 Alaska-slab2-v3                                                                  217.3959   61.0984 10.9
  3.653 0162 Alaska-slab2-v3                                                                  217.3259   61.1805 12.5
  2.927 0163 Alaska-slab2-v3                                                                  217.2545   61.2616 14.6
  4.021 0170 Alaska-slab2-v3                                                                  217.5897   60.3064  1.0
  4.021 0171 Alaska-slab2-v3                                                                  217.5486   60.3925  2.8
  4.021 0172 Alaska-slab2-v3                                                                  217.5071   60.4789  4.5
  4.021 0173 Alaska-slab2-v3                                                                  217.4550   60.5637  5.9
  4.021 0174 Alaska-slab2-v3                                                                  217.3802   60.6447  7.0
  4.021 0175 Alaska-slab2-v3                                                                  217.2929   60.7237  7.8
  4.021 0176 Alaska-slab2-v3                                                                  217.2052   60.8027  8.5
  4.021 0177 Alaska-slab2-v3                                                                  217.1176   60.8817  9.3
  4.021 0178 Alaska-slab2-v3                                                                  217.0329   60.9613 10.2
  4.021 0179 Alaska-slab2-v3                                                                  216.9532   61.0417 11.6
  3.422 0180 Alaska-slab2-v3                                                                  216.8765   61.1221 13.4
  4.021 0188 Alaska-slab2-v3                                                                  217.2301   60.2536  1.0
  4.021 0189 Alaska-slab2-v3                                                                  217.1792   60.3381  3.0
  4.021 0190 Alaska-slab2-v3                                                                  217.1277   60.4229  4.9
  4.021 0191 Alaska-slab2-v3                                                                  217.0622   60.5053  6.5
  4.021 0192 Alaska-slab2-v3                                                                  216.9785   60.5843  7.7
  4.021 0193 Alaska-slab2-v3                                                                  216.8900   60.6628  8.8
  4.021 0194 Alaska-slab2-v3                                                                  216.7993   60.7407  9.6
  4.021 0195 Alaska-slab2-v3                                                                  216.7064   60.8182 10.4
  4.021 0196 Alaska-slab2-v3                                                                  216.6152   60.8960 11.4
  3.897 0197 Alaska-slab2-v3                                                                  216.5257   60.9741 12.6
  3.352 0198 Alaska-slab2-v3                                                                  216.4367   61.0516 14.3
  4.021 0207 Alaska-slab2-v3                                                                  216.8806   60.1876  1.2
  4.021 0208 Alaska-slab2-v3                                                                  216.8211   60.2702  3.5
  4.021 0209 Alaska-slab2-v3                                                                  216.7599   60.3528  5.6
  4.021 0210 Alaska-slab2-v3                                                                  216.6886   60.4338  7.4
  4.021 0211 Alaska-slab2-v3                                                                  216.6061   60.5129  9.0
  4.021 0212 Alaska-slab2-v3                                                                  216.5155   60.5902 10.2
  4.021 0213 Alaska-slab2-v3                                                                  216.4176   60.6658 11.1
  4.021 0214 Alaska-slab2-v3                                                                  216.3169   60.7408 12.0
  3.842 0215 Alaska-slab2-v3                                                                  216.2154   60.8156 12.9
  3.482 0216 Alaska-slab2-v3                                                                  216.1141   60.8903 13.9
  4.021 0228 Alaska-slab2-v3                                                                  216.5462   60.1055  1.4
  4.021 0229 Alaska-slab2-v3                                                                  216.4789   60.1854  4.1
  4.021 0230 Alaska-slab2-v3                                                                  216.4121   60.2658  6.7
  4.021 0231 Alaska-slab2-v3                                                                  216.3398   60.3457  8.9
  4.021 0232 Alaska-slab2-v3                                                                  216.2532   60.4228 10.7
  4.021 0233 Alaska-slab2-v3                                                                  216.1527   60.4968 11.9
  3.884 0234 Alaska-slab2-v3                                                                  216.0465   60.5698 12.8
  3.654 0235 Alaska-slab2-v3                                                                  215.9396   60.6428 13.6
  3.414 0236 Alaska-slab2-v3                                                                  215.8326   60.7157 14.3
  4.021 0252 Alaska-slab2-v3                                                                  216.2342   60.0034  1.6
  4.021 0253 Alaska-slab2-v3                                                                  216.1579   60.0796  4.9
  4.021 0254 Alaska-slab2-v3                                                                  216.0843   60.1571  7.9
  4.021 0255 Alaska-slab2-v3                                                                  216.0024   60.2336 10.4
  4.008 0256 Alaska-slab2-v3                                                                  215.9029   60.3067 12.2
  3.632 0257 Alaska-slab2-v3                                                                  215.7964   60.3790 13.4
  3.401 0258 Alaska-slab2-v3                                                                  215.6890   60.4516 14.1
  3.240 0259 Alaska-slab2-v3                                                                  215.5810   60.5242 14.6
  4.021 0279 Alaska-slab2-v3                                                                  215.9496   59.8812  1.8
  4.021 0280 Alaska-slab2-v3                                                                  215.8586   59.9519  5.4
  4.021 0281 Alaska-slab2-v3                                                                  215.7667   60.0238  8.5
  4.021 0282 Alaska-slab2-v3                                                                  215.6685   60.0957 10.9
  3.881 0283 Alaska-slab2-v3                                                                  215.5633   60.1673 12.6
  3.521 0284 Alaska-slab2-v3                                                                  215.4567   60.2395 13.7
  3.297 0285 Alaska-slab2-v3                                                                  215.3492   60.3119 14.4
  3.139 0286 Alaska-slab2-v3                                                                  215.2419   60.3845 14.9
  4.021 0309 Alaska-slab2-v3                                                                  215.6867   59.7457  1.9
  4.021 0310 Alaska-slab2-v3                                                                  215.5774   59.8092  5.5
  4.021 0311 Alaska-slab2-v3                                                                  215.4642   59.8739  8.3
  4.021 0312 Alaska-slab2-v3                                                                  215.3509   59.9410 10.4
  4.021 0313 Alaska-slab2-v3                                                                  215.2419   60.0111 11.9
  3.770 0314 Alaska-slab2-v3                                                                  215.1347   60.0828 13.1
  3.469 0315 Alaska-slab2-v3                                                                  215.0267   60.1546 14.0
  3.224 0316 Alaska-slab2-v3                                                                  214.9191   60.2267 14.7
  4.021 0343 Alaska-slab2-v3                                                                  215.2307   59.7091  7.2
  4.021 0344 Alaska-slab2-v3                                                                  215.1063   59.7707  9.3
  4.021 0345 Alaska-slab2-v3                                                                  214.9901   59.8370 11.1
  4.010 0346 Alaska-slab2-v3                                                                  214.8804   59.9071 12.5
  3.681 0347 Alaska-slab2-v3                                                                  214.7697   59.9775 13.5
  3.436 0348 Alaska-slab2-v3                                                                  214.6583   60.0480 14.3
  3.246 0349 Alaska-slab2-v3                                                                  214.5502   60.1198 14.9
  4.021 0385 Alaska-slab2-v3                                                                  214.9690   59.5755  7.2
  4.021 0386 Alaska-slab2-v3                                                                  214.8431   59.6356  9.5
  4.021 0387 Alaska-slab2-v3                                                                  214.7243   59.7004 11.4
  3.934 0388 Alaska-slab2-v3                                                                  214.6103   59.7687 12.7
  3.634 0389 Alaska-slab2-v3                                                                  214.4953   59.8373 13.6
  3.436 0390 Alaska-slab2-v3                                                                  214.3795   59.9059 14.2
  3.310 0391 Alaska-slab2-v3                                                                  214.2631   59.9745 14.6
  3.223 0392 Alaska-slab2-v3                                                                  214.1482   60.0437 14.9
  4.021 0427 Alaska-slab2-v3                                                                  214.7141   59.4391  7.3
  4.021 0428 Alaska-slab2-v3                                                                  214.5858   59.4974  9.6
  4.021 0429 Alaska-slab2-v3                                                                  214.4641   59.5605 11.5
  3.894 0430 Alaska-slab2-v3                                                                  214.3463   59.6269 12.9
  3.594 0431 Alaska-slab2-v3                                                                  214.2275   59.6935 13.8
  3.411 0432 Alaska-slab2-v3                                                                  214.1078   59.7602 14.4
  3.307 0433 Alaska-slab2-v3                                                                  213.9875   59.8269 14.7
  3.259 0434 Alaska-slab2-v3                                                                  213.8667   59.8935 14.8
  3.224 0435 Alaska-slab2-v3                                                                  213.7462   59.9604 14.9
  4.021 0468 Alaska-slab2-v3                                                                  214.4693   59.2986  7.2
  4.021 0469 Alaska-slab2-v3                                                                  214.3377   59.3548  9.5
  4.021 0470 Alaska-slab2-v3                                                                  214.2120   59.4156 11.4
  3.888 0471 Alaska-slab2-v3                                                                  214.0899   59.4797 12.8
  3.583 0472 Alaska-slab2-v3                                                                  213.9667   59.5441 13.7
  3.394 0473 Alaska-slab2-v3                                                                  213.8427   59.6084 14.3
  3.290 0474 Alaska-slab2-v3                                                                  213.7181   59.6728 14.6
  3.241 0475 Alaska-slab2-v3                                                                  213.5930   59.7370 14.8
  3.215 0476 Alaska-slab2-v3                                                                  213.4673   59.8012 14.9
  3.186 0477 Alaska-slab2-v3                                                                  213.3418   59.8654 14.9
  4.021 0509 Alaska-slab2-v3                                                                  214.2376   59.1532  7.1
  4.021 0510 Alaska-slab2-v3                                                                  214.1024   59.2073  9.3
  4.021 0511 Alaska-slab2-v3                                                                  213.9719   59.2655 11.1
  3.980 0512 Alaska-slab2-v3                                                                  213.8453   59.3270 12.4
  3.669 0513 Alaska-slab2-v3                                                                  213.7176   59.3887 13.3
  3.466 0514 Alaska-slab2-v3                                                                  213.5892   59.4504 14.0
  3.338 0515 Alaska-slab2-v3                                                                  213.4601   59.5121 14.4
  3.262 0516 Alaska-slab2-v3                                                                  213.3304   59.5737 14.6
  3.216 0517 Alaska-slab2-v3                                                                  213.2003   59.6352 14.7
  3.164 0518 Alaska-slab2-v3                                                                  213.0697   59.6965 14.9
  4.021 0550 Alaska-slab2-v3                                                                  214.0194   59.0030  7.0
  4.021 0551 Alaska-slab2-v3                                                                  213.8813   59.0556  8.9
  4.021 0552 Alaska-slab2-v3                                                                  213.7467   59.1112 10.6
  4.021 0553 Alaska-slab2-v3                                                                  213.6158   59.1701 11.9
  3.867 0554 Alaska-slab2-v3                                                                  213.4846   59.2294 12.9
  3.637 0555 Alaska-slab2-v3                                                                  213.3527   59.2888 13.6
  3.478 0556 Alaska-slab2-v3                                                                  213.2201   59.3481 14.1
  3.364 0557 Alaska-slab2-v3                                                                  213.0869   59.4073 14.4
  3.276 0558 Alaska-slab2-v3                                                                  212.9532   59.4664 14.7
  3.195 0559 Alaska-slab2-v3                                                                  212.8188   59.5252 14.9
  4.021 0590 Alaska-slab2-v3                                                                  213.8124   58.8490  6.9
  4.021 0591 Alaska-slab2-v3                                                                  213.6725   58.9003  8.7
  4.021 0592 Alaska-slab2-v3                                                                  213.5347   58.9537 10.2
  4.021 0593 Alaska-slab2-v3                                                                  213.4001   59.0099 11.5
  3.976 0594 Alaska-slab2-v3                                                                  213.2660   59.0671 12.5
  3.719 0595 Alaska-slab2-v3                                                                  213.1312   59.1243 13.3
  3.521 0596 Alaska-slab2-v3                                                                  212.9957   59.1814 13.9
  3.372 0597 Alaska-slab2-v3                                                                  212.8597   59.2385 14.4
  3.248 0598 Alaska-slab2-v3                                                                  212.7232   59.2954 14.8
  4.021 0628 Alaska-slab2-v3                                                                  213.6139   58.6921  6.9
  4.021 0629 Alaska-slab2-v3                                                                  213.4727   58.7421  8.6
  4.021 0630 Alaska-slab2-v3                                                                  213.3324   58.7934 10.1
  4.021 0631 Alaska-slab2-v3                                                                  213.1942   58.8468 11.4
  4.000 0632 Alaska-slab2-v3                                                                  213.0564   58.9011 12.4
  3.731 0633 Alaska-slab2-v3                                                                  212.9178   58.9554 13.3
  3.517 0634 Alaska-slab2-v3                                                                  212.7787   59.0096 13.9
  3.348 0635 Alaska-slab2-v3                                                                  212.6390   59.0637 14.5
  3.211 0636 Alaska-slab2-v3                                                                  212.4985   59.1175 14.9
  4.021 0664 Alaska-slab2-v3                                                                  213.4216   58.5336  6.9
  4.021 0665 Alaska-slab2-v3                                                                  213.2794   58.5822  8.7
  4.021 0666 Alaska-slab2-v3                                                                  213.1372   58.6314 10.3
  4.021 0667 Alaska-slab2-v3                                                                  212.9951   58.6814 11.6
  3.973 0668 Alaska-slab2-v3                                                                  212.8525   58.7318 12.6
  3.709 0669 Alaska-slab2-v3                                                                  212.7092   58.7822 13.5
  3.507 0670 Alaska-slab2-v3                                                                  212.5653   58.8324 14.1
  3.349 0671 Alaska-slab2-v3                                                                  212.4209   58.8826 14.6
  3.227 0672 Alaska-slab2-v3                                                                  212.2756   58.9323 15.0
  4.021 0699 Alaska-slab2-v3                                                                  213.2312   58.3782  7.1
  4.021 0700 Alaska-slab2-v3                                                                  213.0897   58.4261  9.1
  4.021 0701 Alaska-slab2-v3                                                                  212.9473   58.4744 10.8
  4.021 0702 Alaska-slab2-v3                                                                  212.8039   58.5229 12.1
  3.793 0703 Alaska-slab2-v3                                                                  212.6595   58.5714 13.1
  3.554 0704 Alaska-slab2-v3                                                                  212.5144   58.6199 13.9
  3.389 0705 Alaska-slab2-v3                                                                  212.3686   58.6683 14.4
  3.272 0706 Alaska-slab2-v3                                                                  212.2224   58.7166 14.7
  4.021 0734 Alaska-slab2-v3                                                                  213.0391   58.2265  7.2
  4.021 0735 Alaska-slab2-v3                                                                  212.8990   58.2742  9.5
  4.021 0736 Alaska-slab2-v3                                                                  212.7582   58.3227 11.3
  3.875 0737 Alaska-slab2-v3                                                                  212.6163   58.3719 12.7
  3.560 0738 Alaska-slab2-v3                                                                  212.4734   58.4212 13.7
  3.354 0739 Alaska-slab2-v3                                                                  212.3297   58.4705 14.3
  3.232 0740 Alaska-slab2-v3                                                                  212.1853   58.5196 14.7
  3.163 0741 Alaska-slab2-v3                                                                  212.0405   58.5687 14.9
  4.021 0769 Alaska-slab2-v3                                                                  212.8435   58.0761  7.3
  4.021 0770 Alaska-slab2-v3                                                                  212.7037   58.1232  9.6
  4.021 0771 Alaska-slab2-v3                                                                  212.5640   58.1721 11.5
  3.774 0772 Alaska-slab2-v3                                                                  212.4241   58.2223 12.9
  3.462 0773 Alaska-slab2-v3                                                                  212.2830   58.2726 13.8
  3.266 0774 Alaska-slab2-v3                                                                  212.1411   58.3229 14.4
  3.156 0775 Alaska-slab2-v3                                                                  211.9987   58.3731 14.7
  3.100 0776 Alaska-slab2-v3                                                                  211.8558   58.4231 14.9
  3.066 0777 Alaska-slab2-v3                                                                  211.7126   58.4732 15.0
  4.021 0803 Alaska-slab2-v3                                                                  212.6419   57.9286  7.2
  4.021 0804 Alaska-slab2-v3                                                                  212.5018   57.9757  9.3
  4.021 0805 Alaska-slab2-v3                                                                  212.3630   58.0250 11.1
  4.010 0806 Alaska-slab2-v3                                                                  212.2250   58.0764 12.5
  3.699 0807 Alaska-slab2-v3                                                                  212.0860   58.1278 13.4
  3.495 0808 Alaska-slab2-v3                                                                  211.9461   58.1791 14.1
  3.363 0809 Alaska-slab2-v3                                                                  211.8057   58.2304 14.5
  3.285 0810 Alaska-slab2-v3                                                                  211.6649   58.2816 14.7
  3.224 0811 Alaska-slab2-v3                                                                  211.5236   58.3327 14.9
  4.021 0837 Alaska-slab2-v3                                                                  212.4328   57.7855  7.0
  4.021 0838 Alaska-slab2-v3                                                                  212.2938   57.8339  8.9
  4.021 0839 Alaska-slab2-v3                                                                  212.1557   57.8839 10.5
  4.021 0840 Alaska-slab2-v3                                                                  212.0188   57.9358 11.8
  3.874 0841 Alaska-slab2-v3                                                                  211.8814   57.9880 12.8
  3.642 0842 Alaska-slab2-v3                                                                  211.7432   58.0402 13.5
  3.472 0843 Alaska-slab2-v3                                                                  211.6045   58.0922 14.0
  3.348 0844 Alaska-slab2-v3                                                                  211.4652   58.1442 14.4
  3.240 0845 Alaska-slab2-v3                                                                  211.3256   58.1960 14.7
  4.021 0871 Alaska-slab2-v3                                                                  212.2148   57.6471  6.8
  4.021 0872 Alaska-slab2-v3                                                                  212.0783   57.6978  8.4
  4.021 0873 Alaska-slab2-v3                                                                  211.9416   57.7490  9.9
  4.021 0874 Alaska-slab2-v3                                                                  211.8053   57.8010 11.1
  4.021 0875 Alaska-slab2-v3                                                                  211.6687   57.8535 12.1
  3.800 0876 Alaska-slab2-v3                                                                  211.5314   57.9059 12.8
  3.595 0877 Alaska-slab2-v3                                                                  211.3937   57.9582 13.5
  3.420 0878 Alaska-slab2-v3                                                                  211.2554   58.0104 14.0
  3.268 0879 Alaska-slab2-v3                                                                  211.1167   58.0625 14.4
  3.113 0880 Alaska-slab2-v3                                                                  210.9789   58.1152 14.9
  7.038 0904 Alaska-slab2-v3                                                                  211.9868   57.5137  6.7
  7.038 0905 Alaska-slab2-v3                                                                  211.8526   57.5663  8.1
  7.038 0906 Alaska-slab2-v3                                                                  211.7178   57.6189  9.4
  7.038 0907 Alaska-slab2-v3                                                                  211.5824   57.6714 10.6
  7.038 0908 Alaska-slab2-v3                                                                  211.4462   57.7238 11.5
  7.038 0909 Alaska-slab2-v3                                                                  211.3094   57.7761 12.4
  6.637 0910 Alaska-slab2-v3                                                                  211.1721   57.8283 13.1
  6.273 0911 Alaska-slab2-v3                                                                  211.0343   57.8803 13.7
  5.931 0912 Alaska-slab2-v3                                                                  210.8961   57.9322 14.3
  5.602 0913 Alaska-slab2-v3                                                                  210.7591   57.9852 14.9
 10.054 0937 Alaska-slab2-v3                                                                  211.7476   57.3859  6.7
 10.054 0938 Alaska-slab2-v3                                                                  211.6147   57.4395  7.9
 10.054 0939 Alaska-slab2-v3                                                                  211.4814   57.4929  9.1
 10.054 0940 Alaska-slab2-v3                                                                  211.3469   57.5459 10.2
 10.054 0941 Alaska-slab2-v3                                                                  211.2112   57.5983 11.2
 10.054 0942 Alaska-slab2-v3                                                                  211.0747   57.6504 12.1
  9.670 0943 Alaska-slab2-v3                                                                  210.9378   57.7023 12.9
  9.072 0944 Alaska-slab2-v3                                                                  210.8003   57.7542 13.7
  8.507 0945 Alaska-slab2-v3                                                                  210.6624   57.8059 14.4
 13.070 0970 Alaska-slab2-v3                                                                  211.4967   57.2642  6.6
 13.070 0971 Alaska-slab2-v3                                                                  211.3640   57.3176  7.8
 13.070 0972 Alaska-slab2-v3                                                                  211.2308   57.3710  9.0
 13.070 0973 Alaska-slab2-v3                                                                  211.0969   57.4240 10.1
 13.070 0974 Alaska-slab2-v3                                                                  210.9619   57.4765 11.1
 13.070 0975 Alaska-slab2-v3                                                                  210.8263   57.5288 12.1
 12.490 0976 Alaska-slab2-v3                                                                  210.6901   57.5810 12.9
 11.646 0977 Alaska-slab2-v3                                                                  210.5535   57.6331 13.7
 10.854 0978 Alaska-slab2-v3                                                                  210.4165   57.6851 14.5
 16.086 1002 Alaska-slab2-v3                                                                  211.2352   57.1486  6.7
 16.086 1003 Alaska-slab2-v3                                                                  211.1013   57.2007  7.9
 16.086 1004 Alaska-slab2-v3                                                                  210.9669   57.2526  9.2
 16.086 1005 Alaska-slab2-v3                                                                  210.8334   57.3056 10.3
 16.086 1006 Alaska-slab2-v3                                                                  210.7011   57.3598 11.3
 16.086 1007 Alaska-slab2-v3                                                                  210.5684   57.4139 12.2
 15.197 1008 Alaska-slab2-v3                                                                  210.4353   57.4680 13.0
 14.217 1009 Alaska-slab2-v3                                                                  210.3017   57.5220 13.7
 13.276 1010 Alaska-slab2-v3                                                                  210.1676   57.5759 14.5
 16.086 1034 Alaska-slab2-v3                                                                  210.9648   57.0387  6.8
 16.086 1035 Alaska-slab2-v3                                                                  210.8281   57.0879  8.2
 16.086 1036 Alaska-slab2-v3                                                                  210.6921   57.1379  9.5
 16.086 1037 Alaska-slab2-v3                                                                  210.5617   57.1925 10.6
 16.086 1038 Alaska-slab2-v3                                                                  210.4359   57.2507 11.6
 16.086 1039 Alaska-slab2-v3                                                                  210.3097   57.3090 12.3
 15.226 1040 Alaska-slab2-v3                                                                  210.1830   57.3673 13.0
 14.432 1041 Alaska-slab2-v3                                                                  210.0559   57.4255 13.6
 13.676 1042 Alaska-slab2-v3                                                                  209.9283   57.4835 14.2
 12.895 1043 Alaska-slab2-v3                                                                  209.8016   57.5422 14.8
 16.086 1065 Alaska-slab2-v3                                                                  210.6874   56.9346  6.8
 16.086 1066 Alaska-slab2-v3                                                                  210.5480   56.9808  8.4
 16.086 1067 Alaska-slab2-v3                                                                  210.4119   57.0299  9.8
 16.086 1068 Alaska-slab2-v3                                                                  210.2868   57.0872 10.9
 16.086 1069 Alaska-slab2-v3                                                                  210.1685   57.1498 11.8
 15.668 1070 Alaska-slab2-v3                                                                  210.0496   57.2125 12.4
 14.977 1071 Alaska-slab2-v3                                                                  209.9302   57.2750 12.9
 14.380 1072 Alaska-slab2-v3                                                                  209.8103   57.3375 13.4
 13.795 1073 Alaska-slab2-v3                                                                  209.6901   57.3999 13.8
 13.132 1074 Alaska-slab2-v3                                                                  209.5694   57.4622 14.3
 12.322 1075 Alaska-slab2-v3                                                                  209.4478   57.5238 14.9
 16.086 1095 Alaska-slab2-v3                                                                  210.4074   56.8380  6.8
 16.086 1096 Alaska-slab2-v3                                                                  210.2708   56.8864  8.3
 16.086 1097 Alaska-slab2-v3                                                                  210.1362   56.9367  9.6
 16.086 1098 Alaska-slab2-v3                                                                  210.0128   56.9950 10.7
 16.086 1099 Alaska-slab2-v3                                                                  209.8978   57.0594 11.5
 16.032 1100 Alaska-slab2-v3                                                                  209.7823   57.1238 12.1
 15.406 1101 Alaska-slab2-v3                                                                  209.6663   57.1881 12.6
 14.873 1102 Alaska-slab2-v3                                                                  209.5498   57.2524 13.0
 14.327 1103 Alaska-slab2-v3                                                                  209.4329   57.3166 13.4
 13.674 1104 Alaska-slab2-v3                                                                  209.3157   57.3806 13.9
 12.807 1105 Alaska-slab2-v3                                                                  209.1981   57.4444 14.5
 16.086 1124 Alaska-slab2-v3                                                                  210.1278   56.7480  6.7
 16.086 1125 Alaska-slab2-v3                                                                  210.0014   56.8041  8.0
 16.086 1126 Alaska-slab2-v3                                                                  209.8744   56.8602  9.1
 16.086 1127 Alaska-slab2-v3                                                                  209.7519   56.9196 10.1
 16.086 1128 Alaska-slab2-v3                                                                  209.6341   56.9823 10.9
 16.086 1129 Alaska-slab2-v3                                                                  209.5161   57.0452 11.5
 16.086 1130 Alaska-slab2-v3                                                                  209.3976   57.1080 12.0
 15.568 1131 Alaska-slab2-v3                                                                  209.2787   57.1707 12.5
 14.865 1132 Alaska-slab2-v3                                                                  209.1594   57.2333 13.0
 14.002 1133 Alaska-slab2-v3                                                                  209.0398   57.2957 13.7
 12.900 1134 Alaska-slab2-v3                                                                  208.9194   57.3575 14.5
 16.086 1153 Alaska-slab2-v3                                                                  209.8466   56.6594  6.6
 16.086 1154 Alaska-slab2-v3                                                                  209.7304   56.7223  7.6
 16.086 1155 Alaska-slab2-v3                                                                  209.6138   56.7850  8.6
 16.086 1156 Alaska-slab2-v3                                                                  209.4968   56.8478  9.5
 16.086 1157 Alaska-slab2-v3                                                                  209.3777   56.9096 10.4
 16.086 1158 Alaska-slab2-v3                                                                  209.2553   56.9697 11.1
 16.086 1159 Alaska-slab2-v3                                                                  209.1314   57.0291 11.7
 15.734 1160 Alaska-slab2-v3                                                                  209.0072   57.0883 12.4
 14.739 1161 Alaska-slab2-v3                                                                  208.8826   57.1474 13.1
 13.558 1162 Alaska-slab2-v3                                                                  208.7578   57.2063 14.0
 16.086 1181 Alaska-slab2-v3                                                                  209.5620   56.5690  6.5
 16.086 1182 Alaska-slab2-v3                                                                  209.4493   56.6338  7.4
 16.086 1183 Alaska-slab2-v3                                                                  209.3362   56.6985  8.4
 16.086 1184 Alaska-slab2-v3                                                                  209.2227   56.7631  9.3
 16.086 1185 Alaska-slab2-v3                                                                  209.1047   56.8252 10.2
 16.086 1186 Alaska-slab2-v3                                                                  208.9805   56.8838 11.0
 16.086 1187 Alaska-slab2-v3                                                                  208.8540   56.9412 11.9
 14.995 1188 Alaska-slab2-v3                                                                  208.7273   56.9984 12.8
 13.669 1189 Alaska-slab2-v3                                                                  208.6002   57.0555 13.8
 12.183 1190 Alaska-slab2-v3                                                                  208.4722   57.1118 14.9
 16.086 1208 Alaska-slab2-v3                                                                  209.2769   56.4763  6.5
 16.086 1209 Alaska-slab2-v3                                                                  209.1633   56.5403  7.6
 16.086 1210 Alaska-slab2-v3                                                                  209.0493   56.6043  8.6
 16.086 1211 Alaska-slab2-v3                                                                  208.9339   56.6675  9.7
 16.086 1212 Alaska-slab2-v3                                                                  208.8140   56.7282 10.7
 16.086 1213 Alaska-slab2-v3                                                                  208.6901   56.7867 11.7
 15.576 1214 Alaska-slab2-v3                                                                  208.5650   56.8445 12.7
 14.217 1215 Alaska-slab2-v3                                                                  208.4395   56.9022 13.7
 12.780 1216 Alaska-slab2-v3                                                                  208.3132   56.9594 14.8
 16.086 1235 Alaska-slab2-v3                                                                  208.9945   56.3819  6.7
 16.086 1236 Alaska-slab2-v3                                                                  208.8802   56.4447  8.1
 16.086 1237 Alaska-slab2-v3                                                                  208.7647   56.5072  9.4
 16.086 1238 Alaska-slab2-v3                                                                  208.6463   56.5684 10.6
 16.086 1239 Alaska-slab2-v3                                                                  208.5248   56.6279 11.7
 15.048 1240 Alaska-slab2-v3                                                                  208.4020   56.6869 12.7
 13.742 1241 Alaska-slab2-v3                                                                  208.2787   56.7458 13.7
 12.435 1242 Alaska-slab2-v3                                                                  208.1550   56.8045 14.6
 16.086 1261 Alaska-slab2-v3                                                                  208.7142   56.2852  7.0
 16.086 1262 Alaska-slab2-v3                                                                  208.5983   56.3460  8.8
 16.086 1263 Alaska-slab2-v3                                                                  208.4812   56.4069 10.4
 16.086 1264 Alaska-slab2-v3                                                                  208.3622   56.4673 11.7
 15.197 1265 Alaska-slab2-v3                                                                  208.2418   56.5275 12.7
 14.074 1266 Alaska-slab2-v3                                                                  208.1208   56.5876 13.5
 13.045 1267 Alaska-slab2-v3                                                                  207.9993   56.6476 14.3
 16.086 1286 Alaska-slab2-v3                                                                  208.4356   56.1865  7.2
 16.086 1287 Alaska-slab2-v3                                                                  208.3171   56.2446  9.4
 16.086 1288 Alaska-slab2-v3                                                                  208.2000   56.3048 11.1
 15.687 1289 Alaska-slab2-v3                                                                  208.0836   56.3666 12.4
 14.504 1290 Alaska-slab2-v3                                                                  207.9663   56.4286 13.3
 13.640 1291 Alaska-slab2-v3                                                                  207.8484   56.4905 13.9
 12.895 1292 Alaska-slab2-v3                                                                  207.7301   56.5524 14.5
 16.086 1311 Alaska-slab2-v3                                                                  208.1595   56.0867  7.3
 16.086 1312 Alaska-slab2-v3                                                                  208.0398   56.1434  9.6
 16.086 1313 Alaska-slab2-v3                                                                  207.9244   56.2042 11.4
 15.506 1314 Alaska-slab2-v3                                                                  207.8116   56.2679 12.6
 14.424 1315 Alaska-slab2-v3                                                                  207.6980   56.3317 13.5
 13.686 1316 Alaska-slab2-v3                                                                  207.5837   56.3957 14.0
 13.106 1317 Alaska-slab2-v3                                                                  207.4690   56.4595 14.5
 12.460 1318 Alaska-slab2-v3                                                                  207.3537   56.5231 14.9
 16.086 1335 Alaska-slab2-v3                                                                  207.8868   55.9865  7.2
 16.086 1336 Alaska-slab2-v3                                                                  207.7667   56.0430  9.5
 16.086 1337 Alaska-slab2-v3                                                                  207.6526   56.1043 11.3
 15.904 1338 Alaska-slab2-v3                                                                  207.5425   56.1693 12.5
 14.826 1339 Alaska-slab2-v3                                                                  207.4315   56.2344 13.4
 14.099 1340 Alaska-slab2-v3                                                                  207.3199   56.2996 13.9
 13.541 1341 Alaska-slab2-v3                                                                  207.2079   56.3648 14.4
 12.918 1342 Alaska-slab2-v3                                                                  207.0952   56.4297 14.8
 16.086 1359 Alaska-slab2-v3                                                                  207.6171   55.8859  7.2
 16.086 1360 Alaska-slab2-v3                                                                  207.4972   55.9427  9.3
 16.086 1361 Alaska-slab2-v3                                                                  207.3835   56.0042 11.0
 15.640 1362 Alaska-slab2-v3                                                                  207.2747   56.0698 12.2
 14.465 1363 Alaska-slab2-v3                                                                  207.1652   56.1355 13.1
 13.641 1364 Alaska-slab2-v3                                                                  207.0551   56.2013 13.7
 12.952 1365 Alaska-slab2-v3                                                                  206.9445   56.2670 14.2
 12.210 1366 Alaska-slab2-v3                                                                  206.8334   56.3326 14.8
 16.086 1383 Alaska-slab2-v3                                                                  207.3500   55.7844  7.0
 16.086 1384 Alaska-slab2-v3                                                                  207.2316   55.8425  9.0
 16.086 1385 Alaska-slab2-v3                                                                  207.1181   55.9043 10.6
 16.086 1386 Alaska-slab2-v3                                                                  207.0097   55.9699 11.9
 15.236 1387 Alaska-slab2-v3                                                                  206.9012   56.0360 12.8
 14.307 1388 Alaska-slab2-v3                                                                  206.7921   56.1021 13.5
 13.484 1389 Alaska-slab2-v3                                                                  206.6826   56.1682 14.1
 12.635 1390 Alaska-slab2-v3                                                                  206.5727   56.2341 14.7
 16.086 1406 Alaska-slab2-v3                                                                  207.0854   55.6821  6.9
 16.086 1407 Alaska-slab2-v3                                                                  206.9698   55.7423  8.7
 16.086 1408 Alaska-slab2-v3                                                                  206.8571   55.8047 10.2
 16.086 1409 Alaska-slab2-v3                                                                  206.7489   55.8703 11.4
 15.934 1410 Alaska-slab2-v3                                                                  206.6420   55.9370 12.3
 14.920 1411 Alaska-slab2-v3                                                                  206.5345   56.0037 13.1
 13.998 1412 Alaska-slab2-v3                                                                  206.4266   56.0704 13.8
 13.050 1413 Alaska-slab2-v3                                                                  206.3183   56.1369 14.5
 16.086 1429 Alaska-slab2-v3                                                                  206.8228   55.5788  6.8
 16.086 1430 Alaska-slab2-v3                                                                  206.7109   55.6415  8.3
 16.086 1431 Alaska-slab2-v3                                                                  206.5997   55.7049  9.7
 16.086 1432 Alaska-slab2-v3                                                                  206.4925   55.7709 10.9
 16.086 1433 Alaska-slab2-v3                                                                  206.3880   55.8387 11.8
 15.436 1434 Alaska-slab2-v3                                                                  206.2831   55.9065 12.6
 14.455 1435 Alaska-slab2-v3                                                                  206.1777   55.9743 13.4
 13.447 1436 Alaska-slab2-v3                                                                  206.0720   56.0420 14.1
 12.333 1437 Alaska-slab2-v3                                                                  205.9655   56.1092 15.0
