 33.585 0904 Alaska-slab2-v3                                                                  211.9868   57.5137  6.7
 30.565 0905 Alaska-slab2-v3                                                                  211.8526   57.5663  8.1
 24.704 0906 Alaska-slab2-v3                                                                  211.7178   57.6189  9.4
 19.565 0907 Alaska-slab2-v3                                                                  211.5824   57.6714 10.6
 15.147 0908 Alaska-slab2-v3                                                                  211.4462   57.7238 11.5
 11.405 0909 Alaska-slab2-v3                                                                  211.3094   57.7761 12.4
  8.205 0910 Alaska-slab2-v3                                                                  211.1721   57.8283 13.1
  5.320 0911 Alaska-slab2-v3                                                                  211.0343   57.8803 13.7
  2.615 0912 Alaska-slab2-v3                                                                  210.8961   57.9322 14.3
 33.585 0937 Alaska-slab2-v3                                                                  211.7476   57.3859  6.7
 30.124 0938 Alaska-slab2-v3                                                                  211.6147   57.4395  7.9
 24.464 0939 Alaska-slab2-v3                                                                  211.4814   57.4929  9.1
 19.272 0940 Alaska-slab2-v3                                                                  211.3469   57.5459 10.2
 14.641 0941 Alaska-slab2-v3                                                                  211.2112   57.5983 11.2
 10.478 0942 Alaska-slab2-v3                                                                  211.0747   57.6504 12.1
  6.736 0943 Alaska-slab2-v3                                                                  210.9378   57.7023 12.9
  3.274 0944 Alaska-slab2-v3                                                                  210.8003   57.7542 13.7
 33.585 0970 Alaska-slab2-v3                                                                  211.4967   57.2642  6.6
 30.781 0971 Alaska-slab2-v3                                                                  211.3640   57.3176  7.8
 25.311 0972 Alaska-slab2-v3                                                                  211.2308   57.3710  9.0
 20.165 0973 Alaska-slab2-v3                                                                  211.0969   57.4240 10.1
 15.483 0974 Alaska-slab2-v3                                                                  210.9619   57.4765 11.1
 11.172 0975 Alaska-slab2-v3                                                                  210.8263   57.5288 12.1
  7.185 0976 Alaska-slab2-v3                                                                  210.6901   57.5810 12.9
  3.477 0977 Alaska-slab2-v3                                                                  210.5535   57.6331 13.7
 33.585 1002 Alaska-slab2-v3                                                                  211.2352   57.1486  6.7
 30.287 1003 Alaska-slab2-v3                                                                  211.1013   57.2007  7.9
 24.620 1004 Alaska-slab2-v3                                                                  210.9669   57.2526  9.2
 19.417 1005 Alaska-slab2-v3                                                                  210.8334   57.3056 10.3
 14.772 1006 Alaska-slab2-v3                                                                  210.7011   57.3598 11.3
 10.638 1007 Alaska-slab2-v3                                                                  210.5684   57.4139 12.2
  6.829 1008 Alaska-slab2-v3                                                                  210.4353   57.4680 13.0
  3.345 1009 Alaska-slab2-v3                                                                  210.3017   57.5220 13.7
 33.585 1034 Alaska-slab2-v3                                                                  210.9648   57.0387  6.8
 30.045 1035 Alaska-slab2-v3                                                                  210.8281   57.0879  8.2
 24.100 1036 Alaska-slab2-v3                                                                  210.6921   57.1379  9.5
 18.971 1037 Alaska-slab2-v3                                                                  210.5617   57.1925 10.6
 14.705 1038 Alaska-slab2-v3                                                                  210.4359   57.2507 11.6
 11.165 1039 Alaska-slab2-v3                                                                  210.3097   57.3090 12.3
  8.124 1040 Alaska-slab2-v3                                                                  210.1830   57.3673 13.0
  5.355 1041 Alaska-slab2-v3                                                                  210.0559   57.4255 13.6
  2.723 1042 Alaska-slab2-v3                                                                  209.9283   57.4835 14.2
 33.585 1065 Alaska-slab2-v3                                                                  210.6874   56.9346  6.8
 29.519 1066 Alaska-slab2-v3                                                                  210.5480   56.9808  8.4
 23.274 1067 Alaska-slab2-v3                                                                  210.4119   57.0299  9.8
 18.197 1068 Alaska-slab2-v3                                                                  210.2868   57.0872 10.9
 14.333 1069 Alaska-slab2-v3                                                                  210.1685   57.1498 11.8
 11.322 1070 Alaska-slab2-v3                                                                  210.0496   57.2125 12.4
  8.986 1071 Alaska-slab2-v3                                                                  209.9302   57.2750 12.9
  6.964 1072 Alaska-slab2-v3                                                                  209.8103   57.3375 13.4
  4.987 1073 Alaska-slab2-v3                                                                  209.6901   57.3999 13.8
  2.741 1074 Alaska-slab2-v3                                                                  209.5694   57.4622 14.3
 33.585 1095 Alaska-slab2-v3                                                                  210.4074   56.8380  6.8
 28.800 1096 Alaska-slab2-v3                                                                  210.2708   56.8864  8.3
 22.652 1097 Alaska-slab2-v3                                                                  210.1362   56.9367  9.6
 17.659 1098 Alaska-slab2-v3                                                                  210.0128   56.9950 10.7
 13.961 1099 Alaska-slab2-v3                                                                  209.8978   57.0594 11.5
 11.187 1100 Alaska-slab2-v3                                                                  209.7823   57.1238 12.1
  9.015 1101 Alaska-slab2-v3                                                                  209.6663   57.1881 12.6
  7.165 1102 Alaska-slab2-v3                                                                  209.5498   57.2524 13.0
  5.270 1103 Alaska-slab2-v3                                                                  209.4329   57.3166 13.4
  3.005 1104 Alaska-slab2-v3                                                                  209.3157   57.3806 13.9
 33.585 1124 Alaska-slab2-v3                                                                  210.1278   56.7480  6.7
 30.347 1125 Alaska-slab2-v3                                                                  210.0014   56.8041  8.0
 24.934 1126 Alaska-slab2-v3                                                                  209.8744   56.8602  9.1
 20.355 1127 Alaska-slab2-v3                                                                  209.7519   56.9196 10.1
 16.746 1128 Alaska-slab2-v3                                                                  209.6341   56.9823 10.9
 13.924 1129 Alaska-slab2-v3                                                                  209.5161   57.0452 11.5
 11.519 1130 Alaska-slab2-v3                                                                  209.3976   57.1080 12.0
  9.298 1131 Alaska-slab2-v3                                                                  209.2787   57.1707 12.5
  6.847 1132 Alaska-slab2-v3                                                                  209.1594   57.2333 13.0
  3.840 1133 Alaska-slab2-v3                                                                  209.0398   57.2957 13.7
 33.585 1153 Alaska-slab2-v3                                                                  209.8466   56.6594  6.6
 30.736 1154 Alaska-slab2-v3                                                                  209.7304   56.7223  7.6
 25.901 1155 Alaska-slab2-v3                                                                  209.6138   56.7850  8.6
 21.496 1156 Alaska-slab2-v3                                                                  209.4968   56.8478  9.5
 17.618 1157 Alaska-slab2-v3                                                                  209.3777   56.9096 10.4
 14.267 1158 Alaska-slab2-v3                                                                  209.2553   56.9697 11.1
 11.059 1159 Alaska-slab2-v3                                                                  209.1314   57.0291 11.7
  7.852 1160 Alaska-slab2-v3                                                                  209.0072   57.0883 12.4
  4.261 1161 Alaska-slab2-v3                                                                  208.8826   57.1474 13.1
 33.585 1181 Alaska-slab2-v3                                                                  209.5620   56.5690  6.5
 33.585 1182 Alaska-slab2-v3                                                                  209.4493   56.6338  7.4
 29.514 1183 Alaska-slab2-v3                                                                  209.3362   56.6985  8.4
 25.374 1184 Alaska-slab2-v3                                                                  209.2227   56.7631  9.3
 21.415 1185 Alaska-slab2-v3                                                                  209.1047   56.8252 10.2
 17.501 1186 Alaska-slab2-v3                                                                  208.9805   56.8838 11.0
 13.587 1187 Alaska-slab2-v3                                                                  208.8540   56.9412 11.9
  9.448 1188 Alaska-slab2-v3                                                                  208.7273   56.9984 12.8
  4.994 1189 Alaska-slab2-v3                                                                  208.6002   57.0555 13.8
 33.585 1208 Alaska-slab2-v3                                                                  209.2769   56.4763  6.5
 32.816 1209 Alaska-slab2-v3                                                                  209.1633   56.5403  7.6
 28.063 1210 Alaska-slab2-v3                                                                  209.0493   56.6043  8.6
 23.401 1211 Alaska-slab2-v3                                                                  208.9339   56.6675  9.7
 18.829 1212 Alaska-slab2-v3                                                                  208.8140   56.7282 10.7
 14.303 1213 Alaska-slab2-v3                                                                  208.6901   56.7867 11.7
  9.686 1214 Alaska-slab2-v3                                                                  208.5650   56.8445 12.7
  4.979 1215 Alaska-slab2-v3                                                                  208.4395   56.9022 13.7
 33.585 1235 Alaska-slab2-v3                                                                  208.9945   56.3819  6.7
 29.940 1236 Alaska-slab2-v3                                                                  208.8802   56.4447  8.1
 23.888 1237 Alaska-slab2-v3                                                                  208.7647   56.5072  9.4
 18.432 1238 Alaska-slab2-v3                                                                  208.6463   56.5684 10.6
 13.480 1239 Alaska-slab2-v3                                                                  208.5248   56.6279 11.7
  8.895 1240 Alaska-slab2-v3                                                                  208.4020   56.6869 12.7
  4.447 1241 Alaska-slab2-v3                                                                  208.2787   56.7458 13.7
 33.585 1261 Alaska-slab2-v3                                                                  208.7142   56.2852  7.0
 25.723 1262 Alaska-slab2-v3                                                                  208.5983   56.3460  8.8
 18.259 1263 Alaska-slab2-v3                                                                  208.4812   56.4069 10.4
 12.298 1264 Alaska-slab2-v3                                                                  208.3622   56.4673 11.7
  7.557 1265 Alaska-slab2-v3                                                                  208.2418   56.5275 12.7
  3.614 1266 Alaska-slab2-v3                                                                  208.1208   56.5876 13.5
 33.585 1286 Alaska-slab2-v3                                                                  208.4356   56.1865  7.2
 23.718 1287 Alaska-slab2-v3                                                                  208.3171   56.2446  9.4
 15.565 1288 Alaska-slab2-v3                                                                  208.2000   56.3048 11.1
  9.728 1289 Alaska-slab2-v3                                                                  208.0836   56.3666 12.4
  5.605 1290 Alaska-slab2-v3                                                                  207.9663   56.4286 13.3
  2.594 1291 Alaska-slab2-v3                                                                  207.8484   56.4905 13.9
 33.585 1311 Alaska-slab2-v3                                                                  208.1595   56.0867  7.3
 24.172 1312 Alaska-slab2-v3                                                                  208.0398   56.1434  9.6
 16.040 1313 Alaska-slab2-v3                                                                  207.9244   56.2042 11.4
 10.379 1314 Alaska-slab2-v3                                                                  207.8116   56.2679 12.6
  6.695 1315 Alaska-slab2-v3                                                                  207.6980   56.3317 13.5
  4.178 1316 Alaska-slab2-v3                                                                  207.5837   56.3957 14.0
  2.202 1317 Alaska-slab2-v3                                                                  207.4690   56.4595 14.5
 33.585 1335 Alaska-slab2-v3                                                                  207.8868   55.9865  7.2
 24.141 1336 Alaska-slab2-v3                                                                  207.7667   56.0430  9.5
 16.079 1337 Alaska-slab2-v3                                                                  207.6526   56.1043 11.3
 10.418 1338 Alaska-slab2-v3                                                                  207.5425   56.1693 12.5
  6.658 1339 Alaska-slab2-v3                                                                  207.4315   56.2344 13.4
  4.122 1340 Alaska-slab2-v3                                                                  207.3199   56.2996 13.9
  2.174 1341 Alaska-slab2-v3                                                                  207.2079   56.3648 14.4
 33.585 1359 Alaska-slab2-v3                                                                  207.6171   55.8859  7.2
 24.996 1360 Alaska-slab2-v3                                                                  207.4972   55.9427  9.3
 17.179 1361 Alaska-slab2-v3                                                                  207.3835   56.0042 11.0
 11.543 1362 Alaska-slab2-v3                                                                  207.2747   56.0698 12.2
  7.590 1363 Alaska-slab2-v3                                                                  207.1652   56.1355 13.1
  4.817 1364 Alaska-slab2-v3                                                                  207.0551   56.2013 13.7
  2.500 1365 Alaska-slab2-v3                                                                  206.9445   56.2670 14.2
 33.585 1383 Alaska-slab2-v3                                                                  207.3500   55.7844  7.0
 26.147 1384 Alaska-slab2-v3                                                                  207.2316   55.8425  9.0
 18.709 1385 Alaska-slab2-v3                                                                  207.1181   55.9043 10.6
 13.096 1386 Alaska-slab2-v3                                                                  207.0097   55.9699 11.9
  8.944 1387 Alaska-slab2-v3                                                                  206.9012   56.0360 12.8
  5.750 1388 Alaska-slab2-v3                                                                  206.7921   56.1021 13.5
  2.920 1389 Alaska-slab2-v3                                                                  206.6826   56.1682 14.1
 33.585 1406 Alaska-slab2-v3                                                                  207.0854   55.6821  6.9
 27.109 1407 Alaska-slab2-v3                                                                  206.9698   55.7423  8.7
 20.077 1408 Alaska-slab2-v3                                                                  206.8571   55.8047 10.2
 14.526 1409 Alaska-slab2-v3                                                                  206.7489   55.8703 11.4
 10.131 1410 Alaska-slab2-v3                                                                  206.6420   55.9370 12.3
  6.569 1411 Alaska-slab2-v3                                                                  206.5345   56.0037 13.1
  3.331 1412 Alaska-slab2-v3                                                                  206.4266   56.0704 13.8
 33.585 1429 Alaska-slab2-v3                                                                  206.8228   55.5788  6.8
 29.769 1430 Alaska-slab2-v3                                                                  206.7109   55.6415  8.3
 23.617 1431 Alaska-slab2-v3                                                                  206.5997   55.7049  9.7
 18.409 1432 Alaska-slab2-v3                                                                  206.4925   55.7709 10.9
 14.143 1433 Alaska-slab2-v3                                                                  206.3880   55.8387 11.8
 10.507 1434 Alaska-slab2-v3                                                                  206.2831   55.9065 12.6
  7.184 1435 Alaska-slab2-v3                                                                  206.1777   55.9743 13.4
  3.772 1436 Alaska-slab2-v3                                                                  206.0720   56.0420 14.1
 27.288 1452 Alaska-slab2-v3                                                                  206.5623   55.4747  6.7
 24.361 1453 Alaska-slab2-v3                                                                  206.4544   55.5398  8.0
 19.753 1454 Alaska-slab2-v3                                                                  206.3461   55.6049  9.2
 15.636 1455 Alaska-slab2-v3                                                                  206.2403   55.6716 10.3
 12.124 1456 Alaska-slab2-v3                                                                  206.1377   55.7402 11.2
  8.989 1457 Alaska-slab2-v3                                                                  206.0354   55.8091 12.1
  6.081 1458 Alaska-slab2-v3                                                                  205.9326   55.8780 12.8
  3.135 1459 Alaska-slab2-v3                                                                  205.8296   55.9468 13.6
 20.991 1475 Alaska-slab2-v3                                                                  206.3037   55.3696  6.6
 20.285 1476 Alaska-slab2-v3                                                                  206.1998   55.4370  7.7
 17.267 1477 Alaska-slab2-v3                                                                  206.0955   55.5043  8.8
 14.473 1478 Alaska-slab2-v3                                                                  205.9916   55.5720  9.8
 11.906 1479 Alaska-slab2-v3                                                                  205.8897   55.6408 10.7
  9.536 1480 Alaska-slab2-v3                                                                  205.7890   55.7103 11.5
  7.279 1481 Alaska-slab2-v3                                                                  205.6879   55.7798 12.3
  5.022 1482 Alaska-slab2-v3                                                                  205.5864   55.8492 13.1
  2.624 1483 Alaska-slab2-v3                                                                  205.4847   55.9185 13.9
 14.693 1498 Alaska-slab2-v3                                                                  206.0464   55.2637  6.5
 14.328 1499 Alaska-slab2-v3                                                                  205.9463   55.3329  7.4
 12.458 1500 Alaska-slab2-v3                                                                  205.8458   55.4021  8.3
 10.649 1501 Alaska-slab2-v3                                                                  205.7450   55.4712  9.2
  8.881 1502 Alaska-slab2-v3                                                                  205.6444   55.5406 10.1
  7.194 1503 Alaska-slab2-v3                                                                  205.5441   55.6102 10.9
  5.528 1504 Alaska-slab2-v3                                                                  205.4433   55.6797 11.7
  3.800 1505 Alaska-slab2-v3                                                                  205.3421   55.7491 12.6
  1.992 1506 Alaska-slab2-v3                                                                  205.2407   55.8184 13.5
  8.396 1521 Alaska-slab2-v3                                                                  205.7905   55.1568  6.4
  8.229 1522 Alaska-slab2-v3                                                                  205.6936   55.2276  7.2
  7.297 1523 Alaska-slab2-v3                                                                  205.5963   55.2983  7.9
  6.354 1524 Alaska-slab2-v3                                                                  205.4988   55.3689  8.7
  5.410 1525 Alaska-slab2-v3                                                                  205.4008   55.4394  9.5
  4.443 1526 Alaska-slab2-v3                                                                  205.3016   55.5095 10.3
  3.452 1527 Alaska-slab2-v3                                                                  205.2007   55.5787 11.2
  2.389 1528 Alaska-slab2-v3                                                                  205.0989   55.6477 12.1
  1.254 1529 Alaska-slab2-v3                                                                  204.9969   55.7165 13.0
  8.396 1544 Alaska-slab2-v3                                                                  205.5445   55.0436  6.3
  8.372 1545 Alaska-slab2-v3                                                                  205.4491   55.1150  7.0
  7.523 1546 Alaska-slab2-v3                                                                  205.3538   55.1864  7.8
  6.638 1547 Alaska-slab2-v3                                                                  205.2584   55.2577  8.5
  5.717 1548 Alaska-slab2-v3                                                                  205.1624   55.3289  9.3
  4.736 1549 Alaska-slab2-v3                                                                  205.0641   55.3994 10.1
  3.684 1550 Alaska-slab2-v3                                                                  204.9633   55.4688 11.0
  2.548 1551 Alaska-slab2-v3                                                                  204.8619   55.5377 11.9
  1.328 1552 Alaska-slab2-v3                                                                  204.7602   55.6064 12.9
  8.396 1567 Alaska-slab2-v3                                                                  205.3062   54.9248  6.3
  8.396 1568 Alaska-slab2-v3                                                                  205.2114   54.9964  7.0
  7.741 1569 Alaska-slab2-v3                                                                  205.1163   55.0678  7.7
  6.864 1570 Alaska-slab2-v3                                                                  205.0209   55.1392  8.5
  5.929 1571 Alaska-slab2-v3                                                                  204.9251   55.2105  9.3
  4.888 1572 Alaska-slab2-v3                                                                  204.8280   55.2811 10.2
  3.765 1573 Alaska-slab2-v3                                                                  204.7290   55.3509 11.1
  2.561 1574 Alaska-slab2-v3                                                                  204.6291   55.4202 12.2
  1.298 1575 Alaska-slab2-v3                                                                  204.5289   55.4895 13.2
  8.396 1590 Alaska-slab2-v3                                                                  205.0642   54.8092  6.4
  8.396 1591 Alaska-slab2-v3                                                                  204.9702   54.8809  7.1
  7.834 1592 Alaska-slab2-v3                                                                  204.8759   54.9526  7.8
  6.940 1593 Alaska-slab2-v3                                                                  204.7814   55.0242  8.6
  5.965 1594 Alaska-slab2-v3                                                                  204.6865   55.0957  9.4
  4.886 1595 Alaska-slab2-v3                                                                  204.5900   55.1664 10.4
  3.728 1596 Alaska-slab2-v3                                                                  204.4918   55.2363 11.4
  2.501 1597 Alaska-slab2-v3                                                                  204.3930   55.3061 12.5
  1.250 1598 Alaska-slab2-v3                                                                  204.2939   55.3757 13.6
  8.396 1613 Alaska-slab2-v3                                                                  204.8147   54.6997  6.4
  8.396 1614 Alaska-slab2-v3                                                                  204.7219   54.7718  7.2
  7.752 1615 Alaska-slab2-v3                                                                  204.6288   54.8438  8.0
  6.792 1616 Alaska-slab2-v3                                                                  204.5354   54.9157  8.9
  5.775 1617 Alaska-slab2-v3                                                                  204.4412   54.9874  9.8
  4.690 1618 Alaska-slab2-v3                                                                  204.3449   55.0581 10.7
  3.548 1619 Alaska-slab2-v3                                                                  204.2470   55.1280 11.7
  2.362 1620 Alaska-slab2-v3                                                                  204.1487   55.1978 12.8
  1.175 1621 Alaska-slab2-v3                                                                  204.0501   55.2676 13.8
  8.396 1636 Alaska-slab2-v3                                                                  204.5543   54.5999  6.5
  7.966 1637 Alaska-slab2-v3                                                                  204.4627   54.6723  7.4
  6.865 1638 Alaska-slab2-v3                                                                  204.3707   54.7446  8.3
  5.753 1639 Alaska-slab2-v3                                                                  204.2784   54.8168  9.2
  4.629 1640 Alaska-slab2-v3                                                                  204.1843   54.8883 10.2
  3.492 1641 Alaska-slab2-v3                                                                  204.0877   54.9587 11.1
  2.332 1642 Alaska-slab2-v3                                                                  203.9900   55.0287 12.1
  1.172 1643 Alaska-slab2-v3                                                                  203.8920   55.0987 13.1
  8.396 1659 Alaska-slab2-v3                                                                  204.2824   54.5112  6.5
  7.824 1660 Alaska-slab2-v3                                                                  204.1912   54.5835  7.6
  6.597 1661 Alaska-slab2-v3                                                                  204.0996   54.6557  8.6
  5.417 1662 Alaska-slab2-v3                                                                  204.0074   54.7278  9.6
  4.284 1663 Alaska-slab2-v3                                                                  203.9128   54.7990 10.6
  3.186 1664 Alaska-slab2-v3                                                                  203.8162   54.8693 11.5
  2.124 1665 Alaska-slab2-v3                                                                  203.7191   54.9396 12.4
  1.062 1666 Alaska-slab2-v3                                                                  203.6216   55.0097 13.3
  8.396 1681 Alaska-slab2-v3                                                                  204.0016   54.4321  6.6
  7.751 1682 Alaska-slab2-v3                                                                  203.9099   54.5040  7.8
  6.438 1683 Alaska-slab2-v3                                                                  203.8178   54.5758  8.9
  5.206 1684 Alaska-slab2-v3                                                                  203.7246   54.6474 10.0
  4.079 1685 Alaska-slab2-v3                                                                  203.6297   54.7183 10.9
  3.045 1686 Alaska-slab2-v3                                                                  203.5336   54.7888 11.8
  2.034 1687 Alaska-slab2-v3                                                                  203.4371   54.8593 12.7
  1.034 1688 Alaska-slab2-v3                                                                  203.3403   54.9297 13.6
  8.396 1703 Alaska-slab2-v3                                                                  203.7153   54.3603  6.6
  7.798 1704 Alaska-slab2-v3                                                                  203.6229   54.4317  7.9
  6.453 1705 Alaska-slab2-v3                                                                  203.5301   54.5031  9.1
  5.221 1706 Alaska-slab2-v3                                                                  203.4363   54.5742 10.1
  4.104 1707 Alaska-slab2-v3                                                                  203.3410   54.6449 11.1
  3.089 1708 Alaska-slab2-v3                                                                  203.2450   54.7154 12.0
  2.098 1709 Alaska-slab2-v3                                                                  203.1487   54.7859 12.9
  1.083 1710 Alaska-slab2-v3                                                                  203.0520   54.8563 13.8
  8.396 1724 Alaska-slab2-v3                                                                  203.4260   54.2934  6.7
  7.284 1725 Alaska-slab2-v3                                                                  203.3330   54.3645  7.9
  5.825 1726 Alaska-slab2-v3                                                                  203.2397   54.4355  9.2
  4.509 1727 Alaska-slab2-v3                                                                  203.1452   54.5063 10.3
  3.337 1728 Alaska-slab2-v3                                                                  203.0494   54.5766 11.2
  2.237 1729 Alaska-slab2-v3                                                                  202.9530   54.6469 12.2
  1.160 1730 Alaska-slab2-v3                                                                  202.8563   54.7171 13.1
  8.396 1744 Alaska-slab2-v3                                                                  203.1346   54.2305  6.7
  7.435 1745 Alaska-slab2-v3                                                                  203.0409   54.3010  8.0
  5.978 1746 Alaska-slab2-v3                                                                  202.9467   54.3715  9.3
  4.673 1747 Alaska-slab2-v3                                                                  202.8513   54.4418 10.4
  3.508 1748 Alaska-slab2-v3                                                                  202.7548   54.5117 11.4
  2.412 1749 Alaska-slab2-v3                                                                  202.6578   54.5816 12.3
  1.270 1750 Alaska-slab2-v3                                                                  202.5605   54.6514 13.3
  8.396 1764 Alaska-slab2-v3                                                                  202.8416   54.1708  6.7
  7.664 1765 Alaska-slab2-v3                                                                  202.7468   54.2407  8.1
  6.199 1766 Alaska-slab2-v3                                                                  202.6515   54.3106  9.4
  4.903 1767 Alaska-slab2-v3                                                                  202.5552   54.3803 10.6
  3.730 1768 Alaska-slab2-v3                                                                  202.4578   54.4497 11.6
  2.603 1769 Alaska-slab2-v3                                                                  202.3600   54.5191 12.6
  1.386 1770 Alaska-slab2-v3                                                                  202.2619   54.5883 13.7
  8.396 1783 Alaska-slab2-v3                                                                  202.5474   54.1138  6.7
  7.066 1784 Alaska-slab2-v3                                                                  202.4519   54.1833  8.1
  5.478 1785 Alaska-slab2-v3                                                                  202.3560   54.2528  9.5
  4.034 1786 Alaska-slab2-v3                                                                  202.2587   54.3219 10.7
  2.721 1787 Alaska-slab2-v3                                                                  202.1601   54.3906 11.8
  1.408 1788 Alaska-slab2-v3                                                                  202.0612   54.4592 12.9
  8.396 1802 Alaska-slab2-v3                                                                  202.2527   54.0590  6.7
  7.278 1803 Alaska-slab2-v3                                                                  202.1571   54.1283  8.2
  5.695 1804 Alaska-slab2-v3                                                                  202.0608   54.1975  9.5
  4.239 1805 Alaska-slab2-v3                                                                  201.9626   54.2661 10.8
  2.876 1806 Alaska-slab2-v3                                                                  201.8628   54.3340 11.9
  1.491 1807 Alaska-slab2-v3                                                                  201.7627   54.4018 13.1
  8.396 1820 Alaska-slab2-v3                                                                  201.9577   54.0054  6.8
  7.420 1821 Alaska-slab2-v3                                                                  201.8617   54.0745  8.2
  5.845 1822 Alaska-slab2-v3                                                                  201.7650   54.1434  9.6
  4.384 1823 Alaska-slab2-v3                                                                  201.6662   54.2115 10.9
  2.991 1824 Alaska-slab2-v3                                                                  201.5657   54.2789 12.1
  1.575 1825 Alaska-slab2-v3                                                                  201.4649   54.3462 13.3
  8.384 1838 Alaska-slab2-v3                                                                  201.6623   53.9521  6.8
  6.477 1839 Alaska-slab2-v3                                                                  201.5647   54.0202  8.3
  4.706 1840 Alaska-slab2-v3                                                                  201.4665   54.0882  9.8
  3.108 1841 Alaska-slab2-v3                                                                  201.3671   54.1560 11.1
  1.585 1842 Alaska-slab2-v3                                                                  201.2668   54.2234 12.3
  8.396 1855 Alaska-slab2-v3                                                                  201.3664   53.8981  6.9
  6.481 1856 Alaska-slab2-v3                                                                  201.2655   53.9641  8.6
  4.650 1857 Alaska-slab2-v3                                                                  201.1650   54.0308 10.1
  3.072 1858 Alaska-slab2-v3                                                                  201.0653   54.0982 11.4
  1.590 1859 Alaska-slab2-v3                                                                  200.9656   54.1659 12.6
  8.396 1872 Alaska-slab2-v3                                                                  201.0706   53.8428  7.0
  6.483 1873 Alaska-slab2-v3                                                                  200.9652   53.9058  8.9
  4.592 1874 Alaska-slab2-v3                                                                  200.8627   53.9709 10.5
  3.027 1875 Alaska-slab2-v3                                                                  200.7636   54.0385 11.9
  1.577 1876 Alaska-slab2-v3                                                                  200.6643   54.1064 13.1
  8.002 1889 Alaska-slab2-v3                                                                  200.7756   53.7862  7.1
  5.413 1890 Alaska-slab2-v3                                                                  200.6664   53.8460  9.2
  3.267 1891 Alaska-slab2-v3                                                                  200.5628   53.9102 11.0
  1.553 1892 Alaska-slab2-v3                                                                  200.4644   53.9780 12.4
  8.102 1906 Alaska-slab2-v3                                                                  200.4822   53.7288  7.2
  5.373 1907 Alaska-slab2-v3                                                                  200.3709   53.7866  9.5
  3.197 1908 Alaska-slab2-v3                                                                  200.2675   53.8503 11.3
  1.515 1909 Alaska-slab2-v3                                                                  200.1695   53.9183 12.7
  8.098 1923 Alaska-slab2-v3                                                                  200.1907   53.6713  7.3
  5.295 1924 Alaska-slab2-v3                                                                  200.0792   53.7284  9.6
  3.113 1925 Alaska-slab2-v3                                                                  199.9768   53.7924 11.5
  1.467 1926 Alaska-slab2-v3                                                                  199.8801   53.8610 12.9
  8.036 1940 Alaska-slab2-v3                                                                  199.9012   53.6142  7.3
  5.218 1941 Alaska-slab2-v3                                                                  199.7909   53.6720  9.6
  3.035 1942 Alaska-slab2-v3                                                                  199.6904   53.7369 11.5
  1.427 1943 Alaska-slab2-v3                                                                  199.5958   53.8066 12.8
  7.965 1957 Alaska-slab2-v3                                                                  199.6135   53.5574  7.3
  5.180 1958 Alaska-slab2-v3                                                                  199.5056   53.6169  9.6
  3.003 1959 Alaska-slab2-v3                                                                  199.4072   53.6831 11.3
  1.411 1960 Alaska-slab2-v3                                                                  199.3153   53.7539 12.6
  8.396 1974 Alaska-slab2-v3                                                                  199.3270   53.5006  7.2
  6.178 1975 Alaska-slab2-v3                                                                  199.2223   53.5625  9.4
  4.209 1976 Alaska-slab2-v3                                                                  199.1261   53.6299 11.1
  2.716 1977 Alaska-slab2-v3                                                                  199.0365   53.7018 12.4
  1.426 1978 Alaska-slab2-v3                                                                  198.9464   53.7737 13.6
  8.396 1991 Alaska-slab2-v3                                                                  199.0414   53.4436  7.1
  6.245 1992 Alaska-slab2-v3                                                                  198.9403   53.5080  9.2
  4.290 1993 Alaska-slab2-v3                                                                  198.8460   53.5765 10.9
  2.760 1994 Alaska-slab2-v3                                                                  198.7579   53.6489 12.2
  1.415 1995 Alaska-slab2-v3                                                                  198.6694   53.7215 13.4
  8.396 2007 Alaska-slab2-v3                                                                  198.7560   53.3861  7.0
  6.378 2008 Alaska-slab2-v3                                                                  198.6587   53.4528  9.0
  4.453 2009 Alaska-slab2-v3                                                                  198.5659   53.5222 10.6
  2.876 2010 Alaska-slab2-v3                                                                  198.4779   53.5946 12.0
  1.461 2011 Alaska-slab2-v3                                                                  198.3898   53.6672 13.2
  8.396 2023 Alaska-slab2-v3                                                                  198.4700   53.3279  7.0
  6.521 2024 Alaska-slab2-v3                                                                  198.3749   53.3958  8.9
  4.617 2025 Alaska-slab2-v3                                                                  198.2830   53.4657 10.6
  3.024 2026 Alaska-slab2-v3                                                                  198.1946   53.5378 11.9
  1.558 2027 Alaska-slab2-v3                                                                  198.1064   53.6102 13.2
  8.396 2039 Alaska-slab2-v3                                                                  198.1828   53.2689  7.1
  6.595 2040 Alaska-slab2-v3                                                                  198.0871   53.3362  9.0
  4.698 2041 Alaska-slab2-v3                                                                  197.9952   53.4060 10.7
  3.117 2042 Alaska-slab2-v3                                                                  197.9073   53.4782 12.1
  1.637 2043 Alaska-slab2-v3                                                                  197.8192   53.5506 13.4
  8.076 2055 Alaska-slab2-v3                                                                  197.8943   53.2088  7.2
  5.384 2056 Alaska-slab2-v3                                                                  197.7964   53.2740  9.4
  3.247 2057 Alaska-slab2-v3                                                                  197.7048   53.3436 11.2
  1.581 2058 Alaska-slab2-v3                                                                  197.6178   53.4162 12.6
  8.155 2070 Alaska-slab2-v3                                                                  197.6050   53.1470  7.5
  5.130 2071 Alaska-slab2-v3                                                                  197.5054   53.2094 10.1
  2.990 2072 Alaska-slab2-v3                                                                  197.4159   53.2794 12.0
  1.472 2073 Alaska-slab2-v3                                                                  197.3297   53.3524 13.3
  7.392 2085 Alaska-slab2-v3                                                                  197.3160   53.0831  7.9
  3.684 2086 Alaska-slab2-v3                                                                  197.2162   53.1421 11.0
  1.399 2087 Alaska-slab2-v3                                                                  197.1304   53.2137 12.9
  7.319 2100 Alaska-slab2-v3                                                                  197.0307   53.0183  8.2
  3.262 2101 Alaska-slab2-v3                                                                  196.9324   53.0739 11.7
  1.106 2102 Alaska-slab2-v3                                                                  196.8491   53.1466 13.6
  7.163 2115 Alaska-slab2-v3                                                                  196.7498   52.9534  8.5
  2.784 2116 Alaska-slab2-v3                                                                  196.6541   53.0059 12.4
  0.781 2117 Alaska-slab2-v3                                                                  196.5720   53.0791 14.1
  7.009 2130 Alaska-slab2-v3                                                                  196.4706   52.8875  8.7
  2.404 2131 Alaska-slab2-v3                                                                  196.3781   52.9384 12.8
  0.505 2132 Alaska-slab2-v3                                                                  196.2978   53.0122 14.5
  6.923 2145 Alaska-slab2-v3                                                                  196.1928   52.8211  8.8
  2.207 2146 Alaska-slab2-v3                                                                  196.1029   52.8721 13.0
  0.347 2147 Alaska-slab2-v3                                                                  196.0243   52.9465 14.7
