 18.824 0904 Alaska-slab2-v3                                                                  211.9868   57.5137  6.7
 18.824 0905 Alaska-slab2-v3                                                                  211.8526   57.5663  8.1
 18.824 0906 Alaska-slab2-v3                                                                  211.7178   57.6189  9.4
 17.528 0907 Alaska-slab2-v3                                                                  211.5824   57.6714 10.6
 15.661 0908 Alaska-slab2-v3                                                                  211.4462   57.7238 11.5
 14.080 0909 Alaska-slab2-v3                                                                  211.3094   57.7761 12.4
 12.727 0910 Alaska-slab2-v3                                                                  211.1721   57.8283 13.1
 11.508 0911 Alaska-slab2-v3                                                                  211.0343   57.8803 13.7
 10.365 0912 Alaska-slab2-v3                                                                  210.8961   57.9322 14.3
  9.259 0913 Alaska-slab2-v3                                                                  210.7591   57.9852 14.9
 18.824 0937 Alaska-slab2-v3                                                                  211.7476   57.3859  6.7
 18.824 0938 Alaska-slab2-v3                                                                  211.6147   57.4395  7.9
 18.824 0939 Alaska-slab2-v3                                                                  211.4814   57.4929  9.1
 17.600 0940 Alaska-slab2-v3                                                                  211.3469   57.5459 10.2
 15.662 0941 Alaska-slab2-v3                                                                  211.2112   57.5983 11.2
 13.920 0942 Alaska-slab2-v3                                                                  211.0747   57.6504 12.1
 12.353 0943 Alaska-slab2-v3                                                                  210.9378   57.7023 12.9
 10.905 0944 Alaska-slab2-v3                                                                  210.8003   57.7542 13.7
  9.534 0945 Alaska-slab2-v3                                                                  210.6624   57.8059 14.4
 18.824 0970 Alaska-slab2-v3                                                                  211.4967   57.2642  6.6
 18.824 0971 Alaska-slab2-v3                                                                  211.3640   57.3176  7.8
 18.824 0972 Alaska-slab2-v3                                                                  211.2308   57.3710  9.0
 17.950 0973 Alaska-slab2-v3                                                                  211.0969   57.4240 10.1
 15.988 0974 Alaska-slab2-v3                                                                  210.9619   57.4765 11.1
 14.181 0975 Alaska-slab2-v3                                                                  210.8263   57.5288 12.1
 12.510 0976 Alaska-slab2-v3                                                                  210.6901   57.5810 12.9
 10.956 0977 Alaska-slab2-v3                                                                  210.5535   57.6331 13.7
  9.499 0978 Alaska-slab2-v3                                                                  210.4165   57.6851 14.5
 18.824 1002 Alaska-slab2-v3                                                                  211.2352   57.1486  6.7
 18.824 1003 Alaska-slab2-v3                                                                  211.1013   57.2007  7.9
 18.824 1004 Alaska-slab2-v3                                                                  210.9669   57.2526  9.2
 17.729 1005 Alaska-slab2-v3                                                                  210.8334   57.3056 10.3
 15.791 1006 Alaska-slab2-v3                                                                  210.7011   57.3598 11.3
 14.067 1007 Alaska-slab2-v3                                                                  210.5684   57.4139 12.2
 12.478 1008 Alaska-slab2-v3                                                                  210.4353   57.4680 13.0
 11.025 1009 Alaska-slab2-v3                                                                  210.3017   57.5220 13.7
  9.630 1010 Alaska-slab2-v3                                                                  210.1676   57.5759 14.5
 18.824 1034 Alaska-slab2-v3                                                                  210.9648   57.0387  6.8
 18.824 1035 Alaska-slab2-v3                                                                  210.8281   57.0879  8.2
 18.824 1036 Alaska-slab2-v3                                                                  210.6921   57.1379  9.5
 17.091 1037 Alaska-slab2-v3                                                                  210.5617   57.1925 10.6
 15.272 1038 Alaska-slab2-v3                                                                  210.4359   57.2507 11.6
 13.762 1039 Alaska-slab2-v3                                                                  210.3097   57.3090 12.3
 12.465 1040 Alaska-slab2-v3                                                                  210.1830   57.3673 13.0
 11.285 1041 Alaska-slab2-v3                                                                  210.0559   57.4255 13.6
 10.162 1042 Alaska-slab2-v3                                                                  209.9283   57.4835 14.2
  9.001 1043 Alaska-slab2-v3                                                                  209.8016   57.5422 14.8
 18.824 1065 Alaska-slab2-v3                                                                  210.6874   56.9346  6.8
 18.824 1066 Alaska-slab2-v3                                                                  210.5480   56.9808  8.4
 18.824 1067 Alaska-slab2-v3                                                                  210.4119   57.0299  9.8
 16.647 1068 Alaska-slab2-v3                                                                  210.2868   57.0872 10.9
 14.990 1069 Alaska-slab2-v3                                                                  210.1685   57.1498 11.8
 13.699 1070 Alaska-slab2-v3                                                                  210.0496   57.2125 12.4
 12.697 1071 Alaska-slab2-v3                                                                  209.9302   57.2750 12.9
 11.830 1072 Alaska-slab2-v3                                                                  209.8103   57.3375 13.4
 10.982 1073 Alaska-slab2-v3                                                                  209.6901   57.3999 13.8
 10.019 1074 Alaska-slab2-v3                                                                  209.5694   57.4622 14.3
  8.844 1075 Alaska-slab2-v3                                                                  209.4478   57.5238 14.9
 18.824 1095 Alaska-slab2-v3                                                                  210.4074   56.8380  6.8
 18.824 1096 Alaska-slab2-v3                                                                  210.2708   56.8864  8.3
 18.824 1097 Alaska-slab2-v3                                                                  210.1362   56.9367  9.6
 17.406 1098 Alaska-slab2-v3                                                                  210.0128   56.9950 10.7
 15.894 1099 Alaska-slab2-v3                                                                  209.8978   57.0594 11.5
 14.760 1100 Alaska-slab2-v3                                                                  209.7823   57.1238 12.1
 13.872 1101 Alaska-slab2-v3                                                                  209.6663   57.1881 12.6
 13.116 1102 Alaska-slab2-v3                                                                  209.5498   57.2524 13.0
 12.341 1103 Alaska-slab2-v3                                                                  209.4329   57.3166 13.4
 11.415 1104 Alaska-slab2-v3                                                                  209.3157   57.3806 13.9
 10.187 1105 Alaska-slab2-v3                                                                  209.1981   57.4444 14.5
 18.824 1124 Alaska-slab2-v3                                                                  210.1278   56.7480  6.7
 18.824 1125 Alaska-slab2-v3                                                                  210.0014   56.8041  8.0
 18.824 1126 Alaska-slab2-v3                                                                  209.8744   56.8602  9.1
 18.129 1127 Alaska-slab2-v3                                                                  209.7519   56.9196 10.1
 16.625 1128 Alaska-slab2-v3                                                                  209.6341   56.9823 10.9
 15.449 1129 Alaska-slab2-v3                                                                  209.5161   57.0452 11.5
 14.446 1130 Alaska-slab2-v3                                                                  209.3976   57.1080 12.0
 13.520 1131 Alaska-slab2-v3                                                                  209.2787   57.1707 12.5
 12.498 1132 Alaska-slab2-v3                                                                  209.1594   57.2333 13.0
 11.244 1133 Alaska-slab2-v3                                                                  209.0398   57.2957 13.7
  9.643 1134 Alaska-slab2-v3                                                                  208.9194   57.3575 14.5
 18.824 1153 Alaska-slab2-v3                                                                  209.8466   56.6594  6.6
 18.824 1154 Alaska-slab2-v3                                                                  209.7304   56.7223  7.6
 18.824 1155 Alaska-slab2-v3                                                                  209.6138   56.7850  8.6
 18.824 1156 Alaska-slab2-v3                                                                  209.4968   56.8478  9.5
 17.300 1157 Alaska-slab2-v3                                                                  209.3777   56.9096 10.4
 15.924 1158 Alaska-slab2-v3                                                                  209.2553   56.9697 11.1
 14.607 1159 Alaska-slab2-v3                                                                  209.1314   57.0291 11.7
 13.290 1160 Alaska-slab2-v3                                                                  209.0072   57.0883 12.4
 11.815 1161 Alaska-slab2-v3                                                                  208.8826   57.1474 13.1
 10.066 1162 Alaska-slab2-v3                                                                  208.7578   57.2063 14.0
 18.824 1181 Alaska-slab2-v3                                                                  209.5620   56.5690  6.5
 18.824 1182 Alaska-slab2-v3                                                                  209.4493   56.6338  7.4
 18.824 1183 Alaska-slab2-v3                                                                  209.3362   56.6985  8.4
 18.824 1184 Alaska-slab2-v3                                                                  209.2227   56.7631  9.3
 17.260 1185 Alaska-slab2-v3                                                                  209.1047   56.8252 10.2
 15.516 1186 Alaska-slab2-v3                                                                  208.9805   56.8838 11.0
 13.772 1187 Alaska-slab2-v3                                                                  208.8540   56.9412 11.9
 11.928 1188 Alaska-slab2-v3                                                                  208.7273   56.9984 12.8
  9.943 1189 Alaska-slab2-v3                                                                  208.6002   57.0555 13.8
  7.718 1190 Alaska-slab2-v3                                                                  208.4722   57.1118 14.9
 18.824 1208 Alaska-slab2-v3                                                                  209.2769   56.4763  6.5
 18.824 1209 Alaska-slab2-v3                                                                  209.1633   56.5403  7.6
 18.824 1210 Alaska-slab2-v3                                                                  209.0493   56.6043  8.6
 18.824 1211 Alaska-slab2-v3                                                                  208.9339   56.6675  9.7
 17.039 1212 Alaska-slab2-v3                                                                  208.8140   56.7282 10.7
 15.109 1213 Alaska-slab2-v3                                                                  208.6901   56.7867 11.7
 13.141 1214 Alaska-slab2-v3                                                                  208.5650   56.8445 12.7
 11.134 1215 Alaska-slab2-v3                                                                  208.4395   56.9022 13.7
  9.011 1216 Alaska-slab2-v3                                                                  208.3132   56.9594 14.8
 18.824 1235 Alaska-slab2-v3                                                                  208.9945   56.3819  6.7
 18.824 1236 Alaska-slab2-v3                                                                  208.8802   56.4447  8.1
 18.824 1237 Alaska-slab2-v3                                                                  208.7647   56.5072  9.4
 17.517 1238 Alaska-slab2-v3                                                                  208.6463   56.5684 10.6
 15.472 1239 Alaska-slab2-v3                                                                  208.5248   56.6279 11.7
 13.578 1240 Alaska-slab2-v3                                                                  208.4020   56.6869 12.7
 11.741 1241 Alaska-slab2-v3                                                                  208.2787   56.7458 13.7
  9.904 1242 Alaska-slab2-v3                                                                  208.1550   56.8045 14.6
 18.824 1261 Alaska-slab2-v3                                                                  208.7142   56.2852  7.0
 18.824 1262 Alaska-slab2-v3                                                                  208.5983   56.3460  8.8
 17.984 1263 Alaska-slab2-v3                                                                  208.4812   56.4069 10.4
 15.587 1264 Alaska-slab2-v3                                                                  208.3622   56.4673 11.7
 13.681 1265 Alaska-slab2-v3                                                                  208.2418   56.5275 12.7
 12.096 1266 Alaska-slab2-v3                                                                  208.1208   56.5876 13.5
 10.643 1267 Alaska-slab2-v3                                                                  207.9993   56.6476 14.3
 18.824 1286 Alaska-slab2-v3                                                                  208.4356   56.1865  7.2
 18.824 1287 Alaska-slab2-v3                                                                  208.3171   56.2446  9.4
 16.487 1288 Alaska-slab2-v3                                                                  208.2000   56.3048 11.1
 14.094 1289 Alaska-slab2-v3                                                                  208.0836   56.3666 12.4
 12.404 1290 Alaska-slab2-v3                                                                  207.9663   56.4286 13.3
 11.169 1291 Alaska-slab2-v3                                                                  207.8484   56.4905 13.9
 10.105 1292 Alaska-slab2-v3                                                                  207.7301   56.5524 14.5
 18.824 1311 Alaska-slab2-v3                                                                  208.1595   56.0867  7.3
 18.824 1312 Alaska-slab2-v3                                                                  208.0398   56.1434  9.6
 15.833 1313 Alaska-slab2-v3                                                                  207.9244   56.2042 11.4
 13.418 1314 Alaska-slab2-v3                                                                  207.8116   56.2679 12.6
 11.846 1315 Alaska-slab2-v3                                                                  207.6980   56.3317 13.5
 10.773 1316 Alaska-slab2-v3                                                                  207.5837   56.3957 14.0
  9.929 1317 Alaska-slab2-v3                                                                  207.4690   56.4595 14.5
  8.990 1318 Alaska-slab2-v3                                                                  207.3537   56.5231 14.9
 18.824 1335 Alaska-slab2-v3                                                                  207.8868   55.9865  7.2
 18.824 1336 Alaska-slab2-v3                                                                  207.7667   56.0430  9.5
 15.992 1337 Alaska-slab2-v3                                                                  207.6526   56.1043 11.3
 13.592 1338 Alaska-slab2-v3                                                                  207.5425   56.1693 12.5
 11.999 1339 Alaska-slab2-v3                                                                  207.4315   56.2344 13.4
 10.924 1340 Alaska-slab2-v3                                                                  207.3199   56.2996 13.9
 10.098 1341 Alaska-slab2-v3                                                                  207.2079   56.3648 14.4
  9.177 1342 Alaska-slab2-v3                                                                  207.0952   56.4297 14.8
 32.942 1359 Alaska-slab2-v3                                                                  207.6171   55.8859  7.2
 32.942 1360 Alaska-slab2-v3                                                                  207.4972   55.9427  9.3
 29.263 1361 Alaska-slab2-v3                                                                  207.3835   56.0042 11.0
 25.135 1362 Alaska-slab2-v3                                                                  207.2747   56.0698 12.2
 22.239 1363 Alaska-slab2-v3                                                                  207.1652   56.1355 13.1
 20.208 1364 Alaska-slab2-v3                                                                  207.0551   56.2013 13.7
 18.510 1365 Alaska-slab2-v3                                                                  206.9445   56.2670 14.2
 16.679 1366 Alaska-slab2-v3                                                                  206.8334   56.3326 14.8
 47.059 1383 Alaska-slab2-v3                                                                  207.3500   55.7844  7.0
 47.059 1384 Alaska-slab2-v3                                                                  207.2316   55.8425  9.0
 44.142 1385 Alaska-slab2-v3                                                                  207.1181   55.9043 10.6
 38.353 1386 Alaska-slab2-v3                                                                  207.0097   55.9699 11.9
 34.071 1387 Alaska-slab2-v3                                                                  206.9012   56.0360 12.8
 30.777 1388 Alaska-slab2-v3                                                                  206.7921   56.1021 13.5
 27.859 1389 Alaska-slab2-v3                                                                  206.6826   56.1682 14.1
 24.847 1390 Alaska-slab2-v3                                                                  206.5727   56.2341 14.7
 61.177 1406 Alaska-slab2-v3                                                                  207.0854   55.6821  6.9
 61.177 1407 Alaska-slab2-v3                                                                  206.9698   55.7423  8.7
 60.014 1408 Alaska-slab2-v3                                                                  206.8571   55.8047 10.2
 52.665 1409 Alaska-slab2-v3                                                                  206.7489   55.8703 11.4
 46.847 1410 Alaska-slab2-v3                                                                  206.6420   55.9370 12.3
 42.132 1411 Alaska-slab2-v3                                                                  206.5345   56.0037 13.1
 37.845 1412 Alaska-slab2-v3                                                                  206.4266   56.0704 13.8
 33.436 1413 Alaska-slab2-v3                                                                  206.3183   56.1369 14.5
 75.295 1429 Alaska-slab2-v3                                                                  206.8228   55.5788  6.8
 75.295 1430 Alaska-slab2-v3                                                                  206.7109   55.6415  8.3
 75.295 1431 Alaska-slab2-v3                                                                  206.5997   55.7049  9.7
 67.236 1432 Alaska-slab2-v3                                                                  206.4925   55.7709 10.9
 59.944 1433 Alaska-slab2-v3                                                                  206.3880   55.8387 11.8
 53.727 1434 Alaska-slab2-v3                                                                  206.2831   55.9065 12.6
 48.048 1435 Alaska-slab2-v3                                                                  206.1777   55.9743 13.4
 42.214 1436 Alaska-slab2-v3                                                                  206.0720   56.0420 14.1
 35.767 1437 Alaska-slab2-v3                                                                  205.9655   56.1092 15.0
 75.295 1452 Alaska-slab2-v3                                                                  206.5623   55.4747  6.7
 75.295 1453 Alaska-slab2-v3                                                                  206.4544   55.5398  8.0
 75.295 1454 Alaska-slab2-v3                                                                  206.3461   55.6049  9.2
 69.047 1455 Alaska-slab2-v3                                                                  206.2403   55.6716 10.3
 61.691 1456 Alaska-slab2-v3                                                                  206.1377   55.7402 11.2
 55.127 1457 Alaska-slab2-v3                                                                  206.0354   55.8091 12.1
 49.037 1458 Alaska-slab2-v3                                                                  205.9326   55.8780 12.8
 42.868 1459 Alaska-slab2-v3                                                                  205.8296   55.9468 13.6
 36.303 1460 Alaska-slab2-v3                                                                  205.7260   56.0154 14.4
 75.295 1475 Alaska-slab2-v3                                                                  206.3037   55.3696  6.6
 75.295 1476 Alaska-slab2-v3                                                                  206.1998   55.4370  7.7
 75.295 1477 Alaska-slab2-v3                                                                  206.0955   55.5043  8.8
 75.295 1478 Alaska-slab2-v3                                                                  205.9916   55.5720  9.8
 70.245 1479 Alaska-slab2-v3                                                                  205.8897   55.6408 10.7
 63.914 1480 Alaska-slab2-v3                                                                  205.7890   55.7103 11.5
 57.885 1481 Alaska-slab2-v3                                                                  205.6879   55.7798 12.3
 51.855 1482 Alaska-slab2-v3                                                                  205.5864   55.8492 13.1
 45.448 1483 Alaska-slab2-v3                                                                  205.4847   55.9185 13.9
 38.439 1484 Alaska-slab2-v3                                                                  205.3819   55.9873 14.9
 75.295 1498 Alaska-slab2-v3                                                                  206.0464   55.2637  6.5
 75.295 1499 Alaska-slab2-v3                                                                  205.9463   55.3329  7.4
 75.295 1500 Alaska-slab2-v3                                                                  205.8458   55.4021  8.3
 75.295 1501 Alaska-slab2-v3                                                                  205.7450   55.4712  9.2
 73.264 1502 Alaska-slab2-v3                                                                  205.6444   55.5406 10.1
 66.903 1503 Alaska-slab2-v3                                                                  205.5441   55.6102 10.9
 60.619 1504 Alaska-slab2-v3                                                                  205.4433   55.6797 11.7
 54.105 1505 Alaska-slab2-v3                                                                  205.3421   55.7491 12.6
 47.285 1506 Alaska-slab2-v3                                                                  205.2407   55.8184 13.5
 39.774 1507 Alaska-slab2-v3                                                                  205.1389   55.8874 14.5
 75.295 1521 Alaska-slab2-v3                                                                  205.7905   55.1568  6.4
 75.295 1522 Alaska-slab2-v3                                                                  205.6936   55.2276  7.2
 75.295 1523 Alaska-slab2-v3                                                                  205.5963   55.2983  7.9
 75.295 1524 Alaska-slab2-v3                                                                  205.4988   55.3689  8.7
 75.295 1525 Alaska-slab2-v3                                                                  205.4008   55.4394  9.5
 70.861 1526 Alaska-slab2-v3                                                                  205.3016   55.5095 10.3
 64.462 1527 Alaska-slab2-v3                                                                  205.2007   55.5787 11.2
 57.599 1528 Alaska-slab2-v3                                                                  205.0989   55.6477 12.1
 50.274 1529 Alaska-slab2-v3                                                                  204.9969   55.7165 13.0
 42.178 1530 Alaska-slab2-v3                                                                  204.8945   55.7851 14.1
 75.295 1544 Alaska-slab2-v3                                                                  205.5445   55.0436  6.3
 75.295 1545 Alaska-slab2-v3                                                                  205.4491   55.1150  7.0
 75.295 1546 Alaska-slab2-v3                                                                  205.3538   55.1864  7.8
 75.295 1547 Alaska-slab2-v3                                                                  205.2584   55.2577  8.5
 75.295 1548 Alaska-slab2-v3                                                                  205.1624   55.3289  9.3
 72.587 1549 Alaska-slab2-v3                                                                  205.0641   55.3994 10.1
 65.777 1550 Alaska-slab2-v3                                                                  204.9633   55.4688 11.0
 58.425 1551 Alaska-slab2-v3                                                                  204.8619   55.5377 11.9
 50.532 1552 Alaska-slab2-v3                                                                  204.7602   55.6064 12.9
 41.942 1553 Alaska-slab2-v3                                                                  204.6582   55.6750 14.0
 75.295 1567 Alaska-slab2-v3                                                                  205.3062   54.9248  6.3
 75.295 1568 Alaska-slab2-v3                                                                  205.2114   54.9964  7.0
 75.295 1569 Alaska-slab2-v3                                                                  205.1163   55.0678  7.7
 75.295 1570 Alaska-slab2-v3                                                                  205.0209   55.1392  8.5
 75.295 1571 Alaska-slab2-v3                                                                  204.9251   55.2105  9.3
 71.447 1572 Alaska-slab2-v3                                                                  204.8280   55.2811 10.2
 63.983 1573 Alaska-slab2-v3                                                                  204.7290   55.3509 11.1
 55.976 1574 Alaska-slab2-v3                                                                  204.6291   55.4202 12.2
 47.579 1575 Alaska-slab2-v3                                                                  204.5289   55.4895 13.2
 38.950 1576 Alaska-slab2-v3                                                                  204.4284   55.5586 14.4
 75.295 1590 Alaska-slab2-v3                                                                  205.0642   54.8092  6.4
 75.295 1591 Alaska-slab2-v3                                                                  204.9702   54.8809  7.1
 75.295 1592 Alaska-slab2-v3                                                                  204.8759   54.9526  7.8
 75.295 1593 Alaska-slab2-v3                                                                  204.7814   55.0242  8.6
 75.295 1594 Alaska-slab2-v3                                                                  204.6865   55.0957  9.4
 69.683 1595 Alaska-slab2-v3                                                                  204.5900   55.1664 10.4
 61.811 1596 Alaska-slab2-v3                                                                  204.4918   55.2363 11.4
 53.470 1597 Alaska-slab2-v3                                                                  204.3930   55.3061 12.5
 44.974 1598 Alaska-slab2-v3                                                                  204.2939   55.3757 13.6
 36.478 1599 Alaska-slab2-v3                                                                  204.1944   55.4452 14.6
 75.295 1613 Alaska-slab2-v3                                                                  204.8147   54.6997  6.4
 75.295 1614 Alaska-slab2-v3                                                                  204.7219   54.7718  7.2
 75.295 1615 Alaska-slab2-v3                                                                  204.6288   54.8438  8.0
 75.295 1616 Alaska-slab2-v3                                                                  204.5354   54.9157  8.9
 74.633 1617 Alaska-slab2-v3                                                                  204.4412   54.9874  9.8
 67.154 1618 Alaska-slab2-v3                                                                  204.3449   55.0581 10.7
 59.286 1619 Alaska-slab2-v3                                                                  204.2470   55.1280 11.7
 51.106 1620 Alaska-slab2-v3                                                                  204.1487   55.1978 12.8
 42.926 1621 Alaska-slab2-v3                                                                  204.0501   55.2676 13.8
 34.824 1622 Alaska-slab2-v3                                                                  203.9512   55.3373 14.9
 75.295 1636 Alaska-slab2-v3                                                                  204.5543   54.5999  6.5
 75.295 1637 Alaska-slab2-v3                                                                  204.4627   54.6723  7.4
 75.295 1638 Alaska-slab2-v3                                                                  204.3707   54.7446  8.3
 75.295 1639 Alaska-slab2-v3                                                                  204.2784   54.8168  9.2
 71.850 1640 Alaska-slab2-v3                                                                  204.1843   54.8883 10.2
 64.494 1641 Alaska-slab2-v3                                                                  204.0877   54.9587 11.1
 56.984 1642 Alaska-slab2-v3                                                                  203.9900   55.0287 12.1
 49.474 1643 Alaska-slab2-v3                                                                  203.8920   55.0987 13.1
 41.887 1644 Alaska-slab2-v3                                                                  203.7936   55.1685 14.0
 75.295 1659 Alaska-slab2-v3                                                                  204.2824   54.5112  6.5
 75.295 1660 Alaska-slab2-v3                                                                  204.1912   54.5835  7.6
 75.295 1661 Alaska-slab2-v3                                                                  204.0996   54.6557  8.6
 75.295 1662 Alaska-slab2-v3                                                                  204.0074   54.7278  9.6
 70.012 1663 Alaska-slab2-v3                                                                  203.9128   54.7990 10.6
 62.942 1664 Alaska-slab2-v3                                                                  203.8162   54.8693 11.5
 56.101 1665 Alaska-slab2-v3                                                                  203.7191   54.9396 12.4
 49.259 1666 Alaska-slab2-v3                                                                  203.6216   55.0097 13.3
 42.418 1667 Alaska-slab2-v3                                                                  203.5239   55.0798 14.2
 75.295 1681 Alaska-slab2-v3                                                                  204.0016   54.4321  6.6
 75.295 1682 Alaska-slab2-v3                                                                  203.9099   54.5040  7.8
 75.295 1683 Alaska-slab2-v3                                                                  203.8178   54.5758  8.9
 71.570 1684 Alaska-slab2-v3                                                                  203.7246   54.6474 10.0
 63.882 1685 Alaska-slab2-v3                                                                  203.6297   54.7183 10.9
 56.828 1686 Alaska-slab2-v3                                                                  203.5336   54.7888 11.8
 49.933 1687 Alaska-slab2-v3                                                                  203.4371   54.8593 12.7
 43.116 1688 Alaska-slab2-v3                                                                  203.3403   54.9297 13.6
 36.062 1689 Alaska-slab2-v3                                                                  203.2432   55.0001 14.4
 75.295 1703 Alaska-slab2-v3                                                                  203.7153   54.3603  6.6
 75.295 1704 Alaska-slab2-v3                                                                  203.6229   54.4317  7.9
 75.295 1705 Alaska-slab2-v3                                                                  203.5301   54.5031  9.1
 67.565 1706 Alaska-slab2-v3                                                                  203.4363   54.5742 10.1
 59.549 1707 Alaska-slab2-v3                                                                  203.3410   54.6449 11.1
 52.269 1708 Alaska-slab2-v3                                                                  203.2450   54.7154 12.0
 45.153 1709 Alaska-slab2-v3                                                                  203.1487   54.7859 12.9
 37.873 1710 Alaska-slab2-v3                                                                  203.0520   54.8563 13.8
 30.102 1711 Alaska-slab2-v3                                                                  202.9552   54.9266 14.7
 75.295 1724 Alaska-slab2-v3                                                                  203.4260   54.2934  6.7
 75.295 1725 Alaska-slab2-v3                                                                  203.3330   54.3645  7.9
 75.295 1726 Alaska-slab2-v3                                                                  203.2397   54.4355  9.2
 71.563 1727 Alaska-slab2-v3                                                                  203.1452   54.5063 10.3
 64.022 1728 Alaska-slab2-v3                                                                  203.0494   54.5766 11.2
 56.943 1729 Alaska-slab2-v3                                                                  202.9530   54.6469 12.2
 50.017 1730 Alaska-slab2-v3                                                                  202.8563   54.7171 13.1
 42.553 1731 Alaska-slab2-v3                                                                  202.7593   54.7871 14.0
 75.295 1744 Alaska-slab2-v3                                                                  203.1346   54.2305  6.7
 75.295 1745 Alaska-slab2-v3                                                                  203.0409   54.3010  8.0
 75.295 1746 Alaska-slab2-v3                                                                  202.9467   54.3715  9.3
 68.075 1747 Alaska-slab2-v3                                                                  202.8513   54.4418 10.4
 60.141 1748 Alaska-slab2-v3                                                                  202.7548   54.5117 11.4
 52.683 1749 Alaska-slab2-v3                                                                  202.6578   54.5816 12.3
 44.907 1750 Alaska-slab2-v3                                                                  202.5605   54.6514 13.3
 36.259 1751 Alaska-slab2-v3                                                                  202.4631   54.7210 14.4
 75.295 1764 Alaska-slab2-v3                                                                  202.8416   54.1708  6.7
 75.295 1765 Alaska-slab2-v3                                                                  202.7468   54.2407  8.1
 72.340 1766 Alaska-slab2-v3                                                                  202.6515   54.3106  9.4
 62.767 1767 Alaska-slab2-v3                                                                  202.5552   54.3803 10.6
 54.109 1768 Alaska-slab2-v3                                                                  202.4578   54.4497 11.6
 45.785 1769 Alaska-slab2-v3                                                                  202.3600   54.5191 12.6
 36.794 1770 Alaska-slab2-v3                                                                  202.2619   54.5883 13.7
 26.555 1771 Alaska-slab2-v3                                                                  202.1648   54.6578 14.9
 75.295 1783 Alaska-slab2-v3                                                                  202.5474   54.1138  6.7
 75.295 1784 Alaska-slab2-v3                                                                  202.4519   54.1833  8.1
 74.775 1785 Alaska-slab2-v3                                                                  202.3560   54.2528  9.5
 65.098 1786 Alaska-slab2-v3                                                                  202.2587   54.3219 10.7
 56.301 1787 Alaska-slab2-v3                                                                  202.1601   54.3906 11.8
 47.504 1788 Alaska-slab2-v3                                                                  202.0612   54.4592 12.9
 38.067 1789 Alaska-slab2-v3                                                                  201.9621   54.5277 14.1
 75.295 1802 Alaska-slab2-v3                                                                  202.2527   54.0590  6.7
 75.295 1803 Alaska-slab2-v3                                                                  202.1571   54.1283  8.2
 75.295 1804 Alaska-slab2-v3                                                                  202.0608   54.1975  9.5
 67.084 1805 Alaska-slab2-v3                                                                  201.9626   54.2661 10.8
 58.021 1806 Alaska-slab2-v3                                                                  201.8628   54.3340 11.9
 48.802 1807 Alaska-slab2-v3                                                                  201.7627   54.4018 13.1
 38.887 1808 Alaska-slab2-v3                                                                  201.6629   54.4697 14.4
 75.295 1820 Alaska-slab2-v3                                                                  201.9577   54.0054  6.8
 75.295 1821 Alaska-slab2-v3                                                                  201.8617   54.0745  8.2
 70.802 1822 Alaska-slab2-v3                                                                  201.7650   54.1434  9.6
 60.153 1823 Alaska-slab2-v3                                                                  201.6662   54.2115 10.9
 50.003 1824 Alaska-slab2-v3                                                                  201.5657   54.2789 12.1
 39.686 1825 Alaska-slab2-v3                                                                  201.4649   54.3462 13.3
 28.204 1826 Alaska-slab2-v3                                                                  201.3653   54.4140 14.7
 75.295 1838 Alaska-slab2-v3                                                                  201.6623   53.9521  6.8
 75.295 1839 Alaska-slab2-v3                                                                  201.5647   54.0202  8.3
 72.245 1840 Alaska-slab2-v3                                                                  201.4665   54.0882  9.8
 61.890 1841 Alaska-slab2-v3                                                                  201.3671   54.1560 11.1
 52.016 1842 Alaska-slab2-v3                                                                  201.2668   54.2234 12.3
 41.741 1843 Alaska-slab2-v3                                                                  201.1661   54.2907 13.6
 61.177 1855 Alaska-slab2-v3                                                                  201.3664   53.8981  6.9
 61.177 1856 Alaska-slab2-v3                                                                  201.2655   53.9641  8.6
 59.204 1857 Alaska-slab2-v3                                                                  201.1650   54.0308 10.1
 50.997 1858 Alaska-slab2-v3                                                                  201.0653   54.0982 11.4
 43.291 1859 Alaska-slab2-v3                                                                  200.9656   54.1659 12.6
 35.021 1860 Alaska-slab2-v3                                                                  200.8656   54.2334 13.9
 47.059 1872 Alaska-slab2-v3                                                                  201.0706   53.8428  7.0
 47.059 1873 Alaska-slab2-v3                                                                  200.9652   53.9058  8.9
 39.385 1874 Alaska-slab2-v3                                                                  200.8627   53.9709 10.5
 32.362 1875 Alaska-slab2-v3                                                                  200.7636   54.0385 11.9
 25.858 1876 Alaska-slab2-v3                                                                  200.6643   54.1064 13.1
 18.782 1877 Alaska-slab2-v3                                                                  200.5657   54.1744 14.5
 32.942 1889 Alaska-slab2-v3                                                                  200.7756   53.7862  7.1
 32.942 1890 Alaska-slab2-v3                                                                  200.6664   53.8460  9.2
 27.234 1891 Alaska-slab2-v3                                                                  200.5628   53.9102 11.0
 22.337 1892 Alaska-slab2-v3                                                                  200.4644   53.9780 12.4
 17.898 1893 Alaska-slab2-v3                                                                  200.3654   54.0459 13.6
 18.824 1906 Alaska-slab2-v3                                                                  200.4822   53.7288  7.2
 18.824 1907 Alaska-slab2-v3                                                                  200.3709   53.7866  9.5
 15.331 1908 Alaska-slab2-v3                                                                  200.2675   53.8503 11.3
 12.569 1909 Alaska-slab2-v3                                                                  200.1695   53.9183 12.7
 10.083 1910 Alaska-slab2-v3                                                                  200.0710   53.9863 14.0
 18.824 1923 Alaska-slab2-v3                                                                  200.1907   53.6713  7.3
 18.745 1924 Alaska-slab2-v3                                                                  200.0792   53.7284  9.6
 15.157 1925 Alaska-slab2-v3                                                                  199.9768   53.7924 11.5
 12.451 1926 Alaska-slab2-v3                                                                  199.8801   53.8610 12.9
 10.039 1927 Alaska-slab2-v3                                                                  199.7829   53.9297 14.1
 18.824 1940 Alaska-slab2-v3                                                                  199.9012   53.6142  7.3
 18.607 1941 Alaska-slab2-v3                                                                  199.7909   53.6720  9.6
 15.016 1942 Alaska-slab2-v3                                                                  199.6904   53.7369 11.5
 12.372 1943 Alaska-slab2-v3                                                                  199.5958   53.8066 12.8
 10.024 1944 Alaska-slab2-v3                                                                  199.5008   53.8763 14.0
 18.824 1957 Alaska-slab2-v3                                                                  199.6135   53.5574  7.3
 18.483 1958 Alaska-slab2-v3                                                                  199.5056   53.6169  9.6
 14.890 1959 Alaska-slab2-v3                                                                  199.4072   53.6831 11.3
 12.262 1960 Alaska-slab2-v3                                                                  199.3153   53.7539 12.6
  9.934 1961 Alaska-slab2-v3                                                                  199.2228   53.8248 13.8
 18.824 1974 Alaska-slab2-v3                                                                  199.3270   53.5006  7.2
 18.382 1975 Alaska-slab2-v3                                                                  199.2223   53.5625  9.4
 14.808 1976 Alaska-slab2-v3                                                                  199.1261   53.6299 11.1
 12.097 1977 Alaska-slab2-v3                                                                  199.0365   53.7018 12.4
  9.756 1978 Alaska-slab2-v3                                                                  198.9464   53.7737 13.6
  7.168 1979 Alaska-slab2-v3                                                                  198.8576   53.8460 14.8
 18.824 1991 Alaska-slab2-v3                                                                  199.0414   53.4436  7.1
 18.824 1992 Alaska-slab2-v3                                                                  198.9403   53.5080  9.2
 17.166 1993 Alaska-slab2-v3                                                                  198.8460   53.5765 10.9
 14.660 1994 Alaska-slab2-v3                                                                  198.7579   53.6489 12.2
 12.455 1995 Alaska-slab2-v3                                                                  198.6694   53.7215 13.4
 10.137 1996 Alaska-slab2-v3                                                                  198.5814   53.7941 14.6
 18.824 2007 Alaska-slab2-v3                                                                  198.7560   53.3861  7.0
 18.824 2008 Alaska-slab2-v3                                                                  198.6587   53.4528  9.0
 17.376 2009 Alaska-slab2-v3                                                                  198.5659   53.5222 10.6
 14.785 2010 Alaska-slab2-v3                                                                  198.4779   53.5946 12.0
 12.460 2011 Alaska-slab2-v3                                                                  198.3898   53.6672 13.2
 10.060 2012 Alaska-slab2-v3                                                                  198.3020   53.7399 14.5
 18.824 2023 Alaska-slab2-v3                                                                  198.4700   53.3279  7.0
 18.824 2024 Alaska-slab2-v3                                                                  198.3749   53.3958  8.9
 17.779 2025 Alaska-slab2-v3                                                                  198.2830   53.4657 10.6
 15.180 2026 Alaska-slab2-v3                                                                  198.1946   53.5378 11.9
 12.788 2027 Alaska-slab2-v3                                                                  198.1064   53.6102 13.2
 10.245 2028 Alaska-slab2-v3                                                                  198.0189   53.6829 14.6
 18.824 2039 Alaska-slab2-v3                                                                  198.1828   53.2689  7.1
 18.824 2040 Alaska-slab2-v3                                                                  198.0871   53.3362  9.0
 15.982 2041 Alaska-slab2-v3                                                                  197.9952   53.4060 10.7
 13.149 2042 Alaska-slab2-v3                                                                  197.9073   53.4782 12.1
 10.499 2043 Alaska-slab2-v3                                                                  197.8192   53.5506 13.4
  7.566 2044 Alaska-slab2-v3                                                                  197.7333   53.6236 14.9
 18.824 2055 Alaska-slab2-v3                                                                  197.8943   53.2088  7.2
 18.824 2056 Alaska-slab2-v3                                                                  197.7964   53.2740  9.4
 16.052 2057 Alaska-slab2-v3                                                                  197.7048   53.3436 11.2
 13.396 2058 Alaska-slab2-v3                                                                  197.6178   53.4162 12.6
 10.875 2059 Alaska-slab2-v3                                                                  197.5304   53.4887 13.9
 18.824 2070 Alaska-slab2-v3                                                                  197.6050   53.1470  7.5
 16.821 2071 Alaska-slab2-v3                                                                  197.5054   53.2094 10.1
 13.001 2072 Alaska-slab2-v3                                                                  197.4159   53.2794 12.0
 10.290 2073 Alaska-slab2-v3                                                                  197.3297   53.3524 13.3
  7.661 2074 Alaska-slab2-v3                                                                  197.2445   53.4258 14.6
 18.824 2085 Alaska-slab2-v3                                                                  197.3160   53.0831  7.9
 16.011 2086 Alaska-slab2-v3                                                                  197.2162   53.1421 11.0
 12.240 2087 Alaska-slab2-v3                                                                  197.1304   53.2137 12.9
  9.930 2088 Alaska-slab2-v3                                                                  197.0449   53.2870 14.0
 18.824 2100 Alaska-slab2-v3                                                                  197.0307   53.0183  8.2
 15.005 2101 Alaska-slab2-v3                                                                  196.9324   53.0739 11.7
 11.398 2102 Alaska-slab2-v3                                                                  196.8491   53.1466 13.6
  9.547 2103 Alaska-slab2-v3                                                                  196.7645   53.2206 14.6
 18.824 2115 Alaska-slab2-v3                                                                  196.7498   52.9534  8.5
 14.049 2116 Alaska-slab2-v3                                                                  196.6541   53.0059 12.4
 10.675 2117 Alaska-slab2-v3                                                                  196.5720   53.0791 14.1
  9.359 2118 Alaska-slab2-v3                                                                  196.4889   53.1538 14.8
 18.824 2130 Alaska-slab2-v3                                                                  196.4706   52.8875  8.7
 13.352 2131 Alaska-slab2-v3                                                                  196.3781   52.9384 12.8
 10.147 2132 Alaska-slab2-v3                                                                  196.2978   53.0122 14.5
  9.293 2133 Alaska-slab2-v3                                                                  196.2163   53.0876 14.9
 18.824 2145 Alaska-slab2-v3                                                                  196.1928   52.8211  8.8
 13.003 2146 Alaska-slab2-v3                                                                  196.1029   52.8721 13.0
  9.861 2147 Alaska-slab2-v3                                                                  196.0243   52.9465 14.7
  9.275 2148 Alaska-slab2-v3                                                                  195.9443   53.0225 15.0
