  4.837 2474 Alaska-slab2-v3                                                                  189.6864   51.7088 14.1
  3.557 2475 Alaska-slab2-v3                                                                  189.6395   51.7924 15.9
  1.959 2476 Alaska-slab2-v3                                                                  189.5966   51.8761 18.1
  4.814 2487 Alaska-slab2-v3                                                                  189.4233   51.6486 14.6
  3.529 2488 Alaska-slab2-v3                                                                  189.3786   51.7326 16.5
  1.928 2489 Alaska-slab2-v3                                                                  189.3368   51.8163 18.8
  4.852 2500 Alaska-slab2-v3                                                                  189.1606   51.5928 15.2
  3.524 2501 Alaska-slab2-v3                                                                  189.1191   51.6771 17.3
  1.895 2502 Alaska-slab2-v3                                                                  189.0776   51.7604 19.8
  5.942 2512 Alaska-slab2-v3                                                                  188.9407   51.4562 14.3
  4.881 2513 Alaska-slab2-v3                                                                  188.8984   51.5409 16.0
  3.486 2514 Alaska-slab2-v3                                                                  188.8598   51.6253 18.3
  1.839 2515 Alaska-slab2-v3                                                                  188.8181   51.7081 21.0
  4.732 2525 Alaska-slab2-v3                                                                  188.6752   51.4069 15.0
  3.480 2526 Alaska-slab2-v3                                                                  188.6360   51.4919 16.9
  1.854 2527 Alaska-slab2-v3                                                                  188.5981   51.5760 19.3
  5.548 2537 Alaska-slab2-v3                                                                  188.4488   51.2742 14.3
  4.715 2538 Alaska-slab2-v3                                                                  188.4086   51.3599 15.6
  3.432 2539 Alaska-slab2-v3                                                                  188.3715   51.4450 17.6
  1.806 2540 Alaska-slab2-v3                                                                  188.3330   51.5288 20.1
  5.498 2549 Alaska-slab2-v3                                                                  188.1783   51.2288 14.7
  4.672 2550 Alaska-slab2-v3                                                                  188.1402   51.3148 16.0
  3.348 2551 Alaska-slab2-v3                                                                  188.1045   51.3999 18.1
  1.759 2552 Alaska-slab2-v3                                                                  188.0659   51.4837 20.6
  6.074 2560 Alaska-slab2-v3                                                                  187.9448   51.0992 14.0
  5.515 2561 Alaska-slab2-v3                                                                  187.9064   51.1856 14.9
  4.641 2562 Alaska-slab2-v3                                                                  187.8701   51.2717 16.3
  3.276 2563 Alaska-slab2-v3                                                                  187.8356   51.3569 18.5
  1.706 2564 Alaska-slab2-v3                                                                  187.7975   51.4407 21.1
  4.451 2573 Alaska-slab2-v3                                                                  187.6335   51.1444 15.0
  3.362 2574 Alaska-slab2-v3                                                                  187.5990   51.2306 16.6
  1.771 2575 Alaska-slab2-v3                                                                  187.5659   51.3157 18.9
  4.606 2585 Alaska-slab2-v3                                                                  187.3605   51.1042 14.9
  3.434 2586 Alaska-slab2-v3                                                                  187.3276   51.1904 16.6
  1.806 2587 Alaska-slab2-v3                                                                  187.2958   51.2756 19.0
  4.652 2597 Alaska-slab2-v3                                                                  187.0879   51.0642 14.8
  3.444 2598 Alaska-slab2-v3                                                                  187.0563   51.1506 16.5
  1.846 2599 Alaska-slab2-v3                                                                  187.0262   51.2361 18.9
  5.740 2609 Alaska-slab2-v3                                                                  186.8157   51.0243 14.5
  4.685 2610 Alaska-slab2-v3                                                                  186.7857   51.1111 16.2
  3.367 2611 Alaska-slab2-v3                                                                  186.7578   51.1974 18.3
  1.780 2612 Alaska-slab2-v3                                                                  186.7261   51.2821 20.8
  5.491 2621 Alaska-slab2-v3                                                                  186.5444   50.9853 14.0
  4.439 2622 Alaska-slab2-v3                                                                  186.5161   51.0725 15.6
  3.222 2623 Alaska-slab2-v3                                                                  186.4904   51.1595 17.5
  1.746 2624 Alaska-slab2-v3                                                                  186.4633   51.2456 19.7
  5.418 2635 Alaska-slab2-v3                                                                  186.2478   51.0353 15.0
  4.373 2636 Alaska-slab2-v3                                                                  186.2236   51.1228 16.6
  3.147 2637 Alaska-slab2-v3                                                                  186.2002   51.2099 18.6
  1.721 2638 Alaska-slab2-v3                                                                  186.1726   51.2958 20.9
  5.230 2648 Alaska-slab2-v3                                                                  185.9799   50.9999 14.2
  4.210 2649 Alaska-slab2-v3                                                                  185.9571   51.0878 15.7
  2.968 2650 Alaska-slab2-v3                                                                  185.9348   51.1752 17.6
  1.571 2651 Alaska-slab2-v3                                                                  185.9110   51.2620 19.7
  5.380 2662 Alaska-slab2-v3                                                                  185.6891   51.0545 14.9
  4.271 2663 Alaska-slab2-v3                                                                  185.6675   51.1422 16.7
  2.973 2664 Alaska-slab2-v3                                                                  185.6451   51.2292 18.7
  1.594 2665 Alaska-slab2-v3                                                                  185.6203   51.3157 20.9
  5.377 2676 Alaska-slab2-v3                                                                  185.4172   51.0229 14.4
  4.337 2677 Alaska-slab2-v3                                                                  185.3969   51.1109 16.0
  3.003 2678 Alaska-slab2-v3                                                                  185.3752   51.1980 18.0
  1.557 2679 Alaska-slab2-v3                                                                  185.3522   51.2847 20.2
  5.250 2690 Alaska-slab2-v3                                                                  185.1420   50.9925 14.2
  4.306 2691 Alaska-slab2-v3                                                                  185.1230   51.0809 15.6
  3.053 2692 Alaska-slab2-v3                                                                  185.1026   51.1684 17.5
  1.587 2693 Alaska-slab2-v3                                                                  185.0813   51.2553 19.7
  4.967 2705 Alaska-slab2-v3                                                                  184.8668   50.9635 14.4
  4.102 2706 Alaska-slab2-v3                                                                  184.8487   51.0521 15.7
  2.984 2707 Alaska-slab2-v3                                                                  184.8291   51.1401 17.3
  1.601 2708 Alaska-slab2-v3                                                                  184.8091   51.2274 19.3
  5.772 2720 Alaska-slab2-v3                                                                  184.5923   50.9359 14.6
  5.045 2721 Alaska-slab2-v3                                                                  184.5748   51.0247 15.8
  4.133 2722 Alaska-slab2-v3                                                                  184.5556   51.1130 17.3
  3.000 2723 Alaska-slab2-v3                                                                  184.5363   51.2007 19.1
  1.614 2724 Alaska-slab2-v3                                                                  184.5152   51.2874 21.4
  9.833 2735 Alaska-slab2-v3                                                                  184.3167   50.9099 14.7
  8.559 2736 Alaska-slab2-v3                                                                  184.2999   50.9987 15.9
  7.024 2737 Alaska-slab2-v3                                                                  184.2813   51.0871 17.3
  5.129 2738 Alaska-slab2-v3                                                                  184.2627   51.1751 19.0
  2.799 2739 Alaska-slab2-v3                                                                  184.2425   51.2621 21.2
 14.079 2750 Alaska-slab2-v3                                                                  184.0402   50.8858 14.6
 12.175 2751 Alaska-slab2-v3                                                                  184.0244   50.9747 15.9
  9.896 2752 Alaska-slab2-v3                                                                  184.0065   51.0631 17.3
  7.180 2753 Alaska-slab2-v3                                                                  183.9887   51.1511 19.1
  3.933 2754 Alaska-slab2-v3                                                                  183.9695   51.2384 21.1
 18.845 2765 Alaska-slab2-v3                                                                  183.7633   50.8640 14.5
 16.245 2766 Alaska-slab2-v3                                                                  183.7487   50.9529 15.8
 13.060 2767 Alaska-slab2-v3                                                                  183.7317   51.0412 17.4
  9.312 2768 Alaska-slab2-v3                                                                  183.7146   51.1291 19.2
  5.079 2769 Alaska-slab2-v3                                                                  183.6962   51.2164 21.3
 20.060 2780 Alaska-slab2-v3                                                                  183.4859   50.8448 14.3
 16.343 2781 Alaska-slab2-v3                                                                  183.4725   50.9336 15.6
 11.615 2782 Alaska-slab2-v3                                                                  183.4566   51.0218 17.4
  6.122 2783 Alaska-slab2-v3                                                                  183.4403   51.1095 19.4
 20.950 2795 Alaska-slab2-v3                                                                  183.2078   50.8284 14.2
 17.158 2796 Alaska-slab2-v3                                                                  183.1956   50.9172 15.6
 12.264 2797 Alaska-slab2-v3                                                                  183.1809   51.0053 17.4
  6.455 2798 Alaska-slab2-v3                                                                  183.1656   51.0928 19.6
 21.423 2810 Alaska-slab2-v3                                                                  182.9294   50.8151 14.2
 17.622 2811 Alaska-slab2-v3                                                                  182.9181   50.9039 15.6
 12.732 2812 Alaska-slab2-v3                                                                  182.9046   50.9921 17.5
  6.804 2813 Alaska-slab2-v3                                                                  182.8905   51.0794 19.7
 21.539 2825 Alaska-slab2-v3                                                                  182.6507   50.8052 14.2
 17.729 2826 Alaska-slab2-v3                                                                  182.6403   50.8941 15.6
 12.966 2827 Alaska-slab2-v3                                                                  182.6279   50.9823 17.4
  7.039 2828 Alaska-slab2-v3                                                                  182.6151   51.0698 19.7
 21.705 2839 Alaska-slab2-v3                                                                  182.3720   50.7989 14.1
 17.792 2840 Alaska-slab2-v3                                                                  182.3624   50.8878 15.6
 13.007 2841 Alaska-slab2-v3                                                                  182.3512   50.9762 17.4
  7.112 2842 Alaska-slab2-v3                                                                  182.3395   51.0636 19.7
 22.197 2853 Alaska-slab2-v3                                                                  182.0936   50.7965 14.0
 18.063 2854 Alaska-slab2-v3                                                                  182.0847   50.8853 15.6
 13.113 2855 Alaska-slab2-v3                                                                  182.0745   50.9736 17.5
  7.136 2856 Alaska-slab2-v3                                                                  182.0637   51.0610 19.7
 18.674 2868 Alaska-slab2-v3                                                                  181.8068   50.8865 15.6
 13.402 2869 Alaska-slab2-v3                                                                  181.7974   50.9745 17.6
  7.220 2870 Alaska-slab2-v3                                                                  181.7875   51.0618 20.0
 19.434 2882 Alaska-slab2-v3                                                                  181.5284   50.8914 15.7
 13.867 2883 Alaska-slab2-v3                                                                  181.5199   50.9791 17.9
  7.414 2884 Alaska-slab2-v3                                                                  181.5111   51.0661 20.4
 19.723 2895 Alaska-slab2-v3                                                                  181.2558   50.8118 14.1
 14.316 2896 Alaska-slab2-v3                                                                  181.2495   50.9001 16.0
  7.704 2897 Alaska-slab2-v3                                                                  181.2423   50.9875 18.4
 20.037 2908 Alaska-slab2-v3                                                                  180.9758   50.8239 14.5
 14.616 2909 Alaska-slab2-v3                                                                  180.9708   50.9120 16.5
  7.955 2910 Alaska-slab2-v3                                                                  180.9650   50.9992 19.0
 20.215 2921 Alaska-slab2-v3                                                                  180.6963   50.8386 15.0
 14.765 2922 Alaska-slab2-v3                                                                  180.6925   50.9266 17.1
  8.070 2923 Alaska-slab2-v3                                                                  180.6884   51.0136 19.7
 20.472 2934 Alaska-slab2-v3                                                                  180.4175   50.8551 15.4
 14.891 2935 Alaska-slab2-v3                                                                  180.4150   50.9429 17.7
  8.109 2936 Alaska-slab2-v3                                                                  180.4124   51.0295 20.4
 14.883 2946 Alaska-slab2-v3                                                                  180.1393   50.8723 15.8
  7.988 2947 Alaska-slab2-v3                                                                  180.1382   50.9596 18.2
 20.646 2957 Alaska-slab2-v3                                                                  179.8646   50.7983 14.0
 15.299 2958 Alaska-slab2-v3                                                                  179.8659   50.8866 16.0
  8.308 2959 Alaska-slab2-v3                                                                  179.8669   50.9737 18.5
 20.608 2969 Alaska-slab2-v3                                                                  179.5922   50.8098 14.2
 15.565 2970 Alaska-slab2-v3                                                                  179.5964   50.8983 16.1
  8.704 2971 Alaska-slab2-v3                                                                  179.6002   50.9854 18.6
 20.688 2981 Alaska-slab2-v3                                                                  179.3204   50.8244 14.3
 15.697 2982 Alaska-slab2-v3                                                                  179.3273   50.9128 16.2
  8.828 2983 Alaska-slab2-v3                                                                  179.3340   50.9997 18.7
 20.871 2993 Alaska-slab2-v3                                                                  179.0494   50.8442 14.4
 15.753 2994 Alaska-slab2-v3                                                                  179.0591   50.9323 16.4
  8.778 2995 Alaska-slab2-v3                                                                  179.0686   51.0190 19.0
 21.136 3005 Alaska-slab2-v3                                                                  178.7798   50.8697 14.5
 15.767 3006 Alaska-slab2-v3                                                                  178.7922   50.9575 16.5
  8.669 3007 Alaska-slab2-v3                                                                  178.8044   51.0439 19.3
 21.395 3017 Alaska-slab2-v3                                                                  178.5114   50.9004 14.6
 15.832 3018 Alaska-slab2-v3                                                                  178.5266   50.9878 16.7
  8.615 3019 Alaska-slab2-v3                                                                  178.5414   51.0738 19.5
 21.684 3028 Alaska-slab2-v3                                                                  178.2445   50.9354 14.6
 15.950 3029 Alaska-slab2-v3                                                                  178.2624   51.0224 16.9
  8.628 3030 Alaska-slab2-v3                                                                  178.2798   51.1081 19.7
 21.951 3039 Alaska-slab2-v3                                                                  177.9788   50.9738 14.6
 16.126 3040 Alaska-slab2-v3                                                                  177.9995   51.0605 16.9
  8.725 3041 Alaska-slab2-v3                                                                  178.0197   51.1457 19.8
 22.155 3050 Alaska-slab2-v3                                                                  177.7145   51.0150 14.5
 16.279 3051 Alaska-slab2-v3                                                                  177.7381   51.1013 16.8
  8.801 3052 Alaska-slab2-v3                                                                  177.7610   51.1862 19.8
 22.315 3061 Alaska-slab2-v3                                                                  177.4512   51.0587 14.4
 16.403 3062 Alaska-slab2-v3                                                                  177.4776   51.1447 16.7
  8.880 3063 Alaska-slab2-v3                                                                  177.5036   51.2292 19.6
 22.452 3072 Alaska-slab2-v3                                                                  177.1886   51.1048 14.2
 16.535 3073 Alaska-slab2-v3                                                                  177.2180   51.1905 16.5
  8.939 3074 Alaska-slab2-v3                                                                  177.2470   51.2746 19.4
 18.347 3083 Alaska-slab2-v3                                                                  176.9263   51.1531 14.0
 13.559 3084 Alaska-slab2-v3                                                                  176.9587   51.2385 16.3
  7.373 3085 Alaska-slab2-v3                                                                  176.9909   51.3222 19.2
 10.523 3095 Alaska-slab2-v3                                                                  176.6995   51.2885 16.1
  5.786 3096 Alaska-slab2-v3                                                                  176.7350   51.3718 19.0
  7.392 3107 Alaska-slab2-v3                                                                  176.4402   51.3404 16.1
  4.121 3108 Alaska-slab2-v3                                                                  176.4791   51.4232 18.9
  5.600 3117 Alaska-slab2-v3                                                                  176.1396   51.3098 14.1
  4.224 3118 Alaska-slab2-v3                                                                  176.1814   51.3939 16.2
  2.386 3119 Alaska-slab2-v3                                                                  176.2234   51.4761 19.0
  5.618 3128 Alaska-slab2-v3                                                                  175.8786   51.3654 14.2
  4.226 3129 Alaska-slab2-v3                                                                  175.9236   51.4487 16.4
  2.371 3130 Alaska-slab2-v3                                                                  175.9682   51.5303 19.3
  5.673 3139 Alaska-slab2-v3                                                                  175.6186   51.4223 14.4
  4.220 3140 Alaska-slab2-v3                                                                  175.6667   51.5047 16.6
  2.348 3141 Alaska-slab2-v3                                                                  175.7139   51.5855 19.6
  5.746 3150 Alaska-slab2-v3                                                                  175.3593   51.4807 14.5
  4.235 3151 Alaska-slab2-v3                                                                  175.4107   51.5619 16.9
  2.324 3152 Alaska-slab2-v3                                                                  175.4603   51.6419 19.9
  5.805 3161 Alaska-slab2-v3                                                                  175.1008   51.5404 14.6
  4.246 3162 Alaska-slab2-v3                                                                  175.1555   51.6206 17.1
  2.311 3163 Alaska-slab2-v3                                                                  175.2076   51.6996 20.2
  4.181 3172 Alaska-slab2-v3                                                                  174.8430   51.6015 14.6
  2.322 3173 Alaska-slab2-v3                                                                  174.9009   51.6807 17.2
  4.154 3183 Alaska-slab2-v3                                                                  174.5859   51.6641 14.7
  2.330 3184 Alaska-slab2-v3                                                                  174.6470   51.7425 17.3
  4.073 3194 Alaska-slab2-v3                                                                  174.3294   51.7283 14.8
  2.305 3195 Alaska-slab2-v3                                                                  174.3935   51.8060 17.2
  5.622 3205 Alaska-slab2-v3                                                                  174.0735   51.7944 14.7
  4.181 3206 Alaska-slab2-v3                                                                  174.1404   51.8715 17.1
  2.280 3207 Alaska-slab2-v3                                                                  174.2045   51.9474 20.1
  5.473 3216 Alaska-slab2-v3                                                                  173.8182   51.8628 14.6
  4.074 3217 Alaska-slab2-v3                                                                  173.8879   51.9393 16.8
  2.237 3218 Alaska-slab2-v3                                                                  173.9558   52.0146 19.7
  5.299 3227 Alaska-slab2-v3                                                                  173.5637   51.9338 14.5
  3.938 3228 Alaska-slab2-v3                                                                  173.6359   52.0098 16.6
  2.165 3229 Alaska-slab2-v3                                                                  173.7078   52.0843 19.3
  5.148 3238 Alaska-slab2-v3                                                                  173.3105   52.0077 14.3
  3.821 3239 Alaska-slab2-v3                                                                  173.3851   52.0831 16.3
  2.096 3240 Alaska-slab2-v3                                                                  173.4610   52.1566 18.8
  5.035 3250 Alaska-slab2-v3                                                                  173.0592   52.0848 14.1
  3.731 3251 Alaska-slab2-v3                                                                  173.1361   52.1596 15.9
  2.039 3252 Alaska-slab2-v3                                                                  173.2150   52.2323 18.4
  3.687 3263 Alaska-slab2-v3                                                                  172.8891   52.2394 15.6
  2.007 3264 Alaska-slab2-v3                                                                  172.9702   52.3115 17.9
  5.172 3275 Alaska-slab2-v3                                                                  172.6443   52.3229 15.2
  3.729 3276 Alaska-slab2-v3                                                                  172.7276   52.3943 17.5
  1.997 3277 Alaska-slab2-v3                                                                  172.8074   52.4658 20.3
  5.164 3288 Alaska-slab2-v3                                                                  172.4015   52.4097 14.9
  3.741 3289 Alaska-slab2-v3                                                                  172.4871   52.4803 17.1
  2.009 3290 Alaska-slab2-v3                                                                  172.5705   52.5506 19.8
  5.124 3301 Alaska-slab2-v3                                                                  172.1604   52.4993 14.6
  3.759 3302 Alaska-slab2-v3                                                                  172.2482   52.5693 16.7
  2.044 3303 Alaska-slab2-v3                                                                  172.3355   52.6382 19.3
  4.981 3314 Alaska-slab2-v3                                                                  171.9204   52.5913 14.4
  3.693 3315 Alaska-slab2-v3                                                                  172.0105   52.6608 16.3
  2.051 3316 Alaska-slab2-v3                                                                  172.1019   52.7283 18.7
  4.732 3327 Alaska-slab2-v3                                                                  171.6816   52.6852 14.1
  3.517 3328 Alaska-slab2-v3                                                                  171.7737   52.7542 15.9
  1.968 3329 Alaska-slab2-v3                                                                  171.8682   52.8209 18.0
  4.804 3341 Alaska-slab2-v3                                                                  171.5373   52.8490 15.5
  3.516 3342 Alaska-slab2-v3                                                                  171.6337   52.9153 17.5
  1.925 3343 Alaska-slab2-v3                                                                  171.7269   52.9819 20.0
