 92.825 0231 Alaska-slab2-v3                                                                  216.3398   60.3457  8.9
 92.825 0232 Alaska-slab2-v3                                                                  216.2532   60.4228 10.7
 92.825 0233 Alaska-slab2-v3                                                                  216.1527   60.4968 11.9
 92.825 0234 Alaska-slab2-v3                                                                  216.0465   60.5698 12.8
 92.030 0235 Alaska-slab2-v3                                                                  215.9396   60.6428 13.6
 86.918 0236 Alaska-slab2-v3                                                                  215.8326   60.7157 14.3
 92.825 0255 Alaska-slab2-v3                                                                  216.0024   60.2336 10.4
 92.825 0256 Alaska-slab2-v3                                                                  215.9029   60.3067 12.2
 92.825 0257 Alaska-slab2-v3                                                                  215.7964   60.3790 13.4
 88.798 0258 Alaska-slab2-v3                                                                  215.6890   60.4516 14.1
 85.425 0259 Alaska-slab2-v3                                                                  215.5810   60.5242 14.6
 92.825 0281 Alaska-slab2-v3                                                                  215.7667   60.0238  8.5
 92.825 0282 Alaska-slab2-v3                                                                  215.6685   60.0957 10.9
 92.825 0283 Alaska-slab2-v3                                                                  215.5633   60.1673 12.6
 90.463 0284 Alaska-slab2-v3                                                                  215.4567   60.2395 13.7
 85.738 0285 Alaska-slab2-v3                                                                  215.3492   60.3119 14.4
 82.403 0286 Alaska-slab2-v3                                                                  215.2419   60.3845 14.9
 92.825 0311 Alaska-slab2-v3                                                                  215.4642   59.8739  8.3
 92.825 0312 Alaska-slab2-v3                                                                  215.3509   59.9410 10.4
 92.825 0313 Alaska-slab2-v3                                                                  215.2419   60.0111 11.9
 92.825 0314 Alaska-slab2-v3                                                                  215.1347   60.0828 13.1
 87.936 0315 Alaska-slab2-v3                                                                  215.0267   60.1546 14.0
 82.697 0316 Alaska-slab2-v3                                                                  214.9191   60.2267 14.7
 92.825 0344 Alaska-slab2-v3                                                                  215.1063   59.7707  9.3
 92.825 0345 Alaska-slab2-v3                                                                  214.9901   59.8370 11.1
 92.825 0346 Alaska-slab2-v3                                                                  214.8804   59.9071 12.5
 92.584 0347 Alaska-slab2-v3                                                                  214.7697   59.9775 13.5
 87.357 0348 Alaska-slab2-v3                                                                  214.6583   60.0480 14.3
 83.298 0349 Alaska-slab2-v3                                                                  214.5502   60.1198 14.9
 92.825 0386 Alaska-slab2-v3                                                                  214.8431   59.6356  9.5
 92.825 0387 Alaska-slab2-v3                                                                  214.7243   59.7004 11.4
 92.825 0388 Alaska-slab2-v3                                                                  214.6103   59.7687 12.7
 91.758 0389 Alaska-slab2-v3                                                                  214.4953   59.8373 13.6
 87.559 0390 Alaska-slab2-v3                                                                  214.3795   59.9059 14.2
 84.874 0391 Alaska-slab2-v3                                                                  214.2631   59.9745 14.6
 83.016 0392 Alaska-slab2-v3                                                                  214.1482   60.0437 14.9
 92.825 0428 Alaska-slab2-v3                                                                  214.5858   59.4974  9.6
 92.825 0429 Alaska-slab2-v3                                                                  214.4641   59.5605 11.5
 92.825 0430 Alaska-slab2-v3                                                                  214.3463   59.6269 12.9
 90.409 0431 Alaska-slab2-v3                                                                  214.2275   59.6935 13.8
 86.476 0432 Alaska-slab2-v3                                                                  214.1078   59.7602 14.4
 84.267 0433 Alaska-slab2-v3                                                                  213.9875   59.8269 14.7
 83.232 0434 Alaska-slab2-v3                                                                  213.8667   59.8935 14.8
 82.473 0435 Alaska-slab2-v3                                                                  213.7462   59.9604 14.9
 92.825 0469 Alaska-slab2-v3                                                                  214.3377   59.3548  9.5
 92.825 0470 Alaska-slab2-v3                                                                  214.2120   59.4156 11.4
 92.825 0471 Alaska-slab2-v3                                                                  214.0899   59.4797 12.8
 88.912 0472 Alaska-slab2-v3                                                                  213.9667   59.5441 13.7
 84.822 0473 Alaska-slab2-v3                                                                  213.8427   59.6084 14.3
 82.566 0474 Alaska-slab2-v3                                                                  213.7181   59.6728 14.6
 81.508 0475 Alaska-slab2-v3                                                                  213.5930   59.7370 14.8
 80.944 0476 Alaska-slab2-v3                                                                  213.4673   59.8012 14.9
 80.310 0477 Alaska-slab2-v3                                                                  213.3418   59.8654 14.9
 92.825 0510 Alaska-slab2-v3                                                                  214.1024   59.2073  9.3
 92.825 0511 Alaska-slab2-v3                                                                  213.9719   59.2655 11.1
 92.825 0512 Alaska-slab2-v3                                                                  213.8453   59.3270 12.4
 91.016 0513 Alaska-slab2-v3                                                                  213.7176   59.3887 13.3
 86.618 0514 Alaska-slab2-v3                                                                  213.5892   59.4504 14.0
 83.851 0515 Alaska-slab2-v3                                                                  213.4601   59.5121 14.4
 82.219 0516 Alaska-slab2-v3                                                                  213.3304   59.5737 14.6
 81.226 0517 Alaska-slab2-v3                                                                  213.2003   59.6352 14.7
 80.091 0518 Alaska-slab2-v3                                                                  213.0697   59.6965 14.9
 92.825 0551 Alaska-slab2-v3                                                                  213.8813   59.0556  8.9
 92.825 0552 Alaska-slab2-v3                                                                  213.7467   59.1112 10.6
 92.825 0553 Alaska-slab2-v3                                                                  213.6158   59.1701 11.9
 92.825 0554 Alaska-slab2-v3                                                                  213.4846   59.2294 12.9
 91.647 0555 Alaska-slab2-v3                                                                  213.3527   59.2888 13.6
 88.253 0556 Alaska-slab2-v3                                                                  213.2201   59.3481 14.1
 85.828 0557 Alaska-slab2-v3                                                                  213.0869   59.4073 14.4
 83.958 0558 Alaska-slab2-v3                                                                  212.9532   59.4664 14.7
 82.226 0559 Alaska-slab2-v3                                                                  212.8188   59.5252 14.9
 92.825 0591 Alaska-slab2-v3                                                                  213.6725   58.9003  8.7
 92.825 0592 Alaska-slab2-v3                                                                  213.5347   58.9537 10.2
 92.825 0593 Alaska-slab2-v3                                                                  213.4001   59.0099 11.5
 92.825 0594 Alaska-slab2-v3                                                                  213.2660   59.0671 12.5
 92.825 0595 Alaska-slab2-v3                                                                  213.1312   59.1243 13.3
 89.006 0596 Alaska-slab2-v3                                                                  212.9957   59.1814 13.9
 85.813 0597 Alaska-slab2-v3                                                                  212.8597   59.2385 14.4
 83.174 0598 Alaska-slab2-v3                                                                  212.7232   59.2954 14.8
 92.825 0629 Alaska-slab2-v3                                                                  213.4727   58.7421  8.6
 92.825 0630 Alaska-slab2-v3                                                                  213.3324   58.7934 10.1
 92.825 0631 Alaska-slab2-v3                                                                  213.1942   58.8468 11.4
 92.825 0632 Alaska-slab2-v3                                                                  213.0564   58.9011 12.4
 92.192 0633 Alaska-slab2-v3                                                                  212.9178   58.9554 13.3
 87.547 0634 Alaska-slab2-v3                                                                  212.7787   59.0096 13.9
 83.887 0635 Alaska-slab2-v3                                                                  212.6390   59.0637 14.5
 80.931 0636 Alaska-slab2-v3                                                                  212.4985   59.1175 14.9
 92.825 0665 Alaska-slab2-v3                                                                  213.2794   58.5822  8.7
 92.825 0666 Alaska-slab2-v3                                                                  213.1372   58.6314 10.3
 92.825 0667 Alaska-slab2-v3                                                                  212.9951   58.6814 11.6
 92.825 0668 Alaska-slab2-v3                                                                  212.8525   58.7318 12.6
 92.790 0669 Alaska-slab2-v3                                                                  212.7092   58.7822 13.5
 88.447 0670 Alaska-slab2-v3                                                                  212.5653   58.8324 14.1
 85.069 0671 Alaska-slab2-v3                                                                  212.4209   58.8826 14.6
 82.450 0672 Alaska-slab2-v3                                                                  212.2756   58.9323 15.0
 92.825 0700 Alaska-slab2-v3                                                                  213.0897   58.4261  9.1
 92.825 0701 Alaska-slab2-v3                                                                  212.9473   58.4744 10.8
 92.825 0702 Alaska-slab2-v3                                                                  212.8039   58.5229 12.1
 92.825 0703 Alaska-slab2-v3                                                                  212.6595   58.5714 13.1
 89.533 0704 Alaska-slab2-v3                                                                  212.5144   58.6199 13.9
 85.999 0705 Alaska-slab2-v3                                                                  212.3686   58.6683 14.4
 83.504 0706 Alaska-slab2-v3                                                                  212.2224   58.7166 14.7
162.444 0735 Alaska-slab2-v3                                                                  212.8990   58.2742  9.5
162.444 0736 Alaska-slab2-v3                                                                  212.7582   58.3227 11.3
162.444 0737 Alaska-slab2-v3                                                                  212.6163   58.3719 12.7
156.655 0738 Alaska-slab2-v3                                                                  212.4734   58.4212 13.7
148.896 0739 Alaska-slab2-v3                                                                  212.3297   58.4705 14.3
144.340 0740 Alaska-slab2-v3                                                                  212.1853   58.5196 14.7
141.753 0741 Alaska-slab2-v3                                                                  212.0405   58.5687 14.9
232.062 0770 Alaska-slab2-v3                                                                  212.7037   58.1232  9.6
232.062 0771 Alaska-slab2-v3                                                                  212.5640   58.1721 11.5
232.062 0772 Alaska-slab2-v3                                                                  212.4241   58.2223 12.9
226.901 0773 Alaska-slab2-v3                                                                  212.2830   58.2726 13.8
216.752 0774 Alaska-slab2-v3                                                                  212.1411   58.3229 14.4
211.075 0775 Alaska-slab2-v3                                                                  211.9987   58.3731 14.7
208.151 0776 Alaska-slab2-v3                                                                  211.8558   58.4231 14.9
206.430 0777 Alaska-slab2-v3                                                                  211.7126   58.4732 15.0
301.681 0804 Alaska-slab2-v3                                                                  212.5018   57.9757  9.3
301.681 0805 Alaska-slab2-v3                                                                  212.3630   58.0250 11.1
301.681 0806 Alaska-slab2-v3                                                                  212.2250   58.0764 12.5
299.073 0807 Alaska-slab2-v3                                                                  212.0860   58.1278 13.4
284.789 0808 Alaska-slab2-v3                                                                  211.9461   58.1791 14.1
275.492 0809 Alaska-slab2-v3                                                                  211.8057   58.2304 14.5
270.050 0810 Alaska-slab2-v3                                                                  211.6649   58.2816 14.7
265.742 0811 Alaska-slab2-v3                                                                  211.5236   58.3327 14.9
371.300 0838 Alaska-slab2-v3                                                                  212.2938   57.8339  8.9
371.300 0839 Alaska-slab2-v3                                                                  212.1557   57.8839 10.5
371.300 0840 Alaska-slab2-v3                                                                  212.0188   57.9358 11.8
371.300 0841 Alaska-slab2-v3                                                                  211.8814   57.9880 12.8
362.257 0842 Alaska-slab2-v3                                                                  211.7432   58.0402 13.5
347.564 0843 Alaska-slab2-v3                                                                  211.6045   58.0922 14.0
336.826 0844 Alaska-slab2-v3                                                                  211.4652   58.1442 14.4
327.501 0845 Alaska-slab2-v3                                                                  211.3256   58.1960 14.7
371.300 0872 Alaska-slab2-v3                                                                  212.0783   57.6978  8.4
371.300 0873 Alaska-slab2-v3                                                                  211.9416   57.7490  9.9
371.300 0874 Alaska-slab2-v3                                                                  211.8053   57.8010 11.1
371.300 0875 Alaska-slab2-v3                                                                  211.6687   57.8535 12.1
371.300 0876 Alaska-slab2-v3                                                                  211.5314   57.9059 12.8
369.080 0877 Alaska-slab2-v3                                                                  211.3937   57.9582 13.5
354.372 0878 Alaska-slab2-v3                                                                  211.2554   58.0104 14.0
341.607 0879 Alaska-slab2-v3                                                                  211.1167   58.0625 14.4
328.564 0880 Alaska-slab2-v3                                                                  210.9789   58.1152 14.9
371.300 0905 Alaska-slab2-v3                                                                  211.8526   57.5663  8.1
371.300 0906 Alaska-slab2-v3                                                                  211.7178   57.6189  9.4
371.300 0907 Alaska-slab2-v3                                                                  211.5824   57.6714 10.6
371.300 0908 Alaska-slab2-v3                                                                  211.4462   57.7238 11.5
371.300 0909 Alaska-slab2-v3                                                                  211.3094   57.7761 12.4
371.300 0910 Alaska-slab2-v3                                                                  211.1721   57.8283 13.1
354.171 0911 Alaska-slab2-v3                                                                  211.0343   57.8803 13.7
337.185 0912 Alaska-slab2-v3                                                                  210.8961   57.9322 14.3
320.764 0913 Alaska-slab2-v3                                                                  210.7591   57.9852 14.9
371.300 0939 Alaska-slab2-v3                                                                  211.4814   57.4929  9.1
371.300 0940 Alaska-slab2-v3                                                                  211.3469   57.5459 10.2
371.300 0941 Alaska-slab2-v3                                                                  211.2112   57.5983 11.2
371.300 0942 Alaska-slab2-v3                                                                  211.0747   57.6504 12.1
371.300 0943 Alaska-slab2-v3                                                                  210.9378   57.7023 12.9
356.899 0944 Alaska-slab2-v3                                                                  210.8003   57.7542 13.7
337.134 0945 Alaska-slab2-v3                                                                  210.6624   57.8059 14.4
371.300 0972 Alaska-slab2-v3                                                                  211.2308   57.3710  9.0
371.300 0973 Alaska-slab2-v3                                                                  211.0969   57.4240 10.1
371.300 0974 Alaska-slab2-v3                                                                  210.9619   57.4765 11.1
371.300 0975 Alaska-slab2-v3                                                                  210.8263   57.5288 12.1
371.300 0976 Alaska-slab2-v3                                                                  210.6901   57.5810 12.9
353.902 0977 Alaska-slab2-v3                                                                  210.5535   57.6331 13.7
332.684 0978 Alaska-slab2-v3                                                                  210.4165   57.6851 14.5
371.300 1004 Alaska-slab2-v3                                                                  210.9669   57.2526  9.2
371.300 1005 Alaska-slab2-v3                                                                  210.8334   57.3056 10.3
371.300 1006 Alaska-slab2-v3                                                                  210.7011   57.3598 11.3
371.300 1007 Alaska-slab2-v3                                                                  210.5684   57.4139 12.2
371.300 1008 Alaska-slab2-v3                                                                  210.4353   57.4680 13.0
355.670 1009 Alaska-slab2-v3                                                                  210.3017   57.5220 13.7
335.395 1010 Alaska-slab2-v3                                                                  210.1676   57.5759 14.5
371.300 1035 Alaska-slab2-v3                                                                  210.8281   57.0879  8.2
371.300 1036 Alaska-slab2-v3                                                                  210.6921   57.1379  9.5
371.300 1037 Alaska-slab2-v3                                                                  210.5617   57.1925 10.6
371.300 1038 Alaska-slab2-v3                                                                  210.4359   57.2507 11.6
371.300 1039 Alaska-slab2-v3                                                                  210.3097   57.3090 12.3
371.300 1040 Alaska-slab2-v3                                                                  210.1830   57.3673 13.0
367.999 1041 Alaska-slab2-v3                                                                  210.0559   57.4255 13.6
352.047 1042 Alaska-slab2-v3                                                                  209.9283   57.4835 14.2
335.545 1043 Alaska-slab2-v3                                                                  209.8016   57.5422 14.8
371.300 1066 Alaska-slab2-v3                                                                  210.5480   56.9808  8.4
371.300 1067 Alaska-slab2-v3                                                                  210.4119   57.0299  9.8
371.300 1068 Alaska-slab2-v3                                                                  210.2868   57.0872 10.9
371.300 1069 Alaska-slab2-v3                                                                  210.1685   57.1498 11.8
371.300 1070 Alaska-slab2-v3                                                                  210.0496   57.2125 12.4
371.300 1071 Alaska-slab2-v3                                                                  209.9302   57.2750 12.9
369.769 1072 Alaska-slab2-v3                                                                  209.8103   57.3375 13.4
357.527 1073 Alaska-slab2-v3                                                                  209.6901   57.3999 13.8
343.616 1074 Alaska-slab2-v3                                                                  209.5694   57.4622 14.3
326.644 1075 Alaska-slab2-v3                                                                  209.4478   57.5238 14.9
371.300 1096 Alaska-slab2-v3                                                                  210.2708   56.8864  8.3
371.300 1097 Alaska-slab2-v3                                                                  210.1362   56.9367  9.6
371.300 1098 Alaska-slab2-v3                                                                  210.0128   56.9950 10.7
371.300 1099 Alaska-slab2-v3                                                                  209.8978   57.0594 11.5
371.300 1100 Alaska-slab2-v3                                                                  209.7823   57.1238 12.1
371.300 1101 Alaska-slab2-v3                                                                  209.6663   57.1881 12.6
371.300 1102 Alaska-slab2-v3                                                                  209.5498   57.2524 13.0
369.208 1103 Alaska-slab2-v3                                                                  209.4329   57.3166 13.4
355.544 1104 Alaska-slab2-v3                                                                  209.3157   57.3806 13.9
337.418 1105 Alaska-slab2-v3                                                                  209.1981   57.4444 14.5
371.300 1126 Alaska-slab2-v3                                                                  209.8744   56.8602  9.1
371.300 1127 Alaska-slab2-v3                                                                  209.7519   56.9196 10.1
371.300 1128 Alaska-slab2-v3                                                                  209.6341   56.9823 10.9
371.300 1129 Alaska-slab2-v3                                                                  209.5161   57.0452 11.5
371.300 1130 Alaska-slab2-v3                                                                  209.3976   57.1080 12.0
371.300 1131 Alaska-slab2-v3                                                                  209.2787   57.1707 12.5
371.300 1132 Alaska-slab2-v3                                                                  209.1594   57.2333 13.0
361.843 1133 Alaska-slab2-v3                                                                  209.0398   57.2957 13.7
338.759 1134 Alaska-slab2-v3                                                                  208.9194   57.3575 14.5
371.300 1155 Alaska-slab2-v3                                                                  209.6138   56.7850  8.6
371.300 1156 Alaska-slab2-v3                                                                  209.4968   56.8478  9.5
371.300 1157 Alaska-slab2-v3                                                                  209.3777   56.9096 10.4
371.300 1158 Alaska-slab2-v3                                                                  209.2553   56.9697 11.1
371.300 1159 Alaska-slab2-v3                                                                  209.1314   57.0291 11.7
371.300 1160 Alaska-slab2-v3                                                                  209.0072   57.0883 12.4
371.300 1161 Alaska-slab2-v3                                                                  208.8826   57.1474 13.1
351.067 1162 Alaska-slab2-v3                                                                  208.7578   57.2063 14.0
371.300 1183 Alaska-slab2-v3                                                                  209.3362   56.6985  8.4
371.300 1184 Alaska-slab2-v3                                                                  209.2227   56.7631  9.3
371.300 1185 Alaska-slab2-v3                                                                  209.1047   56.8252 10.2
371.300 1186 Alaska-slab2-v3                                                                  208.9805   56.8838 11.0
371.300 1187 Alaska-slab2-v3                                                                  208.8540   56.9412 11.9
371.300 1188 Alaska-slab2-v3                                                                  208.7273   56.9984 12.8
352.530 1189 Alaska-slab2-v3                                                                  208.6002   57.0555 13.8
321.200 1190 Alaska-slab2-v3                                                                  208.4722   57.1118 14.9
371.300 1210 Alaska-slab2-v3                                                                  209.0493   56.6043  8.6
371.300 1211 Alaska-slab2-v3                                                                  208.9339   56.6675  9.7
371.300 1212 Alaska-slab2-v3                                                                  208.8140   56.7282 10.7
371.300 1213 Alaska-slab2-v3                                                                  208.6901   56.7867 11.7
371.300 1214 Alaska-slab2-v3                                                                  208.5650   56.8445 12.7
347.122 1215 Alaska-slab2-v3                                                                  208.4395   56.9022 13.7
315.461 1216 Alaska-slab2-v3                                                                  208.3132   56.9594 14.8
371.300 1236 Alaska-slab2-v3                                                                  208.8802   56.4447  8.1
371.300 1237 Alaska-slab2-v3                                                                  208.7647   56.5072  9.4
371.300 1238 Alaska-slab2-v3                                                                  208.6463   56.5684 10.6
371.300 1239 Alaska-slab2-v3                                                                  208.5248   56.6279 11.7
371.300 1240 Alaska-slab2-v3                                                                  208.4020   56.6869 12.7
356.921 1241 Alaska-slab2-v3                                                                  208.2787   56.7458 13.7
329.574 1242 Alaska-slab2-v3                                                                  208.1550   56.8045 14.6
371.300 1262 Alaska-slab2-v3                                                                  208.5983   56.3460  8.8
371.300 1263 Alaska-slab2-v3                                                                  208.4812   56.4069 10.4
371.300 1264 Alaska-slab2-v3                                                                  208.3622   56.4673 11.7
371.300 1265 Alaska-slab2-v3                                                                  208.2418   56.5275 12.7
366.297 1266 Alaska-slab2-v3                                                                  208.1208   56.5876 13.5
344.897 1267 Alaska-slab2-v3                                                                  207.9993   56.6476 14.3
371.300 1287 Alaska-slab2-v3                                                                  208.3171   56.2446  9.4
371.300 1288 Alaska-slab2-v3                                                                  208.2000   56.3048 11.1
371.300 1289 Alaska-slab2-v3                                                                  208.0836   56.3666 12.4
356.029 1290 Alaska-slab2-v3                                                                  207.9663   56.4286 13.3
337.122 1291 Alaska-slab2-v3                                                                  207.8484   56.4905 13.9
320.833 1292 Alaska-slab2-v3                                                                  207.7301   56.5524 14.5
371.300 1312 Alaska-slab2-v3                                                                  208.0398   56.1434  9.6
371.300 1313 Alaska-slab2-v3                                                                  207.9244   56.2042 11.4
371.300 1314 Alaska-slab2-v3                                                                  207.8116   56.2679 12.6
355.031 1315 Alaska-slab2-v3                                                                  207.6980   56.3317 13.5
338.906 1316 Alaska-slab2-v3                                                                  207.5837   56.3957 14.0
326.237 1317 Alaska-slab2-v3                                                                  207.4690   56.4595 14.5
312.128 1318 Alaska-slab2-v3                                                                  207.3537   56.5231 14.9
371.300 1336 Alaska-slab2-v3                                                                  207.7667   56.0430  9.5
371.300 1337 Alaska-slab2-v3                                                                  207.6526   56.1043 11.3
371.300 1338 Alaska-slab2-v3                                                                  207.5425   56.1693 12.5
365.370 1339 Alaska-slab2-v3                                                                  207.4315   56.2344 13.4
349.558 1340 Alaska-slab2-v3                                                                  207.3199   56.2996 13.9
337.417 1341 Alaska-slab2-v3                                                                  207.2079   56.3648 14.4
323.864 1342 Alaska-slab2-v3                                                                  207.0952   56.4297 14.8
371.300 1360 Alaska-slab2-v3                                                                  207.4972   55.9427  9.3
371.300 1361 Alaska-slab2-v3                                                                  207.3835   56.0042 11.0
371.300 1362 Alaska-slab2-v3                                                                  207.2747   56.0698 12.2
358.708 1363 Alaska-slab2-v3                                                                  207.1652   56.1355 13.1
340.846 1364 Alaska-slab2-v3                                                                  207.0551   56.2013 13.7
325.912 1365 Alaska-slab2-v3                                                                  206.9445   56.2670 14.2
309.807 1366 Alaska-slab2-v3                                                                  206.8334   56.3326 14.8
301.681 1384 Alaska-slab2-v3                                                                  207.2316   55.8425  9.0
301.681 1385 Alaska-slab2-v3                                                                  207.1181   55.9043 10.6
301.681 1386 Alaska-slab2-v3                                                                  207.0097   55.9699 11.9
301.681 1387 Alaska-slab2-v3                                                                  206.9012   56.0360 12.8
290.404 1388 Alaska-slab2-v3                                                                  206.7921   56.1021 13.5
275.989 1389 Alaska-slab2-v3                                                                  206.6826   56.1682 14.1
261.108 1390 Alaska-slab2-v3                                                                  206.5727   56.2341 14.7
232.062 1407 Alaska-slab2-v3                                                                  206.9698   55.7423  8.7
232.062 1408 Alaska-slab2-v3                                                                  206.8571   55.8047 10.2
232.062 1409 Alaska-slab2-v3                                                                  206.7489   55.8703 11.4
232.062 1410 Alaska-slab2-v3                                                                  206.6420   55.9370 12.3
232.062 1411 Alaska-slab2-v3                                                                  206.5345   56.0037 13.1
220.406 1412 Alaska-slab2-v3                                                                  206.4266   56.0704 13.8
207.690 1413 Alaska-slab2-v3                                                                  206.3183   56.1369 14.5
162.444 1430 Alaska-slab2-v3                                                                  206.7109   55.6415  8.3
162.444 1431 Alaska-slab2-v3                                                                  206.5997   55.7049  9.7
162.444 1432 Alaska-slab2-v3                                                                  206.4925   55.7709 10.9
162.444 1433 Alaska-slab2-v3                                                                  206.3880   55.8387 11.8
162.444 1434 Alaska-slab2-v3                                                                  206.2831   55.9065 12.6
159.093 1435 Alaska-slab2-v3                                                                  206.1777   55.9743 13.4
149.662 1436 Alaska-slab2-v3                                                                  206.0720   56.0420 14.1
139.237 1437 Alaska-slab2-v3                                                                  205.9655   56.1092 15.0
 92.825 1453 Alaska-slab2-v3                                                                  206.4544   55.5398  8.0
 92.825 1454 Alaska-slab2-v3                                                                  206.3461   55.6049  9.2
 92.825 1455 Alaska-slab2-v3                                                                  206.2403   55.6716 10.3
 92.825 1456 Alaska-slab2-v3                                                                  206.1377   55.7402 11.2
 92.825 1457 Alaska-slab2-v3                                                                  206.0354   55.8091 12.1
 92.825 1458 Alaska-slab2-v3                                                                  205.9326   55.8780 12.8
 87.720 1459 Alaska-slab2-v3                                                                  205.8296   55.9468 13.6
 81.752 1460 Alaska-slab2-v3                                                                  205.7260   56.0154 14.4
 92.825 1477 Alaska-slab2-v3                                                                  206.0955   55.5043  8.8
 92.825 1478 Alaska-slab2-v3                                                                  205.9916   55.5720  9.8
 92.825 1479 Alaska-slab2-v3                                                                  205.8897   55.6408 10.7
 92.825 1480 Alaska-slab2-v3                                                                  205.7890   55.7103 11.5
 92.825 1481 Alaska-slab2-v3                                                                  205.6879   55.7798 12.3
 90.089 1482 Alaska-slab2-v3                                                                  205.5864   55.8492 13.1
 83.889 1483 Alaska-slab2-v3                                                                  205.4847   55.9185 13.9
 77.105 1484 Alaska-slab2-v3                                                                  205.3819   55.9873 14.9
 92.825 1500 Alaska-slab2-v3                                                                  205.8458   55.4021  8.3
 92.825 1501 Alaska-slab2-v3                                                                  205.7450   55.4712  9.2
 92.825 1502 Alaska-slab2-v3                                                                  205.6444   55.5406 10.1
 92.825 1503 Alaska-slab2-v3                                                                  205.5441   55.6102 10.9
 92.825 1504 Alaska-slab2-v3                                                                  205.4433   55.6797 11.7
 92.825 1505 Alaska-slab2-v3                                                                  205.3421   55.7491 12.6
 86.460 1506 Alaska-slab2-v3                                                                  205.2407   55.8184 13.5
 79.249 1507 Alaska-slab2-v3                                                                  205.1389   55.8874 14.5
 92.825 1524 Alaska-slab2-v3                                                                  205.4988   55.3689  8.7
 92.825 1525 Alaska-slab2-v3                                                                  205.4008   55.4394  9.5
 92.825 1526 Alaska-slab2-v3                                                                  205.3016   55.5095 10.3
 92.825 1527 Alaska-slab2-v3                                                                  205.2007   55.5787 11.2
 92.825 1528 Alaska-slab2-v3                                                                  205.0989   55.6477 12.1
 89.499 1529 Alaska-slab2-v3                                                                  204.9969   55.7165 13.0
 81.739 1530 Alaska-slab2-v3                                                                  204.8945   55.7851 14.1
 92.825 1547 Alaska-slab2-v3                                                                  205.2584   55.2577  8.5
 92.825 1548 Alaska-slab2-v3                                                                  205.1624   55.3289  9.3
 92.825 1549 Alaska-slab2-v3                                                                  205.0641   55.3994 10.1
 92.825 1550 Alaska-slab2-v3                                                                  204.9633   55.4688 11.0
 92.825 1551 Alaska-slab2-v3                                                                  204.8619   55.5377 11.9
 89.516 1552 Alaska-slab2-v3                                                                  204.7602   55.6064 12.9
 81.264 1553 Alaska-slab2-v3                                                                  204.6582   55.6750 14.0
 92.825 1570 Alaska-slab2-v3                                                                  205.0209   55.1392  8.5
 92.825 1571 Alaska-slab2-v3                                                                  204.9251   55.2105  9.3
 92.825 1572 Alaska-slab2-v3                                                                  204.8280   55.2811 10.2
 92.825 1573 Alaska-slab2-v3                                                                  204.7290   55.3509 11.1
 92.825 1574 Alaska-slab2-v3                                                                  204.6291   55.4202 12.2
 92.825 1575 Alaska-slab2-v3                                                                  204.5289   55.4895 13.2
 86.434 1576 Alaska-slab2-v3                                                                  204.4284   55.5586 14.4
 92.825 1593 Alaska-slab2-v3                                                                  204.7814   55.0242  8.6
 92.825 1594 Alaska-slab2-v3                                                                  204.6865   55.0957  9.4
 92.825 1595 Alaska-slab2-v3                                                                  204.5900   55.1664 10.4
 92.825 1596 Alaska-slab2-v3                                                                  204.4918   55.2363 11.4
 92.825 1597 Alaska-slab2-v3                                                                  204.3930   55.3061 12.5
 91.470 1598 Alaska-slab2-v3                                                                  204.2939   55.3757 13.6
 83.893 1599 Alaska-slab2-v3                                                                  204.1944   55.4452 14.6
 92.825 1615 Alaska-slab2-v3                                                                  204.6288   54.8438  8.0
 92.825 1616 Alaska-slab2-v3                                                                  204.5354   54.9157  8.9
 92.825 1617 Alaska-slab2-v3                                                                  204.4412   54.9874  9.8
 92.825 1618 Alaska-slab2-v3                                                                  204.3449   55.0581 10.7
 92.825 1619 Alaska-slab2-v3                                                                  204.2470   55.1280 11.7
 92.825 1620 Alaska-slab2-v3                                                                  204.1487   55.1978 12.8
 89.844 1621 Alaska-slab2-v3                                                                  204.0501   55.2676 13.8
 82.634 1622 Alaska-slab2-v3                                                                  203.9512   55.3373 14.9
 92.825 1638 Alaska-slab2-v3                                                                  204.3707   54.7446  8.3
 92.825 1639 Alaska-slab2-v3                                                                  204.2784   54.8168  9.2
 92.825 1640 Alaska-slab2-v3                                                                  204.1843   54.8883 10.2
 92.825 1641 Alaska-slab2-v3                                                                  204.0877   54.9587 11.1
 92.825 1642 Alaska-slab2-v3                                                                  203.9900   55.0287 12.1
 88.042 1643 Alaska-slab2-v3                                                                  203.8920   55.0987 13.1
 80.717 1644 Alaska-slab2-v3                                                                  203.7936   55.1685 14.0
 92.825 1661 Alaska-slab2-v3                                                                  204.0996   54.6557  8.6
 92.825 1662 Alaska-slab2-v3                                                                  204.0074   54.7278  9.6
 92.825 1663 Alaska-slab2-v3                                                                  203.9128   54.7990 10.6
 92.825 1664 Alaska-slab2-v3                                                                  203.8162   54.8693 11.5
 92.825 1665 Alaska-slab2-v3                                                                  203.7191   54.9396 12.4
 88.868 1666 Alaska-slab2-v3                                                                  203.6216   55.0097 13.3
 82.334 1667 Alaska-slab2-v3                                                                  203.5239   55.0798 14.2
 92.825 1683 Alaska-slab2-v3                                                                  203.8178   54.5758  8.9
 92.825 1684 Alaska-slab2-v3                                                                  203.7246   54.6474 10.0
 92.825 1685 Alaska-slab2-v3                                                                  203.6297   54.7183 10.9
 92.825 1686 Alaska-slab2-v3                                                                  203.5336   54.7888 11.8
 92.825 1687 Alaska-slab2-v3                                                                  203.4371   54.8593 12.7
 92.170 1688 Alaska-slab2-v3                                                                  203.3403   54.9297 13.6
 86.035 1689 Alaska-slab2-v3                                                                  203.2432   55.0001 14.4
 92.825 1705 Alaska-slab2-v3                                                                  203.5301   54.5031  9.1
 92.825 1706 Alaska-slab2-v3                                                                  203.4363   54.5742 10.1
 92.825 1707 Alaska-slab2-v3                                                                  203.3410   54.6449 11.1
 92.825 1708 Alaska-slab2-v3                                                                  203.2450   54.7154 12.0
 92.825 1709 Alaska-slab2-v3                                                                  203.1487   54.7859 12.9
 88.230 1710 Alaska-slab2-v3                                                                  203.0520   54.8563 13.8
 81.513 1711 Alaska-slab2-v3                                                                  202.9552   54.9266 14.7
 92.825 1726 Alaska-slab2-v3                                                                  203.2397   54.4355  9.2
 92.825 1727 Alaska-slab2-v3                                                                  203.1452   54.5063 10.3
 92.825 1728 Alaska-slab2-v3                                                                  203.0494   54.5766 11.2
 92.825 1729 Alaska-slab2-v3                                                                  202.9530   54.6469 12.2
 92.001 1730 Alaska-slab2-v3                                                                  202.8563   54.7171 13.1
 85.051 1731 Alaska-slab2-v3                                                                  202.7593   54.7871 14.0
 92.825 1745 Alaska-slab2-v3                                                                  203.0409   54.3010  8.0
 92.825 1746 Alaska-slab2-v3                                                                  202.9467   54.3715  9.3
 92.825 1747 Alaska-slab2-v3                                                                  202.8513   54.4418 10.4
 92.825 1748 Alaska-slab2-v3                                                                  202.7548   54.5117 11.4
 92.825 1749 Alaska-slab2-v3                                                                  202.6578   54.5816 12.3
 88.675 1750 Alaska-slab2-v3                                                                  202.5605   54.6514 13.3
 80.739 1751 Alaska-slab2-v3                                                                  202.4631   54.7210 14.4
