 88.021 2701 Alaska-slab2-v3                                                                  184.9321   50.6085  9.4
 90.242 2716 Alaska-slab2-v3                                                                  184.6522   50.5808  9.4
 90.911 2731 Alaska-slab2-v3                                                                  184.3720   50.5546  9.4
 90.462 2746 Alaska-slab2-v3                                                                  184.0914   50.5302  9.3
 88.705 2761 Alaska-slab2-v3                                                                  183.8105   50.5081  9.3
 87.436 2776 Alaska-slab2-v3                                                                  183.5292   50.4885  9.2
 86.669 2791 Alaska-slab2-v3                                                                  183.2476   50.4719  9.2
137.681 2806 Alaska-slab2-v3                                                                  182.9656   50.4585  9.1
140.515 2821 Alaska-slab2-v3                                                                  182.6836   50.4486  8.9
143.052 2835 Alaska-slab2-v3                                                                  182.4019   50.4425  8.7
143.706 2849 Alaska-slab2-v3                                                                  182.1201   50.4400  8.5
 68.098 2850 Alaska-slab2-v3                                                                  182.1156   50.5291 10.0
142.850 2863 Alaska-slab2-v3                                                                  181.8380   50.4414  8.3
 69.121 2864 Alaska-slab2-v3                                                                  181.8349   50.5305  9.7
142.212 2877 Alaska-slab2-v3                                                                  181.5553   50.4465  8.2
 69.296 2878 Alaska-slab2-v3                                                                  181.5532   50.5356  9.6
143.233 2891 Alaska-slab2-v3                                                                  181.2723   50.4553  8.3
 69.570 2892 Alaska-slab2-v3                                                                  181.2705   50.5445  9.7
145.924 2904 Alaska-slab2-v3                                                                  180.9893   50.4677  8.5
147.814 2917 Alaska-slab2-v3                                                                  180.7065   50.4827  8.8
 89.711 2930 Alaska-slab2-v3                                                                  180.4238   50.4994  9.1
 88.866 2942 Alaska-slab2-v3                                                                  180.1413   50.5169  9.3
 88.959 2954 Alaska-slab2-v3                                                                  179.8595   50.5313  9.4
 89.971 2966 Alaska-slab2-v3                                                                  179.5790   50.5430  9.6
 90.019 2978 Alaska-slab2-v3                                                                  179.2990   50.5579  9.7
 89.396 2990 Alaska-slab2-v3                                                                  179.0199   50.5780  9.7
 88.599 3002 Alaska-slab2-v3                                                                  178.7420   50.6040  9.8
 88.522 3014 Alaska-slab2-v3                                                                  178.4654   50.6353  9.8
 88.752 3025 Alaska-slab2-v3                                                                  178.1902   50.6710  9.8
 89.447 3036 Alaska-slab2-v3                                                                  177.9160   50.7103  9.7
 89.629 3047 Alaska-slab2-v3                                                                  177.6429   50.7524  9.6
 73.171 3058 Alaska-slab2-v3                                                                  177.3704   50.7972  9.4
 56.290 3069 Alaska-slab2-v3                                                                  177.0983   50.8445  9.2
 39.260 3080 Alaska-slab2-v3                                                                  176.8266   50.8941  9.1
 22.581 3091 Alaska-slab2-v3                                                                  176.5551   50.9460  9.0
 22.734 3103 Alaska-slab2-v3                                                                  176.2839   50.9998  9.0
 23.155 3114 Alaska-slab2-v3                                                                  176.0134   51.0555  9.0
 23.398 3125 Alaska-slab2-v3                                                                  175.7436   51.1130  9.1
 23.269 3136 Alaska-slab2-v3                                                                  175.4744   51.1720  9.1
 22.971 3147 Alaska-slab2-v3                                                                  175.2060   51.2325  9.2
 22.764 3158 Alaska-slab2-v3                                                                  174.9384   51.2945  9.3
 22.500 3169 Alaska-slab2-v3                                                                  174.6719   51.3578  9.4
 22.473 3180 Alaska-slab2-v3                                                                  174.4062   51.4227  9.6
 22.629 3191 Alaska-slab2-v3                                                                  174.1411   51.4893  9.6
 22.693 3202 Alaska-slab2-v3                                                                  173.8768   51.5579  9.7
 22.752 3213 Alaska-slab2-v3                                                                  173.6131   51.6288  9.6
 22.787 3224 Alaska-slab2-v3                                                                  173.3505   51.7024  9.6
 22.612 3235 Alaska-slab2-v3                                                                  173.0895   51.7788  9.5
 22.367 3247 Alaska-slab2-v3                                                                  172.8302   51.8584  9.4
 22.217 3259 Alaska-slab2-v3                                                                  172.5730   51.9417  9.3
 21.941 3271 Alaska-slab2-v3                                                                  172.3179   52.0289  9.1
 35.788 3284 Alaska-slab2-v3                                                                  172.0646   52.1197  8.9
 35.945 3297 Alaska-slab2-v3                                                                  171.8132   52.2133  8.7
 35.981 3310 Alaska-slab2-v3                                                                  171.5637   52.3090  8.6
 35.737 3323 Alaska-slab2-v3                                                                  171.3160   52.4064  8.6
 35.144 3336 Alaska-slab2-v3                                                                  171.0693   52.5052  8.5
 34.635 3350 Alaska-slab2-v3                                                                  170.8230   52.6053  8.5
 16.054 3351 Alaska-slab2-v3                                                                  170.9229   52.6706 10.0
 34.335 3364 Alaska-slab2-v3                                                                  170.5766   52.7064  8.4
 16.015 3365 Alaska-slab2-v3                                                                  170.6783   52.7708  9.8
 34.318 3378 Alaska-slab2-v3                                                                  170.3296   52.8082  8.3
 16.249 3379 Alaska-slab2-v3                                                                  170.4332   52.8718  9.7
 45.501 3393 Alaska-slab2-v3                                                                  170.0819   52.9101  8.1
 29.505 3394 Alaska-slab2-v3                                                                  170.1869   52.9731  9.5
 29.796 3409 Alaska-slab2-v3                                                                  169.9321   53.0825  9.3
 30.055 3418 Alaska-slab2-v3                                                                  169.6686   53.1994  9.0
 29.912 3427 Alaska-slab2-v3                                                                  169.4050   53.3152  8.8
 15.209 3428 Alaska-slab2-v3                                                                  169.4998   53.3843 10.0
 29.499 3436 Alaska-slab2-v3                                                                  169.1410   53.4303  8.7
 15.071 3437 Alaska-slab2-v3                                                                  169.2331   53.5010  9.9
 29.075 3445 Alaska-slab2-v3                                                                  168.8772   53.5452  8.6
 14.866 3446 Alaska-slab2-v3                                                                  168.9678   53.6168  9.7
 39.615 3454 Alaska-slab2-v3                                                                  168.6148   53.6597  8.4
 27.388 3455 Alaska-slab2-v3                                                                  168.7047   53.7319  9.4
 37.248 3463 Alaska-slab2-v3                                                                  168.3536   53.7742  8.2
 25.472 3464 Alaska-slab2-v3                                                                  168.4421   53.8471  9.1
 44.013 3473 Alaska-slab2-v3                                                                  168.0922   53.8895  8.1
 33.735 3474 Alaska-slab2-v3                                                                  168.1790   53.9633  8.9
 23.216 3475 Alaska-slab2-v3                                                                  168.2618   54.0384  9.8
 42.438 3483 Alaska-slab2-v3                                                                  167.8302   54.0058  8.1
 32.229 3484 Alaska-slab2-v3                                                                  167.9147   54.0806  8.9
 22.019 3485 Alaska-slab2-v3                                                                  167.9964   54.1563  9.8
 43.039 3494 Alaska-slab2-v3                                                                  167.5675   54.1229  8.1
 32.768 3495 Alaska-slab2-v3                                                                  167.6494   54.1988  8.9
 22.375 3496 Alaska-slab2-v3                                                                  167.7277   54.2757  9.8
 43.921 3505 Alaska-slab2-v3                                                                  167.3044   54.2406  8.1
 33.608 3506 Alaska-slab2-v3                                                                  167.3837   54.3175  8.9
 22.931 3507 Alaska-slab2-v3                                                                  167.4581   54.3956  9.8
 43.762 3517 Alaska-slab2-v3                                                                  167.0410   54.3585  8.1
 33.337 3518 Alaska-slab2-v3                                                                  167.1176   54.4364  9.0
 22.669 3519 Alaska-slab2-v3                                                                  167.1884   54.5156  9.8
 34.378 3529 Alaska-slab2-v3                                                                  166.7761   54.4767  8.2
 25.880 3530 Alaska-slab2-v3                                                                  166.8495   54.5557  9.1
 17.479 3531 Alaska-slab2-v3                                                                  166.9145   54.6365  9.9
 20.835 3541 Alaska-slab2-v3                                                                  166.5086   54.5954  8.4
 13.737 3542 Alaska-slab2-v3                                                                  166.5778   54.6756  9.4
 14.086 3553 Alaska-slab2-v3                                                                  166.2376   54.7142  8.8
  9.052 3554 Alaska-slab2-v3                                                                  166.2954   54.7968  9.9
  8.453 3564 Alaska-slab2-v3                                                                  165.9035   54.7504  8.1
  5.274 3565 Alaska-slab2-v3                                                                  165.9582   54.8337  9.4
