  0.673 2849 Alaska-slab2-v3                                                                  182.1201   50.4400  8.5
  0.657 2863 Alaska-slab2-v3                                                                  181.8380   50.4414  8.3
  0.650 2877 Alaska-slab2-v3                                                                  181.5553   50.4465  8.2
  0.657 2891 Alaska-slab2-v3                                                                  181.2723   50.4553  8.3
  2.625 3350 Alaska-slab2-v3                                                                  170.8230   52.6053  8.5
  2.587 3364 Alaska-slab2-v3                                                                  170.5766   52.7064  8.4
  2.557 3378 Alaska-slab2-v3                                                                  170.3296   52.8082  8.3
  2.530 3393 Alaska-slab2-v3                                                                  170.0819   52.9101  8.1
  2.063 3427 Alaska-slab2-v3                                                                  169.4050   53.3152  8.8
  2.022 3436 Alaska-slab2-v3                                                                  169.1410   53.4303  8.7
  1.989 3445 Alaska-slab2-v3                                                                  168.8772   53.5452  8.6
  1.898 3454 Alaska-slab2-v3                                                                  168.6148   53.6597  8.4
  1.798 3463 Alaska-slab2-v3                                                                  168.3536   53.7742  8.2
  3.115 3473 Alaska-slab2-v3                                                                  168.0922   53.8895  8.1
  1.576 3474 Alaska-slab2-v3                                                                  168.1790   53.9633  8.9
  3.028 3483 Alaska-slab2-v3                                                                  167.8302   54.0058  8.1
  1.514 3484 Alaska-slab2-v3                                                                  167.9147   54.0806  8.9
  3.073 3494 Alaska-slab2-v3                                                                  167.5675   54.1229  8.1
  1.546 3495 Alaska-slab2-v3                                                                  167.6494   54.1988  8.9
  3.137 3505 Alaska-slab2-v3                                                                  167.3044   54.2406  8.1
  1.595 3506 Alaska-slab2-v3                                                                  167.3837   54.3175  8.9
  3.145 3517 Alaska-slab2-v3                                                                  167.0410   54.3585  8.1
  1.591 3518 Alaska-slab2-v3                                                                  167.1176   54.4364  9.0
  2.503 3529 Alaska-slab2-v3                                                                  166.7761   54.4767  8.2
  1.244 3530 Alaska-slab2-v3                                                                  166.8495   54.5557  9.1
  1.060 3541 Alaska-slab2-v3                                                                  166.5086   54.5954  8.4
  0.750 3553 Alaska-slab2-v3                                                                  166.2376   54.7142  8.8
  0.489 3564 Alaska-slab2-v3                                                                  165.9035   54.7504  8.1
