 44.603 0769 Alaska-slab2-v3                                                                  212.8435   58.0761  7.3
 44.603 0770 Alaska-slab2-v3                                                                  212.7037   58.1232  9.6
 44.603 0771 Alaska-slab2-v3                                                                  212.5640   58.1721 11.5
 41.858 0772 Alaska-slab2-v3                                                                  212.4241   58.2223 12.9
 38.394 0773 Alaska-slab2-v3                                                                  212.2830   58.2726 13.8
 36.221 0774 Alaska-slab2-v3                                                                  212.1411   58.3229 14.4
 35.005 0775 Alaska-slab2-v3                                                                  211.9987   58.3731 14.7
 34.378 0776 Alaska-slab2-v3                                                                  211.8558   58.4231 14.9
 34.010 0777 Alaska-slab2-v3                                                                  211.7126   58.4732 15.0
 44.603 0803 Alaska-slab2-v3                                                                  212.6419   57.9286  7.2
 44.603 0804 Alaska-slab2-v3                                                                  212.5018   57.9757  9.3
 44.603 0805 Alaska-slab2-v3                                                                  212.3630   58.0250 11.1
 44.478 0806 Alaska-slab2-v3                                                                  212.2250   58.0764 12.5
 41.031 0807 Alaska-slab2-v3                                                                  212.0860   58.1278 13.4
 38.770 0808 Alaska-slab2-v3                                                                  211.9461   58.1791 14.1
 37.298 0809 Alaska-slab2-v3                                                                  211.8057   58.2304 14.5
 36.436 0810 Alaska-slab2-v3                                                                  211.6649   58.2816 14.7
 35.754 0811 Alaska-slab2-v3                                                                  211.5236   58.3327 14.9
 44.603 0837 Alaska-slab2-v3                                                                  212.4328   57.7855  7.0
 44.603 0838 Alaska-slab2-v3                                                                  212.2938   57.8339  8.9
 44.603 0839 Alaska-slab2-v3                                                                  212.1557   57.8839 10.5
 44.603 0840 Alaska-slab2-v3                                                                  212.0188   57.9358 11.8
 42.971 0841 Alaska-slab2-v3                                                                  211.8814   57.9880 12.8
 40.397 0842 Alaska-slab2-v3                                                                  211.7432   58.0402 13.5
 38.511 0843 Alaska-slab2-v3                                                                  211.6045   58.0922 14.0
 37.133 0844 Alaska-slab2-v3                                                                  211.4652   58.1442 14.4
 35.936 0845 Alaska-slab2-v3                                                                  211.3256   58.1960 14.7
 44.603 0871 Alaska-slab2-v3                                                                  212.2148   57.6471  6.8
 44.603 0872 Alaska-slab2-v3                                                                  212.0783   57.6978  8.4
 44.603 0873 Alaska-slab2-v3                                                                  211.9416   57.7490  9.9
 44.603 0874 Alaska-slab2-v3                                                                  211.8053   57.8010 11.1
 44.603 0875 Alaska-slab2-v3                                                                  211.6687   57.8535 12.1
 42.148 0876 Alaska-slab2-v3                                                                  211.5314   57.9059 12.8
 39.875 0877 Alaska-slab2-v3                                                                  211.3937   57.9582 13.5
 37.933 0878 Alaska-slab2-v3                                                                  211.2554   58.0104 14.0
 36.247 0879 Alaska-slab2-v3                                                                  211.1167   58.0625 14.4
 34.524 0880 Alaska-slab2-v3                                                                  210.9789   58.1152 14.9
 44.603 0904 Alaska-slab2-v3                                                                  211.9868   57.5137  6.7
 44.603 0905 Alaska-slab2-v3                                                                  211.8526   57.5663  8.1
 44.603 0906 Alaska-slab2-v3                                                                  211.7178   57.6189  9.4
 44.603 0907 Alaska-slab2-v3                                                                  211.5824   57.6714 10.6
 44.603 0908 Alaska-slab2-v3                                                                  211.4462   57.7238 11.5
 44.603 0909 Alaska-slab2-v3                                                                  211.3094   57.7761 12.4
 42.062 0910 Alaska-slab2-v3                                                                  211.1721   57.8283 13.1
 39.755 0911 Alaska-slab2-v3                                                                  211.0343   57.8803 13.7
 37.593 0912 Alaska-slab2-v3                                                                  210.8961   57.9322 14.3
 35.502 0913 Alaska-slab2-v3                                                                  210.7591   57.9852 14.9
 44.603 0937 Alaska-slab2-v3                                                                  211.7476   57.3859  6.7
 44.603 0938 Alaska-slab2-v3                                                                  211.6147   57.4395  7.9
 44.603 0939 Alaska-slab2-v3                                                                  211.4814   57.4929  9.1
 44.603 0940 Alaska-slab2-v3                                                                  211.3469   57.5459 10.2
 44.603 0941 Alaska-slab2-v3                                                                  211.2112   57.5983 11.2
 44.603 0942 Alaska-slab2-v3                                                                  211.0747   57.6504 12.1
 42.901 0943 Alaska-slab2-v3                                                                  210.9378   57.7023 12.9
 40.249 0944 Alaska-slab2-v3                                                                  210.8003   57.7542 13.7
 37.740 0945 Alaska-slab2-v3                                                                  210.6624   57.8059 14.4
 44.603 0970 Alaska-slab2-v3                                                                  211.4967   57.2642  6.6
 44.603 0971 Alaska-slab2-v3                                                                  211.3640   57.3176  7.8
 44.603 0972 Alaska-slab2-v3                                                                  211.2308   57.3710  9.0
 44.603 0973 Alaska-slab2-v3                                                                  211.0969   57.4240 10.1
 44.603 0974 Alaska-slab2-v3                                                                  210.9619   57.4765 11.1
 44.603 0975 Alaska-slab2-v3                                                                  210.8263   57.5288 12.1
 42.623 0976 Alaska-slab2-v3                                                                  210.6901   57.5810 12.9
 39.743 0977 Alaska-slab2-v3                                                                  210.5535   57.6331 13.7
 37.043 0978 Alaska-slab2-v3                                                                  210.4165   57.6851 14.5
 44.603 1002 Alaska-slab2-v3                                                                  211.2352   57.1486  6.7
 44.603 1003 Alaska-slab2-v3                                                                  211.1013   57.2007  7.9
 44.603 1004 Alaska-slab2-v3                                                                  210.9669   57.2526  9.2
 44.603 1005 Alaska-slab2-v3                                                                  210.8334   57.3056 10.3
 44.603 1006 Alaska-slab2-v3                                                                  210.7011   57.3598 11.3
 44.603 1007 Alaska-slab2-v3                                                                  210.5684   57.4139 12.2
 42.139 1008 Alaska-slab2-v3                                                                  210.4353   57.4680 13.0
 39.422 1009 Alaska-slab2-v3                                                                  210.3017   57.5220 13.7
 36.813 1010 Alaska-slab2-v3                                                                  210.1676   57.5759 14.5
 44.603 1034 Alaska-slab2-v3                                                                  210.9648   57.0387  6.8
 44.603 1035 Alaska-slab2-v3                                                                  210.8281   57.0879  8.2
 44.603 1036 Alaska-slab2-v3                                                                  210.6921   57.1379  9.5
 44.603 1037 Alaska-slab2-v3                                                                  210.5617   57.1925 10.6
 44.603 1038 Alaska-slab2-v3                                                                  210.4359   57.2507 11.6
 44.603 1039 Alaska-slab2-v3                                                                  210.3097   57.3090 12.3
 42.220 1040 Alaska-slab2-v3                                                                  210.1830   57.3673 13.0
 40.016 1041 Alaska-slab2-v3                                                                  210.0559   57.4255 13.6
 37.922 1042 Alaska-slab2-v3                                                                  209.9283   57.4835 14.2
 35.755 1043 Alaska-slab2-v3                                                                  209.8016   57.5422 14.8
 44.603 1065 Alaska-slab2-v3                                                                  210.6874   56.9346  6.8
 44.603 1066 Alaska-slab2-v3                                                                  210.5480   56.9808  8.4
 44.603 1067 Alaska-slab2-v3                                                                  210.4119   57.0299  9.8
 44.603 1068 Alaska-slab2-v3                                                                  210.2868   57.0872 10.9
 44.603 1069 Alaska-slab2-v3                                                                  210.1685   57.1498 11.8
 43.443 1070 Alaska-slab2-v3                                                                  210.0496   57.2125 12.4
 41.529 1071 Alaska-slab2-v3                                                                  209.9302   57.2750 12.9
 39.872 1072 Alaska-slab2-v3                                                                  209.8103   57.3375 13.4
 38.252 1073 Alaska-slab2-v3                                                                  209.6901   57.3999 13.8
 36.412 1074 Alaska-slab2-v3                                                                  209.5694   57.4622 14.3
 34.166 1075 Alaska-slab2-v3                                                                  209.4478   57.5238 14.9
 44.603 1095 Alaska-slab2-v3                                                                  210.4074   56.8380  6.8
 44.603 1096 Alaska-slab2-v3                                                                  210.2708   56.8864  8.3
 44.603 1097 Alaska-slab2-v3                                                                  210.1362   56.9367  9.6
 44.603 1098 Alaska-slab2-v3                                                                  210.0128   56.9950 10.7
 44.603 1099 Alaska-slab2-v3                                                                  209.8978   57.0594 11.5
 44.455 1100 Alaska-slab2-v3                                                                  209.7823   57.1238 12.1
 42.719 1101 Alaska-slab2-v3                                                                  209.6663   57.1881 12.6
 41.240 1102 Alaska-slab2-v3                                                                  209.5498   57.2524 13.0
 39.725 1103 Alaska-slab2-v3                                                                  209.4329   57.3166 13.4
 37.915 1104 Alaska-slab2-v3                                                                  209.3157   57.3806 13.9
 35.513 1105 Alaska-slab2-v3                                                                  209.1981   57.4444 14.5
 44.603 1124 Alaska-slab2-v3                                                                  210.1278   56.7480  6.7
 44.603 1125 Alaska-slab2-v3                                                                  210.0014   56.8041  8.0
 44.603 1126 Alaska-slab2-v3                                                                  209.8744   56.8602  9.1
 44.603 1127 Alaska-slab2-v3                                                                  209.7519   56.9196 10.1
 44.603 1128 Alaska-slab2-v3                                                                  209.6341   56.9823 10.9
 44.603 1129 Alaska-slab2-v3                                                                  209.5161   57.0452 11.5
 44.603 1130 Alaska-slab2-v3                                                                  209.3976   57.1080 12.0
 43.168 1131 Alaska-slab2-v3                                                                  209.2787   57.1707 12.5
 41.217 1132 Alaska-slab2-v3                                                                  209.1594   57.2333 13.0
 38.825 1133 Alaska-slab2-v3                                                                  209.0398   57.2957 13.7
 35.771 1134 Alaska-slab2-v3                                                                  208.9194   57.3575 14.5
 44.603 1153 Alaska-slab2-v3                                                                  209.8466   56.6594  6.6
 44.603 1154 Alaska-slab2-v3                                                                  209.7304   56.7223  7.6
 44.603 1155 Alaska-slab2-v3                                                                  209.6138   56.7850  8.6
 44.603 1156 Alaska-slab2-v3                                                                  209.4968   56.8478  9.5
 44.603 1157 Alaska-slab2-v3                                                                  209.3777   56.9096 10.4
 44.603 1158 Alaska-slab2-v3                                                                  209.2553   56.9697 11.1
 44.603 1159 Alaska-slab2-v3                                                                  209.1314   57.0291 11.7
 43.628 1160 Alaska-slab2-v3                                                                  209.0072   57.0883 12.4
 40.869 1161 Alaska-slab2-v3                                                                  208.8826   57.1474 13.1
 37.595 1162 Alaska-slab2-v3                                                                  208.7578   57.2063 14.0
 44.603 1181 Alaska-slab2-v3                                                                  209.5620   56.5690  6.5
 44.603 1182 Alaska-slab2-v3                                                                  209.4493   56.6338  7.4
 44.603 1183 Alaska-slab2-v3                                                                  209.3362   56.6985  8.4
 44.603 1184 Alaska-slab2-v3                                                                  209.2227   56.7631  9.3
 44.603 1185 Alaska-slab2-v3                                                                  209.1047   56.8252 10.2
 44.603 1186 Alaska-slab2-v3                                                                  208.9805   56.8838 11.0
 44.603 1187 Alaska-slab2-v3                                                                  208.8540   56.9412 11.9
 41.578 1188 Alaska-slab2-v3                                                                  208.7273   56.9984 12.8
 37.902 1189 Alaska-slab2-v3                                                                  208.6002   57.0555 13.8
 33.782 1190 Alaska-slab2-v3                                                                  208.4722   57.1118 14.9
 44.603 1208 Alaska-slab2-v3                                                                  209.2769   56.4763  6.5
 44.603 1209 Alaska-slab2-v3                                                                  209.1633   56.5403  7.6
 44.603 1210 Alaska-slab2-v3                                                                  209.0493   56.6043  8.6
 44.603 1211 Alaska-slab2-v3                                                                  208.9339   56.6675  9.7
 44.603 1212 Alaska-slab2-v3                                                                  208.8140   56.7282 10.7
 44.603 1213 Alaska-slab2-v3                                                                  208.6901   56.7867 11.7
 43.190 1214 Alaska-slab2-v3                                                                  208.5650   56.8445 12.7
 39.422 1215 Alaska-slab2-v3                                                                  208.4395   56.9022 13.7
 35.436 1216 Alaska-slab2-v3                                                                  208.3132   56.9594 14.8
 44.603 1235 Alaska-slab2-v3                                                                  208.9945   56.3819  6.7
 44.603 1236 Alaska-slab2-v3                                                                  208.8802   56.4447  8.1
 44.603 1237 Alaska-slab2-v3                                                                  208.7647   56.5072  9.4
 44.603 1238 Alaska-slab2-v3                                                                  208.6463   56.5684 10.6
 44.603 1239 Alaska-slab2-v3                                                                  208.5248   56.6279 11.7
 41.727 1240 Alaska-slab2-v3                                                                  208.4020   56.6869 12.7
 38.103 1241 Alaska-slab2-v3                                                                  208.2787   56.7458 13.7
 34.480 1242 Alaska-slab2-v3                                                                  208.1550   56.8045 14.6
 44.603 1261 Alaska-slab2-v3                                                                  208.7142   56.2852  7.0
 44.603 1262 Alaska-slab2-v3                                                                  208.5983   56.3460  8.8
 44.603 1263 Alaska-slab2-v3                                                                  208.4812   56.4069 10.4
 44.603 1264 Alaska-slab2-v3                                                                  208.3622   56.4673 11.7
 42.139 1265 Alaska-slab2-v3                                                                  208.2418   56.5275 12.7
 39.025 1266 Alaska-slab2-v3                                                                  208.1208   56.5876 13.5
 36.172 1267 Alaska-slab2-v3                                                                  207.9993   56.6476 14.3
 36.240 1286 Alaska-slab2-v3                                                                  208.4356   56.1865  7.2
 36.240 1287 Alaska-slab2-v3                                                                  208.3171   56.2446  9.4
 36.240 1288 Alaska-slab2-v3                                                                  208.2000   56.3048 11.1
 35.342 1289 Alaska-slab2-v3                                                                  208.0836   56.3666 12.4
 32.676 1290 Alaska-slab2-v3                                                                  207.9663   56.4286 13.3
 30.729 1291 Alaska-slab2-v3                                                                  207.8484   56.4905 13.9
 29.052 1292 Alaska-slab2-v3                                                                  207.7301   56.5524 14.5
 27.877 1311 Alaska-slab2-v3                                                                  208.1595   56.0867  7.3
 27.877 1312 Alaska-slab2-v3                                                                  208.0398   56.1434  9.6
 27.877 1313 Alaska-slab2-v3                                                                  207.9244   56.2042 11.4
 26.872 1314 Alaska-slab2-v3                                                                  207.8116   56.2679 12.6
 24.998 1315 Alaska-slab2-v3                                                                  207.6980   56.3317 13.5
 23.718 1316 Alaska-slab2-v3                                                                  207.5837   56.3957 14.0
 22.713 1317 Alaska-slab2-v3                                                                  207.4690   56.4595 14.5
 21.593 1318 Alaska-slab2-v3                                                                  207.3537   56.5231 14.9
 19.514 1335 Alaska-slab2-v3                                                                  207.8868   55.9865  7.2
 19.514 1336 Alaska-slab2-v3                                                                  207.7667   56.0430  9.5
 19.514 1337 Alaska-slab2-v3                                                                  207.6526   56.1043 11.3
 19.293 1338 Alaska-slab2-v3                                                                  207.5425   56.1693 12.5
 17.986 1339 Alaska-slab2-v3                                                                  207.4315   56.2344 13.4
 17.104 1340 Alaska-slab2-v3                                                                  207.3199   56.2996 13.9
 16.427 1341 Alaska-slab2-v3                                                                  207.2079   56.3648 14.4
 15.671 1342 Alaska-slab2-v3                                                                  207.0952   56.4297 14.8
 11.151 1359 Alaska-slab2-v3                                                                  207.6171   55.8859  7.2
 11.151 1360 Alaska-slab2-v3                                                                  207.4972   55.9427  9.3
 11.151 1361 Alaska-slab2-v3                                                                  207.3835   56.0042 11.0
 10.842 1362 Alaska-slab2-v3                                                                  207.2747   56.0698 12.2
 10.027 1363 Alaska-slab2-v3                                                                  207.1652   56.1355 13.1
  9.456 1364 Alaska-slab2-v3                                                                  207.0551   56.2013 13.7
  8.979 1365 Alaska-slab2-v3                                                                  206.9445   56.2670 14.2
  8.464 1366 Alaska-slab2-v3                                                                  206.8334   56.3326 14.8
 11.151 1383 Alaska-slab2-v3                                                                  207.3500   55.7844  7.0
 11.151 1384 Alaska-slab2-v3                                                                  207.2316   55.8425  9.0
 11.151 1385 Alaska-slab2-v3                                                                  207.1181   55.9043 10.6
 11.151 1386 Alaska-slab2-v3                                                                  207.0097   55.9699 11.9
 10.562 1387 Alaska-slab2-v3                                                                  206.9012   56.0360 12.8
  9.918 1388 Alaska-slab2-v3                                                                  206.7921   56.1021 13.5
  9.348 1389 Alaska-slab2-v3                                                                  206.6826   56.1682 14.1
  8.759 1390 Alaska-slab2-v3                                                                  206.5727   56.2341 14.7
 11.151 1406 Alaska-slab2-v3                                                                  207.0854   55.6821  6.9
 11.151 1407 Alaska-slab2-v3                                                                  206.9698   55.7423  8.7
 11.151 1408 Alaska-slab2-v3                                                                  206.8571   55.8047 10.2
 11.151 1409 Alaska-slab2-v3                                                                  206.7489   55.8703 11.4
 11.046 1410 Alaska-slab2-v3                                                                  206.6420   55.9370 12.3
 10.343 1411 Alaska-slab2-v3                                                                  206.5345   56.0037 13.1
  9.704 1412 Alaska-slab2-v3                                                                  206.4266   56.0704 13.8
  9.047 1413 Alaska-slab2-v3                                                                  206.3183   56.1369 14.5
 11.151 1429 Alaska-slab2-v3                                                                  206.8228   55.5788  6.8
 11.151 1430 Alaska-slab2-v3                                                                  206.7109   55.6415  8.3
 11.151 1431 Alaska-slab2-v3                                                                  206.5997   55.7049  9.7
 11.151 1432 Alaska-slab2-v3                                                                  206.4925   55.7709 10.9
 11.151 1433 Alaska-slab2-v3                                                                  206.3880   55.8387 11.8
 10.700 1434 Alaska-slab2-v3                                                                  206.2831   55.9065 12.6
 10.020 1435 Alaska-slab2-v3                                                                  206.1777   55.9743 13.4
  9.321 1436 Alaska-slab2-v3                                                                  206.0720   56.0420 14.1
  8.549 1437 Alaska-slab2-v3                                                                  205.9655   56.1092 15.0
 11.151 1452 Alaska-slab2-v3                                                                  206.5623   55.4747  6.7
 11.151 1453 Alaska-slab2-v3                                                                  206.4544   55.5398  8.0
 11.151 1454 Alaska-slab2-v3                                                                  206.3461   55.6049  9.2
 11.151 1455 Alaska-slab2-v3                                                                  206.2403   55.6716 10.3
 11.151 1456 Alaska-slab2-v3                                                                  206.1377   55.7402 11.2
 11.034 1457 Alaska-slab2-v3                                                                  206.0354   55.8091 12.1
 10.315 1458 Alaska-slab2-v3                                                                  205.9326   55.8780 12.8
  9.587 1459 Alaska-slab2-v3                                                                  205.8296   55.9468 13.6
  8.812 1460 Alaska-slab2-v3                                                                  205.7260   56.0154 14.4
 11.151 1475 Alaska-slab2-v3                                                                  206.3037   55.3696  6.6
 11.151 1476 Alaska-slab2-v3                                                                  206.1998   55.4370  7.7
 11.151 1477 Alaska-slab2-v3                                                                  206.0955   55.5043  8.8
 11.151 1478 Alaska-slab2-v3                                                                  205.9916   55.5720  9.8
 11.151 1479 Alaska-slab2-v3                                                                  205.8897   55.6408 10.7
 11.151 1480 Alaska-slab2-v3                                                                  205.7890   55.7103 11.5
 10.629 1481 Alaska-slab2-v3                                                                  205.6879   55.7798 12.3
  9.870 1482 Alaska-slab2-v3                                                                  205.5864   55.8492 13.1
  9.063 1483 Alaska-slab2-v3                                                                  205.4847   55.9185 13.9
  8.180 1484 Alaska-slab2-v3                                                                  205.3819   55.9873 14.9
 11.151 1498 Alaska-slab2-v3                                                                  206.0464   55.2637  6.5
 11.151 1499 Alaska-slab2-v3                                                                  205.9463   55.3329  7.4
 11.151 1500 Alaska-slab2-v3                                                                  205.8458   55.4021  8.3
 11.151 1501 Alaska-slab2-v3                                                                  205.7450   55.4712  9.2
 11.151 1502 Alaska-slab2-v3                                                                  205.6444   55.5406 10.1
 11.151 1503 Alaska-slab2-v3                                                                  205.5441   55.6102 10.9
 11.040 1504 Alaska-slab2-v3                                                                  205.4433   55.6797 11.7
 10.225 1505 Alaska-slab2-v3                                                                  205.3421   55.7491 12.6
  9.371 1506 Alaska-slab2-v3                                                                  205.2407   55.8184 13.5
  8.431 1507 Alaska-slab2-v3                                                                  205.1389   55.8874 14.5
 11.151 1521 Alaska-slab2-v3                                                                  205.7905   55.1568  6.4
 11.151 1522 Alaska-slab2-v3                                                                  205.6936   55.2276  7.2
 11.151 1523 Alaska-slab2-v3                                                                  205.5963   55.2983  7.9
 11.151 1524 Alaska-slab2-v3                                                                  205.4988   55.3689  8.7
 11.151 1525 Alaska-slab2-v3                                                                  205.4008   55.4394  9.5
 11.151 1526 Alaska-slab2-v3                                                                  205.3016   55.5095 10.3
 11.151 1527 Alaska-slab2-v3                                                                  205.2007   55.5787 11.2
 10.663 1528 Alaska-slab2-v3                                                                  205.0989   55.6477 12.1
  9.747 1529 Alaska-slab2-v3                                                                  204.9969   55.7165 13.0
  8.733 1530 Alaska-slab2-v3                                                                  204.8945   55.7851 14.1
 11.151 1544 Alaska-slab2-v3                                                                  205.5445   55.0436  6.3
 11.151 1545 Alaska-slab2-v3                                                                  205.4491   55.1150  7.0
 11.151 1546 Alaska-slab2-v3                                                                  205.3538   55.1864  7.8
 11.151 1547 Alaska-slab2-v3                                                                  205.2584   55.2577  8.5
 11.151 1548 Alaska-slab2-v3                                                                  205.1624   55.3289  9.3
 11.151 1549 Alaska-slab2-v3                                                                  205.0641   55.3994 10.1
 11.151 1550 Alaska-slab2-v3                                                                  204.9633   55.4688 11.0
 11.151 1551 Alaska-slab2-v3                                                                  204.8619   55.5377 11.9
 10.753 1552 Alaska-slab2-v3                                                                  204.7602   55.6064 12.9
  9.762 1553 Alaska-slab2-v3                                                                  204.6582   55.6750 14.0
 11.151 1567 Alaska-slab2-v3                                                                  205.3062   54.9248  6.3
 11.151 1568 Alaska-slab2-v3                                                                  205.2114   54.9964  7.0
 11.151 1569 Alaska-slab2-v3                                                                  205.1163   55.0678  7.7
 11.151 1570 Alaska-slab2-v3                                                                  205.0209   55.1392  8.5
 11.151 1571 Alaska-slab2-v3                                                                  204.9251   55.2105  9.3
 11.151 1572 Alaska-slab2-v3                                                                  204.8280   55.2811 10.2
 11.151 1573 Alaska-slab2-v3                                                                  204.7290   55.3509 11.1
 11.151 1574 Alaska-slab2-v3                                                                  204.6291   55.4202 12.2
 10.362 1575 Alaska-slab2-v3                                                                  204.5289   55.4895 13.2
  9.362 1576 Alaska-slab2-v3                                                                  204.4284   55.5586 14.4
 11.151 1590 Alaska-slab2-v3                                                                  205.0642   54.8092  6.4
 11.151 1591 Alaska-slab2-v3                                                                  204.9702   54.8809  7.1
 11.151 1592 Alaska-slab2-v3                                                                  204.8759   54.9526  7.8
 11.151 1593 Alaska-slab2-v3                                                                  204.7814   55.0242  8.6
 11.151 1594 Alaska-slab2-v3                                                                  204.6865   55.0957  9.4
 11.151 1595 Alaska-slab2-v3                                                                  204.5900   55.1664 10.4
 11.151 1596 Alaska-slab2-v3                                                                  204.4918   55.2363 11.4
 11.010 1597 Alaska-slab2-v3                                                                  204.3930   55.3061 12.5
 10.023 1598 Alaska-slab2-v3                                                                  204.2939   55.3757 13.6
  9.035 1599 Alaska-slab2-v3                                                                  204.1944   55.4452 14.6
 11.151 1613 Alaska-slab2-v3                                                                  204.8147   54.6997  6.4
 11.151 1614 Alaska-slab2-v3                                                                  204.7219   54.7718  7.2
 11.151 1615 Alaska-slab2-v3                                                                  204.6288   54.8438  8.0
 11.151 1616 Alaska-slab2-v3                                                                  204.5354   54.9157  8.9
 11.151 1617 Alaska-slab2-v3                                                                  204.4412   54.9874  9.8
 11.151 1618 Alaska-slab2-v3                                                                  204.3449   55.0581 10.7
 11.151 1619 Alaska-slab2-v3                                                                  204.2470   55.1280 11.7
 10.720 1620 Alaska-slab2-v3                                                                  204.1487   55.1978 12.8
  9.768 1621 Alaska-slab2-v3                                                                  204.0501   55.2676 13.8
  8.825 1622 Alaska-slab2-v3                                                                  203.9512   55.3373 14.9
 11.151 1636 Alaska-slab2-v3                                                                  204.5543   54.5999  6.5
 11.151 1637 Alaska-slab2-v3                                                                  204.4627   54.6723  7.4
 11.151 1638 Alaska-slab2-v3                                                                  204.3707   54.7446  8.3
 11.151 1639 Alaska-slab2-v3                                                                  204.2784   54.8168  9.2
 11.151 1640 Alaska-slab2-v3                                                                  204.1843   54.8883 10.2
 11.151 1641 Alaska-slab2-v3                                                                  204.0877   54.9587 11.1
 11.151 1642 Alaska-slab2-v3                                                                  203.9900   55.0287 12.1
 10.576 1643 Alaska-slab2-v3                                                                  203.8920   55.0987 13.1
  9.696 1644 Alaska-slab2-v3                                                                  203.7936   55.1685 14.0
 11.151 1659 Alaska-slab2-v3                                                                  204.2824   54.5112  6.5
 11.151 1660 Alaska-slab2-v3                                                                  204.1912   54.5835  7.6
 11.151 1661 Alaska-slab2-v3                                                                  204.0996   54.6557  8.6
 11.151 1662 Alaska-slab2-v3                                                                  204.0074   54.7278  9.6
 11.151 1663 Alaska-slab2-v3                                                                  203.9128   54.7990 10.6
 11.151 1664 Alaska-slab2-v3                                                                  203.8162   54.8693 11.5
 10.404 1665 Alaska-slab2-v3                                                                  203.7191   54.9396 12.4
  9.543 1666 Alaska-slab2-v3                                                                  203.6216   55.0097 13.3
  8.681 1667 Alaska-slab2-v3                                                                  203.5239   55.0798 14.2
 11.151 1681 Alaska-slab2-v3                                                                  204.0016   54.4321  6.6
 11.151 1682 Alaska-slab2-v3                                                                  203.9099   54.5040  7.8
 11.151 1683 Alaska-slab2-v3                                                                  203.8178   54.5758  8.9
 11.151 1684 Alaska-slab2-v3                                                                  203.7246   54.6474 10.0
 11.151 1685 Alaska-slab2-v3                                                                  203.6297   54.7183 10.9
 11.151 1686 Alaska-slab2-v3                                                                  203.5336   54.7888 11.8
 10.727 1687 Alaska-slab2-v3                                                                  203.4371   54.8593 12.7
  9.943 1688 Alaska-slab2-v3                                                                  203.3403   54.9297 13.6
  9.132 1689 Alaska-slab2-v3                                                                  203.2432   55.0001 14.4
 11.151 1703 Alaska-slab2-v3                                                                  203.7153   54.3603  6.6
 11.151 1704 Alaska-slab2-v3                                                                  203.6229   54.4317  7.9
 11.151 1705 Alaska-slab2-v3                                                                  203.5301   54.5031  9.1
 11.151 1706 Alaska-slab2-v3                                                                  203.4363   54.5742 10.1
 11.151 1707 Alaska-slab2-v3                                                                  203.3410   54.6449 11.1
 11.095 1708 Alaska-slab2-v3                                                                  203.2450   54.7154 12.0
 10.284 1709 Alaska-slab2-v3                                                                  203.1487   54.7859 12.9
  9.454 1710 Alaska-slab2-v3                                                                  203.0520   54.8563 13.8
  8.568 1711 Alaska-slab2-v3                                                                  202.9552   54.9266 14.7
 11.151 1724 Alaska-slab2-v3                                                                  203.4260   54.2934  6.7
 11.151 1725 Alaska-slab2-v3                                                                  203.3330   54.3645  7.9
 11.151 1726 Alaska-slab2-v3                                                                  203.2397   54.4355  9.2
 11.151 1727 Alaska-slab2-v3                                                                  203.1452   54.5063 10.3
 11.151 1728 Alaska-slab2-v3                                                                  203.0494   54.5766 11.2
 10.806 1729 Alaska-slab2-v3                                                                  202.9530   54.6469 12.2
  9.956 1730 Alaska-slab2-v3                                                                  202.8563   54.7171 13.1
  9.040 1731 Alaska-slab2-v3                                                                  202.7593   54.7871 14.0
 11.151 1744 Alaska-slab2-v3                                                                  203.1346   54.2305  6.7
 11.151 1745 Alaska-slab2-v3                                                                  203.0409   54.3010  8.0
 11.151 1746 Alaska-slab2-v3                                                                  202.9467   54.3715  9.3
 11.151 1747 Alaska-slab2-v3                                                                  202.8513   54.4418 10.4
 11.151 1748 Alaska-slab2-v3                                                                  202.7548   54.5117 11.4
 10.419 1749 Alaska-slab2-v3                                                                  202.6578   54.5816 12.3
  9.475 1750 Alaska-slab2-v3                                                                  202.5605   54.6514 13.3
  8.426 1751 Alaska-slab2-v3                                                                  202.4631   54.7210 14.4
 11.151 1764 Alaska-slab2-v3                                                                  202.8416   54.1708  6.7
 11.151 1765 Alaska-slab2-v3                                                                  202.7468   54.2407  8.1
 11.151 1766 Alaska-slab2-v3                                                                  202.6515   54.3106  9.4
 11.151 1767 Alaska-slab2-v3                                                                  202.5552   54.3803 10.6
 11.151 1768 Alaska-slab2-v3                                                                  202.4578   54.4497 11.6
 10.883 1769 Alaska-slab2-v3                                                                  202.3600   54.5191 12.6
  9.904 1770 Alaska-slab2-v3                                                                  202.2619   54.5883 13.7
  8.788 1771 Alaska-slab2-v3                                                                  202.1648   54.6578 14.9
 11.151 1783 Alaska-slab2-v3                                                                  202.5474   54.1138  6.7
 11.151 1784 Alaska-slab2-v3                                                                  202.4519   54.1833  8.1
 11.151 1785 Alaska-slab2-v3                                                                  202.3560   54.2528  9.5
 11.151 1786 Alaska-slab2-v3                                                                  202.2587   54.3219 10.7
 10.909 1787 Alaska-slab2-v3                                                                  202.1601   54.3906 11.8
  9.846 1788 Alaska-slab2-v3                                                                  202.0612   54.4592 12.9
  8.706 1789 Alaska-slab2-v3                                                                  201.9621   54.5277 14.1
 11.151 1802 Alaska-slab2-v3                                                                  202.2527   54.0590  6.7
 11.151 1803 Alaska-slab2-v3                                                                  202.1571   54.1283  8.2
 11.151 1804 Alaska-slab2-v3                                                                  202.0608   54.1975  9.5
 11.151 1805 Alaska-slab2-v3                                                                  201.9626   54.2661 10.8
 11.090 1806 Alaska-slab2-v3                                                                  201.8628   54.3340 11.9
  9.973 1807 Alaska-slab2-v3                                                                  201.7627   54.4018 13.1
  8.772 1808 Alaska-slab2-v3                                                                  201.6629   54.4697 14.4
 11.151 1820 Alaska-slab2-v3                                                                  201.9577   54.0054  6.8
 11.151 1821 Alaska-slab2-v3                                                                  201.8617   54.0745  8.2
 11.151 1822 Alaska-slab2-v3                                                                  201.7650   54.1434  9.6
 11.151 1823 Alaska-slab2-v3                                                                  201.6662   54.2115 10.9
 11.151 1824 Alaska-slab2-v3                                                                  201.5657   54.2789 12.1
 10.202 1825 Alaska-slab2-v3                                                                  201.4649   54.3462 13.3
  8.950 1826 Alaska-slab2-v3                                                                  201.3653   54.4140 14.7
 11.151 1838 Alaska-slab2-v3                                                                  201.6623   53.9521  6.8
 11.151 1839 Alaska-slab2-v3                                                                  201.5647   54.0202  8.3
 11.151 1840 Alaska-slab2-v3                                                                  201.4665   54.0882  9.8
 11.151 1841 Alaska-slab2-v3                                                                  201.3671   54.1560 11.1
 10.512 1842 Alaska-slab2-v3                                                                  201.2668   54.2234 12.3
  9.284 1843 Alaska-slab2-v3                                                                  201.1661   54.2907 13.6
 11.151 1855 Alaska-slab2-v3                                                                  201.3664   53.8981  6.9
 11.151 1856 Alaska-slab2-v3                                                                  201.2655   53.9641  8.6
 11.151 1857 Alaska-slab2-v3                                                                  201.1650   54.0308 10.1
 11.151 1858 Alaska-slab2-v3                                                                  201.0653   54.0982 11.4
 10.686 1859 Alaska-slab2-v3                                                                  200.9656   54.1659 12.6
  9.471 1860 Alaska-slab2-v3                                                                  200.8656   54.2334 13.9
 11.151 1872 Alaska-slab2-v3                                                                  201.0706   53.8428  7.0
 11.151 1873 Alaska-slab2-v3                                                                  200.9652   53.9058  8.9
 11.151 1874 Alaska-slab2-v3                                                                  200.8627   53.9709 10.5
 10.599 1875 Alaska-slab2-v3                                                                  200.7636   54.0385 11.9
  9.366 1876 Alaska-slab2-v3                                                                  200.6643   54.1064 13.1
  8.025 1877 Alaska-slab2-v3                                                                  200.5657   54.1744 14.5
 11.151 1889 Alaska-slab2-v3                                                                  200.7756   53.7862  7.1
 11.151 1890 Alaska-slab2-v3                                                                  200.6664   53.8460  9.2
 11.151 1891 Alaska-slab2-v3                                                                  200.5628   53.9102 11.0
 10.400 1892 Alaska-slab2-v3                                                                  200.4644   53.9780 12.4
  9.186 1893 Alaska-slab2-v3                                                                  200.3654   54.0459 13.6
 11.151 1906 Alaska-slab2-v3                                                                  200.4822   53.7288  7.2
 11.151 1907 Alaska-slab2-v3                                                                  200.3709   53.7866  9.5
 11.151 1908 Alaska-slab2-v3                                                                  200.2675   53.8503 11.3
 10.204 1909 Alaska-slab2-v3                                                                  200.1695   53.9183 12.7
  9.004 1910 Alaska-slab2-v3                                                                  200.0710   53.9863 14.0
 11.151 1923 Alaska-slab2-v3                                                                  200.1907   53.6713  7.3
 11.151 1924 Alaska-slab2-v3                                                                  200.0792   53.7284  9.6
 11.151 1925 Alaska-slab2-v3                                                                  199.9768   53.7924 11.5
 10.097 1926 Alaska-slab2-v3                                                                  199.8801   53.8610 12.9
  8.928 1927 Alaska-slab2-v3                                                                  199.7829   53.9297 14.1
 11.151 1940 Alaska-slab2-v3                                                                  199.9012   53.6142  7.3
 11.151 1941 Alaska-slab2-v3                                                                  199.7909   53.6720  9.6
 11.151 1942 Alaska-slab2-v3                                                                  199.6904   53.7369 11.5
 10.067 1943 Alaska-slab2-v3                                                                  199.5958   53.8066 12.8
  8.930 1944 Alaska-slab2-v3                                                                  199.5008   53.8763 14.0
