319.006 0770 Alaska-slab2-v3                                                                  212.7037   58.1232  9.6
207.354 0771 Alaska-slab2-v3                                                                  212.5640   58.1721 11.5
125.830 0772 Alaska-slab2-v3                                                                  212.4241   58.2223 12.9
 70.299 0773 Alaska-slab2-v3                                                                  212.2830   58.2726 13.8
 35.445 0774 Alaska-slab2-v3                                                                  212.1411   58.3229 14.4
 15.950 0775 Alaska-slab2-v3                                                                  211.9987   58.3731 14.7
  5.907 0776 Alaska-slab2-v3                                                                  211.8558   58.4231 14.9
331.038 0804 Alaska-slab2-v3                                                                  212.5018   57.9757  9.3
224.654 0805 Alaska-slab2-v3                                                                  212.3630   58.0250 11.1
144.420 0806 Alaska-slab2-v3                                                                  212.2250   58.0764 12.5
 87.365 0807 Alaska-slab2-v3                                                                  212.0860   58.1278 13.4
 49.923 0808 Alaska-slab2-v3                                                                  211.9461   58.1791 14.1
 25.556 0809 Alaska-slab2-v3                                                                  211.8057   58.2304 14.5
 11.292 0810 Alaska-slab2-v3                                                                  211.6649   58.2816 14.7
350.002 0838 Alaska-slab2-v3                                                                  212.2938   57.8339  8.9
252.411 0839 Alaska-slab2-v3                                                                  212.1557   57.8839 10.5
175.302 0840 Alaska-slab2-v3                                                                  212.0188   57.9358 11.8
116.868 0841 Alaska-slab2-v3                                                                  211.8814   57.9880 12.8
 74.097 0842 Alaska-slab2-v3                                                                  211.7432   58.0402 13.5
 42.771 0843 Alaska-slab2-v3                                                                  211.6045   58.0922 14.0
 19.880 0844 Alaska-slab2-v3                                                                  211.4652   58.1442 14.4
383.753 0872 Alaska-slab2-v3                                                                  212.0783   57.6978  8.4
298.343 0873 Alaska-slab2-v3                                                                  211.9416   57.7490  9.9
226.575 0874 Alaska-slab2-v3                                                                  211.8053   57.8010 11.1
169.041 0875 Alaska-slab2-v3                                                                  211.6687   57.8535 12.1
123.370 0876 Alaska-slab2-v3                                                                  211.5314   57.9059 12.8
 86.597 0877 Alaska-slab2-v3                                                                  211.3937   57.9582 13.5
 55.161 0878 Alaska-slab2-v3                                                                  211.2554   58.0104 14.0
 27.877 0879 Alaska-slab2-v3                                                                  211.1167   58.0625 14.4
402.680 0905 Alaska-slab2-v3                                                                  211.8526   57.5663  8.1
325.470 0906 Alaska-slab2-v3                                                                  211.7178   57.6189  9.4
257.763 0907 Alaska-slab2-v3                                                                  211.5824   57.6714 10.6
199.558 0908 Alaska-slab2-v3                                                                  211.4462   57.7238 11.5
150.263 0909 Alaska-slab2-v3                                                                  211.3094   57.7761 12.4
108.094 0910 Alaska-slab2-v3                                                                  211.1721   57.8283 13.1
 70.083 0911 Alaska-slab2-v3                                                                  211.0343   57.8803 13.7
 34.448 0912 Alaska-slab2-v3                                                                  210.8961   57.9322 14.3
322.303 0939 Alaska-slab2-v3                                                                  211.4814   57.4929  9.1
253.898 0940 Alaska-slab2-v3                                                                  211.3469   57.5459 10.2
192.889 0941 Alaska-slab2-v3                                                                  211.2112   57.5983 11.2
138.042 0942 Alaska-slab2-v3                                                                  211.0747   57.6504 12.1
 88.741 0943 Alaska-slab2-v3                                                                  210.9378   57.7023 12.9
 43.138 0944 Alaska-slab2-v3                                                                  210.8003   57.7542 13.7
333.458 0972 Alaska-slab2-v3                                                                  211.2308   57.3710  9.0
265.667 0973 Alaska-slab2-v3                                                                  211.0969   57.4240 10.1
203.983 0974 Alaska-slab2-v3                                                                  210.9619   57.4765 11.1
147.186 0975 Alaska-slab2-v3                                                                  210.8263   57.5288 12.1
 94.663 0976 Alaska-slab2-v3                                                                  210.6901   57.5810 12.9
 45.805 0977 Alaska-slab2-v3                                                                  210.5535   57.6331 13.7
324.358 1004 Alaska-slab2-v3                                                                  210.9669   57.2526  9.2
255.814 1005 Alaska-slab2-v3                                                                  210.8334   57.3056 10.3
194.615 1006 Alaska-slab2-v3                                                                  210.7011   57.3598 11.3
140.147 1007 Alaska-slab2-v3                                                                  210.5684   57.4139 12.2
 89.963 1008 Alaska-slab2-v3                                                                  210.4353   57.4680 13.0
 44.064 1009 Alaska-slab2-v3                                                                  210.3017   57.5220 13.7
395.834 1035 Alaska-slab2-v3                                                                  210.8281   57.0879  8.2
317.504 1036 Alaska-slab2-v3                                                                  210.6921   57.1379  9.5
249.937 1037 Alaska-slab2-v3                                                                  210.5617   57.1925 10.6
193.731 1038 Alaska-slab2-v3                                                                  210.4359   57.2507 11.6
147.092 1039 Alaska-slab2-v3                                                                  210.3097   57.3090 12.3
107.031 1040 Alaska-slab2-v3                                                                  210.1830   57.3673 13.0
 70.557 1041 Alaska-slab2-v3                                                                  210.0559   57.4255 13.6
 35.876 1042 Alaska-slab2-v3                                                                  209.9283   57.4835 14.2
388.903 1066 Alaska-slab2-v3                                                                  210.5480   56.9808  8.4
306.623 1067 Alaska-slab2-v3                                                                  210.4119   57.0299  9.8
239.735 1068 Alaska-slab2-v3                                                                  210.2868   57.0872 10.9
188.828 1069 Alaska-slab2-v3                                                                  210.1685   57.1498 11.8
149.168 1070 Alaska-slab2-v3                                                                  210.0496   57.2125 12.4
118.387 1071 Alaska-slab2-v3                                                                  209.9302   57.2750 12.9
 91.750 1072 Alaska-slab2-v3                                                                  209.8103   57.3375 13.4
 65.705 1073 Alaska-slab2-v3                                                                  209.6901   57.3999 13.8
 36.108 1074 Alaska-slab2-v3                                                                  209.5694   57.4622 14.3
379.437 1096 Alaska-slab2-v3                                                                  210.2708   56.8864  8.3
298.433 1097 Alaska-slab2-v3                                                                  210.1362   56.9367  9.6
232.656 1098 Alaska-slab2-v3                                                                  210.0128   56.9950 10.7
183.932 1099 Alaska-slab2-v3                                                                  209.8978   57.0594 11.5
147.390 1100 Alaska-slab2-v3                                                                  209.7823   57.1238 12.1
118.764 1101 Alaska-slab2-v3                                                                  209.6663   57.1881 12.6
 94.402 1102 Alaska-slab2-v3                                                                  209.5498   57.2524 13.0
 69.431 1103 Alaska-slab2-v3                                                                  209.4329   57.3166 13.4
 39.588 1104 Alaska-slab2-v3                                                                  209.3157   57.3806 13.9
328.503 1126 Alaska-slab2-v3                                                                  209.8744   56.8602  9.1
268.165 1127 Alaska-slab2-v3                                                                  209.7519   56.9196 10.1
220.627 1128 Alaska-slab2-v3                                                                  209.6341   56.9823 10.9
183.450 1129 Alaska-slab2-v3                                                                  209.5161   57.0452 11.5
151.757 1130 Alaska-slab2-v3                                                                  209.3976   57.1080 12.0
122.503 1131 Alaska-slab2-v3                                                                  209.2787   57.1707 12.5
 90.201 1132 Alaska-slab2-v3                                                                  209.1594   57.2333 13.0
 50.586 1133 Alaska-slab2-v3                                                                  209.0398   57.2957 13.7
341.237 1155 Alaska-slab2-v3                                                                  209.6138   56.7850  8.6
283.208 1156 Alaska-slab2-v3                                                                  209.4968   56.8478  9.5
232.117 1157 Alaska-slab2-v3                                                                  209.3777   56.9096 10.4
187.964 1158 Alaska-slab2-v3                                                                  209.2553   56.9697 11.1
145.704 1159 Alaska-slab2-v3                                                                  209.1314   57.0291 11.7
103.443 1160 Alaska-slab2-v3                                                                  209.0072   57.0883 12.4
 56.137 1161 Alaska-slab2-v3                                                                  208.8826   57.1474 13.1
388.831 1183 Alaska-slab2-v3                                                                  209.3362   56.6985  8.4
334.300 1184 Alaska-slab2-v3                                                                  209.2227   56.7631  9.3
282.140 1185 Alaska-slab2-v3                                                                  209.1047   56.8252 10.2
230.572 1186 Alaska-slab2-v3                                                                  208.9805   56.8838 11.0
179.005 1187 Alaska-slab2-v3                                                                  208.8540   56.9412 11.9
124.473 1188 Alaska-slab2-v3                                                                  208.7273   56.9984 12.8
 65.793 1189 Alaska-slab2-v3                                                                  208.6002   57.0555 13.8
369.721 1210 Alaska-slab2-v3                                                                  209.0493   56.6043  8.6
308.300 1211 Alaska-slab2-v3                                                                  208.9339   56.6675  9.7
248.071 1212 Alaska-slab2-v3                                                                  208.8140   56.7282 10.7
188.439 1213 Alaska-slab2-v3                                                                  208.6901   56.7867 11.7
127.614 1214 Alaska-slab2-v3                                                                  208.5650   56.8445 12.7
 65.596 1215 Alaska-slab2-v3                                                                  208.4395   56.9022 13.7
394.450 1236 Alaska-slab2-v3                                                                  208.8802   56.4447  8.1
314.715 1237 Alaska-slab2-v3                                                                  208.7647   56.5072  9.4
242.832 1238 Alaska-slab2-v3                                                                  208.6463   56.5684 10.6
177.593 1239 Alaska-slab2-v3                                                                  208.5248   56.6279 11.7
117.187 1240 Alaska-slab2-v3                                                                  208.4020   56.6869 12.7
 58.594 1241 Alaska-slab2-v3                                                                  208.2787   56.7458 13.7
338.889 1262 Alaska-slab2-v3                                                                  208.5983   56.3460  8.8
240.562 1263 Alaska-slab2-v3                                                                  208.4812   56.4069 10.4
162.024 1264 Alaska-slab2-v3                                                                  208.3622   56.4673 11.7
 99.564 1265 Alaska-slab2-v3                                                                  208.2418   56.5275 12.7
 47.618 1266 Alaska-slab2-v3                                                                  208.1208   56.5876 13.5
253.888 1287 Alaska-slab2-v3                                                                  208.3171   56.2446  9.4
166.614 1288 Alaska-slab2-v3                                                                  208.2000   56.3048 11.1
104.134 1289 Alaska-slab2-v3                                                                  208.0836   56.3666 12.4
 60.001 1290 Alaska-slab2-v3                                                                  207.9663   56.4286 13.3
 27.769 1291 Alaska-slab2-v3                                                                  207.8484   56.4905 13.9
199.039 1312 Alaska-slab2-v3                                                                  208.0398   56.1434  9.6
132.076 1313 Alaska-slab2-v3                                                                  207.9244   56.2042 11.4
 85.461 1314 Alaska-slab2-v3                                                                  207.8116   56.2679 12.6
 55.124 1315 Alaska-slab2-v3                                                                  207.6980   56.3317 13.5
 34.406 1316 Alaska-slab2-v3                                                                  207.5837   56.3957 14.0
 18.128 1317 Alaska-slab2-v3                                                                  207.4690   56.4595 14.5
139.149 1336 Alaska-slab2-v3                                                                  207.7667   56.0430  9.5
 92.679 1337 Alaska-slab2-v3                                                                  207.6526   56.1043 11.3
 60.046 1338 Alaska-slab2-v3                                                                  207.5425   56.1693 12.5
 38.377 1339 Alaska-slab2-v3                                                                  207.4315   56.2344 13.4
 23.757 1340 Alaska-slab2-v3                                                                  207.3199   56.2996 13.9
 12.531 1341 Alaska-slab2-v3                                                                  207.2079   56.3648 14.4
 82.328 1360 Alaska-slab2-v3                                                                  207.4972   55.9427  9.3
 56.581 1361 Alaska-slab2-v3                                                                  207.3835   56.0042 11.0
 38.020 1362 Alaska-slab2-v3                                                                  207.2747   56.0698 12.2
 24.998 1363 Alaska-slab2-v3                                                                  207.1652   56.1355 13.1
 15.867 1364 Alaska-slab2-v3                                                                  207.0551   56.2013 13.7
  8.233 1365 Alaska-slab2-v3                                                                  206.9445   56.2670 14.2
 86.120 1384 Alaska-slab2-v3                                                                  207.2316   55.8425  9.0
 61.622 1385 Alaska-slab2-v3                                                                  207.1181   55.9043 10.6
 43.135 1386 Alaska-slab2-v3                                                                  207.0097   55.9699 11.9
 29.458 1387 Alaska-slab2-v3                                                                  206.9012   56.0360 12.8
 18.937 1388 Alaska-slab2-v3                                                                  206.7921   56.1021 13.5
  9.619 1389 Alaska-slab2-v3                                                                  206.6826   56.1682 14.1
 89.287 1407 Alaska-slab2-v3                                                                  206.9698   55.7423  8.7
 66.127 1408 Alaska-slab2-v3                                                                  206.8571   55.8047 10.2
 47.843 1409 Alaska-slab2-v3                                                                  206.7489   55.8703 11.4
 33.368 1410 Alaska-slab2-v3                                                                  206.6420   55.9370 12.3
 21.636 1411 Alaska-slab2-v3                                                                  206.5345   56.0037 13.1
 10.970 1412 Alaska-slab2-v3                                                                  206.4266   56.0704 13.8
 98.048 1430 Alaska-slab2-v3                                                                  206.7109   55.6415  8.3
 77.788 1431 Alaska-slab2-v3                                                                  206.5997   55.7049  9.7
 60.633 1432 Alaska-slab2-v3                                                                  206.4925   55.7709 10.9
 46.584 1433 Alaska-slab2-v3                                                                  206.3880   55.8387 11.8
 34.605 1434 Alaska-slab2-v3                                                                  206.2831   55.9065 12.6
 23.662 1435 Alaska-slab2-v3                                                                  206.1777   55.9743 13.4
 12.422 1436 Alaska-slab2-v3                                                                  206.0720   56.0420 14.1
 98.753 1453 Alaska-slab2-v3                                                                  206.4544   55.5398  8.0
 80.074 1454 Alaska-slab2-v3                                                                  206.3461   55.6049  9.2
 63.385 1455 Alaska-slab2-v3                                                                  206.2403   55.6716 10.3
 49.147 1456 Alaska-slab2-v3                                                                  206.1377   55.7402 11.2
 36.439 1457 Alaska-slab2-v3                                                                  206.0354   55.8091 12.1
 24.650 1458 Alaska-slab2-v3                                                                  205.9326   55.8780 12.8
 12.708 1459 Alaska-slab2-v3                                                                  205.8296   55.9468 13.6
 90.992 1477 Alaska-slab2-v3                                                                  206.0955   55.5043  8.8
 76.273 1478 Alaska-slab2-v3                                                                  205.9916   55.5720  9.8
 62.743 1479 Alaska-slab2-v3                                                                  205.8897   55.6408 10.7
 50.254 1480 Alaska-slab2-v3                                                                  205.7890   55.7103 11.5
 38.360 1481 Alaska-slab2-v3                                                                  205.6879   55.7798 12.3
 26.465 1482 Alaska-slab2-v3                                                                  205.5864   55.8492 13.1
 13.827 1483 Alaska-slab2-v3                                                                  205.4847   55.9185 13.9
 93.788 1500 Alaska-slab2-v3                                                                  205.8458   55.4021  8.3
 80.171 1501 Alaska-slab2-v3                                                                  205.7450   55.4712  9.2
 66.861 1502 Alaska-slab2-v3                                                                  205.6444   55.5406 10.1
 54.162 1503 Alaska-slab2-v3                                                                  205.5441   55.6102 10.9
 41.616 1504 Alaska-slab2-v3                                                                  205.4433   55.6797 11.7
 28.611 1505 Alaska-slab2-v3                                                                  205.3421   55.7491 12.6
 14.994 1506 Alaska-slab2-v3                                                                  205.2407   55.8184 13.5
 83.711 1524 Alaska-slab2-v3                                                                  205.4988   55.3689  8.7
 71.280 1525 Alaska-slab2-v3                                                                  205.4008   55.4394  9.5
 58.535 1526 Alaska-slab2-v3                                                                  205.3016   55.5095 10.3
 45.475 1527 Alaska-slab2-v3                                                                  205.2007   55.5787 11.2
 31.470 1528 Alaska-slab2-v3                                                                  205.0989   55.6477 12.1
 16.522 1529 Alaska-slab2-v3                                                                  204.9969   55.7165 13.0
 87.455 1547 Alaska-slab2-v3                                                                  205.2584   55.2577  8.5
 75.321 1548 Alaska-slab2-v3                                                                  205.1624   55.3289  9.3
 62.400 1549 Alaska-slab2-v3                                                                  205.0641   55.3994 10.1
 48.533 1550 Alaska-slab2-v3                                                                  204.9633   55.4688 11.0
 33.564 1551 Alaska-slab2-v3                                                                  204.8619   55.5377 11.9
 17.491 1552 Alaska-slab2-v3                                                                  204.7602   55.6064 12.9
 90.436 1570 Alaska-slab2-v3                                                                  205.0209   55.1392  8.5
 78.111 1571 Alaska-slab2-v3                                                                  204.9251   55.2105  9.3
 64.399 1572 Alaska-slab2-v3                                                                  204.8280   55.2811 10.2
 49.609 1573 Alaska-slab2-v3                                                                  204.7290   55.3509 11.1
 33.740 1574 Alaska-slab2-v3                                                                  204.6291   55.4202 12.2
 17.101 1575 Alaska-slab2-v3                                                                  204.5289   55.4895 13.2
 91.426 1593 Alaska-slab2-v3                                                                  204.7814   55.0242  8.6
 78.581 1594 Alaska-slab2-v3                                                                  204.6865   55.0957  9.4
 64.376 1595 Alaska-slab2-v3                                                                  204.5900   55.1664 10.4
 49.113 1596 Alaska-slab2-v3                                                                  204.4918   55.2363 11.4
 32.944 1597 Alaska-slab2-v3                                                                  204.3930   55.3061 12.5
 16.472 1598 Alaska-slab2-v3                                                                  204.2939   55.3757 13.6
102.132 1615 Alaska-slab2-v3                                                                  204.6288   54.8438  8.0
 89.477 1616 Alaska-slab2-v3                                                                  204.5354   54.9157  8.9
 76.078 1617 Alaska-slab2-v3                                                                  204.4412   54.9874  9.8
 61.785 1618 Alaska-slab2-v3                                                                  204.3449   55.0581 10.7
 46.748 1619 Alaska-slab2-v3                                                                  204.2470   55.1280 11.7
 31.116 1620 Alaska-slab2-v3                                                                  204.1487   55.1978 12.8
 15.484 1621 Alaska-slab2-v3                                                                  204.0501   55.2676 13.8
 90.449 1638 Alaska-slab2-v3                                                                  204.3707   54.7446  8.3
 75.794 1639 Alaska-slab2-v3                                                                  204.2784   54.8168  9.2
 60.982 1640 Alaska-slab2-v3                                                                  204.1843   54.8883 10.2
 46.012 1641 Alaska-slab2-v3                                                                  204.0877   54.9587 11.1
 30.727 1642 Alaska-slab2-v3                                                                  203.9900   55.0287 12.1
 15.442 1643 Alaska-slab2-v3                                                                  203.8920   55.0987 13.1
 86.909 1661 Alaska-slab2-v3                                                                  204.0996   54.6557  8.6
 71.362 1662 Alaska-slab2-v3                                                                  204.0074   54.7278  9.6
 56.436 1663 Alaska-slab2-v3                                                                  203.9128   54.7990 10.6
 41.977 1664 Alaska-slab2-v3                                                                  203.8162   54.8693 11.5
 27.985 1665 Alaska-slab2-v3                                                                  203.7191   54.9396 12.4
 13.992 1666 Alaska-slab2-v3                                                                  203.6216   55.0097 13.3
 84.820 1683 Alaska-slab2-v3                                                                  203.8178   54.5758  8.9
 68.591 1684 Alaska-slab2-v3                                                                  203.7246   54.6474 10.0
 53.740 1685 Alaska-slab2-v3                                                                  203.6297   54.7183 10.9
 40.113 1686 Alaska-slab2-v3                                                                  203.5336   54.7888 11.8
 26.793 1687 Alaska-slab2-v3                                                                  203.4371   54.8593 12.7
 13.626 1688 Alaska-slab2-v3                                                                  203.3403   54.9297 13.6
 85.010 1705 Alaska-slab2-v3                                                                  203.5301   54.5031  9.1
 68.789 1706 Alaska-slab2-v3                                                                  203.4363   54.5742 10.1
 54.070 1707 Alaska-slab2-v3                                                                  203.3410   54.6449 11.1
 40.703 1708 Alaska-slab2-v3                                                                  203.2450   54.7154 12.0
 27.636 1709 Alaska-slab2-v3                                                                  203.1487   54.7859 12.9
 14.268 1710 Alaska-slab2-v3                                                                  203.0520   54.8563 13.8
 76.739 1726 Alaska-slab2-v3                                                                  203.2397   54.4355  9.2
 59.406 1727 Alaska-slab2-v3                                                                  203.1452   54.5063 10.3
 43.964 1728 Alaska-slab2-v3                                                                  203.0494   54.5766 11.2
 29.467 1729 Alaska-slab2-v3                                                                  202.9530   54.6469 12.2
 15.285 1730 Alaska-slab2-v3                                                                  202.8563   54.7171 13.1
 97.952 1745 Alaska-slab2-v3                                                                  203.0409   54.3010  8.0
 78.761 1746 Alaska-slab2-v3                                                                  202.9467   54.3715  9.3
 61.565 1747 Alaska-slab2-v3                                                                  202.8513   54.4418 10.4
 46.212 1748 Alaska-slab2-v3                                                                  202.7548   54.5117 11.4
 31.781 1749 Alaska-slab2-v3                                                                  202.6578   54.5816 12.3
 16.735 1750 Alaska-slab2-v3                                                                  202.5605   54.6514 13.3
100.967 1765 Alaska-slab2-v3                                                                  202.7468   54.2407  8.1
 81.664 1766 Alaska-slab2-v3                                                                  202.6515   54.3106  9.4
 64.589 1767 Alaska-slab2-v3                                                                  202.5552   54.3803 10.6
 49.147 1768 Alaska-slab2-v3                                                                  202.4578   54.4497 11.6
 34.299 1769 Alaska-slab2-v3                                                                  202.3600   54.5191 12.6
 18.263 1770 Alaska-slab2-v3                                                                  202.2619   54.5883 13.7
 93.086 1784 Alaska-slab2-v3                                                                  202.4519   54.1833  8.1
 72.173 1785 Alaska-slab2-v3                                                                  202.3560   54.2528  9.5
 53.147 1786 Alaska-slab2-v3                                                                  202.2587   54.3219 10.7
 35.851 1787 Alaska-slab2-v3                                                                  202.1601   54.3906 11.8
 18.554 1788 Alaska-slab2-v3                                                                  202.0612   54.4592 12.9
 95.890 1803 Alaska-slab2-v3                                                                  202.1571   54.1283  8.2
 75.024 1804 Alaska-slab2-v3                                                                  202.0608   54.1975  9.5
 55.846 1805 Alaska-slab2-v3                                                                  201.9626   54.2661 10.8
 37.896 1806 Alaska-slab2-v3                                                                  201.8628   54.3340 11.9
 19.638 1807 Alaska-slab2-v3                                                                  201.7627   54.4018 13.1
 97.759 1821 Alaska-slab2-v3                                                                  201.8617   54.0745  8.2
 77.004 1822 Alaska-slab2-v3                                                                  201.7650   54.1434  9.6
 57.753 1823 Alaska-slab2-v3                                                                  201.6662   54.2115 10.9
 39.404 1824 Alaska-slab2-v3                                                                  201.5657   54.2789 12.1
 20.755 1825 Alaska-slab2-v3                                                                  201.4649   54.3462 13.3
 85.329 1839 Alaska-slab2-v3                                                                  201.5647   54.0202  8.3
 61.998 1840 Alaska-slab2-v3                                                                  201.4665   54.0882  9.8
 40.952 1841 Alaska-slab2-v3                                                                  201.3671   54.1560 11.1
 20.884 1842 Alaska-slab2-v3                                                                  201.2668   54.2234 12.3
 85.384 1856 Alaska-slab2-v3                                                                  201.2655   53.9641  8.6
 61.261 1857 Alaska-slab2-v3                                                                  201.1650   54.0308 10.1
 40.470 1858 Alaska-slab2-v3                                                                  201.0653   54.0982 11.4
 20.949 1859 Alaska-slab2-v3                                                                  200.9656   54.1659 12.6
 85.408 1873 Alaska-slab2-v3                                                                  200.9652   53.9058  8.9
 60.504 1874 Alaska-slab2-v3                                                                  200.8627   53.9709 10.5
 39.878 1875 Alaska-slab2-v3                                                                  200.7636   54.0385 11.9
 20.779 1876 Alaska-slab2-v3                                                                  200.6643   54.1064 13.1
 71.309 1890 Alaska-slab2-v3                                                                  200.6664   53.8460  9.2
 43.045 1891 Alaska-slab2-v3                                                                  200.5628   53.9102 11.0
 20.467 1892 Alaska-slab2-v3                                                                  200.4644   53.9780 12.4
 70.789 1907 Alaska-slab2-v3                                                                  200.3709   53.7866  9.5
 42.125 1908 Alaska-slab2-v3                                                                  200.2675   53.8503 11.3
 19.954 1909 Alaska-slab2-v3                                                                  200.1695   53.9183 12.7
 69.765 1924 Alaska-slab2-v3                                                                  200.0792   53.7284  9.6
 41.010 1925 Alaska-slab2-v3                                                                  199.9768   53.7924 11.5
 19.327 1926 Alaska-slab2-v3                                                                  199.8801   53.8610 12.9
 68.741 1941 Alaska-slab2-v3                                                                  199.7909   53.6720  9.6
 39.981 1942 Alaska-slab2-v3                                                                  199.6904   53.7369 11.5
 18.805 1943 Alaska-slab2-v3                                                                  199.5958   53.8066 12.8
