 24.530 0769 Alaska-slab2-v3                                                                  212.8435   58.0761  7.3
 17.685 0770 Alaska-slab2-v3                                                                  212.7037   58.1232  9.6
 11.495 0771 Alaska-slab2-v3                                                                  212.5640   58.1721 11.5
  6.976 0772 Alaska-slab2-v3                                                                  212.4241   58.2223 12.9
  3.897 0773 Alaska-slab2-v3                                                                  212.2830   58.2726 13.8
  1.965 0774 Alaska-slab2-v3                                                                  212.1411   58.3229 14.4
  0.884 0775 Alaska-slab2-v3                                                                  211.9987   58.3731 14.7
  0.327 0776 Alaska-slab2-v3                                                                  211.8558   58.4231 14.9
 24.530 0803 Alaska-slab2-v3                                                                  212.6419   57.9286  7.2
 18.352 0804 Alaska-slab2-v3                                                                  212.5018   57.9757  9.3
 12.454 0805 Alaska-slab2-v3                                                                  212.3630   58.0250 11.1
  8.006 0806 Alaska-slab2-v3                                                                  212.2250   58.0764 12.5
  4.843 0807 Alaska-slab2-v3                                                                  212.0860   58.1278 13.4
  2.768 0808 Alaska-slab2-v3                                                                  211.9461   58.1791 14.1
  1.417 0809 Alaska-slab2-v3                                                                  211.8057   58.2304 14.5
  0.626 0810 Alaska-slab2-v3                                                                  211.6649   58.2816 14.7
 24.530 0837 Alaska-slab2-v3                                                                  212.4328   57.7855  7.0
 19.403 0838 Alaska-slab2-v3                                                                  212.2938   57.8339  8.9
 13.993 0839 Alaska-slab2-v3                                                                  212.1557   57.8839 10.5
  9.718 0840 Alaska-slab2-v3                                                                  212.0188   57.9358 11.8
  6.479 0841 Alaska-slab2-v3                                                                  211.8814   57.9880 12.8
  4.108 0842 Alaska-slab2-v3                                                                  211.7432   58.0402 13.5
  2.371 0843 Alaska-slab2-v3                                                                  211.6045   58.0922 14.0
  1.102 0844 Alaska-slab2-v3                                                                  211.4652   58.1442 14.4
 24.530 0871 Alaska-slab2-v3                                                                  212.2148   57.6471  6.8
 21.274 0872 Alaska-slab2-v3                                                                  212.0783   57.6978  8.4
 16.539 0873 Alaska-slab2-v3                                                                  211.9416   57.7490  9.9
 12.561 0874 Alaska-slab2-v3                                                                  211.8053   57.8010 11.1
  9.371 0875 Alaska-slab2-v3                                                                  211.6687   57.8535 12.1
  6.839 0876 Alaska-slab2-v3                                                                  211.5314   57.9059 12.8
  4.801 0877 Alaska-slab2-v3                                                                  211.3937   57.9582 13.5
  3.058 0878 Alaska-slab2-v3                                                                  211.2554   58.0104 14.0
  1.545 0879 Alaska-slab2-v3                                                                  211.1167   58.0625 14.4
 24.530 0904 Alaska-slab2-v3                                                                  211.9868   57.5137  6.7
 22.324 0905 Alaska-slab2-v3                                                                  211.8526   57.5663  8.1
 18.043 0906 Alaska-slab2-v3                                                                  211.7178   57.6189  9.4
 14.290 0907 Alaska-slab2-v3                                                                  211.5824   57.6714 10.6
 11.063 0908 Alaska-slab2-v3                                                                  211.4462   57.7238 11.5
  8.330 0909 Alaska-slab2-v3                                                                  211.3094   57.7761 12.4
  5.992 0910 Alaska-slab2-v3                                                                  211.1721   57.8283 13.1
  3.885 0911 Alaska-slab2-v3                                                                  211.0343   57.8803 13.7
  1.910 0912 Alaska-slab2-v3                                                                  210.8961   57.9322 14.3
 24.530 0937 Alaska-slab2-v3                                                                  211.7476   57.3859  6.7
 22.001 0938 Alaska-slab2-v3                                                                  211.6147   57.4395  7.9
 17.868 0939 Alaska-slab2-v3                                                                  211.4814   57.4929  9.1
 14.075 0940 Alaska-slab2-v3                                                                  211.3469   57.5459 10.2
 10.693 0941 Alaska-slab2-v3                                                                  211.2112   57.5983 11.2
  7.653 0942 Alaska-slab2-v3                                                                  211.0747   57.6504 12.1
  4.920 0943 Alaska-slab2-v3                                                                  210.9378   57.7023 12.9
  2.391 0944 Alaska-slab2-v3                                                                  210.8003   57.7542 13.7
 24.530 0970 Alaska-slab2-v3                                                                  211.4967   57.2642  6.6
 22.481 0971 Alaska-slab2-v3                                                                  211.3640   57.3176  7.8
 18.486 0972 Alaska-slab2-v3                                                                  211.2308   57.3710  9.0
 14.728 0973 Alaska-slab2-v3                                                                  211.0969   57.4240 10.1
 11.308 0974 Alaska-slab2-v3                                                                  210.9619   57.4765 11.1
  8.160 0975 Alaska-slab2-v3                                                                  210.8263   57.5288 12.1
  5.248 0976 Alaska-slab2-v3                                                                  210.6901   57.5810 12.9
  2.539 0977 Alaska-slab2-v3                                                                  210.5535   57.6331 13.7
 24.530 1002 Alaska-slab2-v3                                                                  211.2352   57.1486  6.7
 22.121 1003 Alaska-slab2-v3                                                                  211.1013   57.2007  7.9
 17.982 1004 Alaska-slab2-v3                                                                  210.9669   57.2526  9.2
 14.182 1005 Alaska-slab2-v3                                                                  210.8334   57.3056 10.3
 10.789 1006 Alaska-slab2-v3                                                                  210.7011   57.3598 11.3
  7.769 1007 Alaska-slab2-v3                                                                  210.5684   57.4139 12.2
  4.987 1008 Alaska-slab2-v3                                                                  210.4353   57.4680 13.0
  2.443 1009 Alaska-slab2-v3                                                                  210.3017   57.5220 13.7
 24.530 1034 Alaska-slab2-v3                                                                  210.9648   57.0387  6.8
 21.944 1035 Alaska-slab2-v3                                                                  210.8281   57.0879  8.2
 17.602 1036 Alaska-slab2-v3                                                                  210.6921   57.1379  9.5
 13.856 1037 Alaska-slab2-v3                                                                  210.5617   57.1925 10.6
 10.740 1038 Alaska-slab2-v3                                                                  210.4359   57.2507 11.6
  8.154 1039 Alaska-slab2-v3                                                                  210.3097   57.3090 12.3
  5.934 1040 Alaska-slab2-v3                                                                  210.1830   57.3673 13.0
  3.911 1041 Alaska-slab2-v3                                                                  210.0559   57.4255 13.6
  1.989 1042 Alaska-slab2-v3                                                                  209.9283   57.4835 14.2
 24.530 1065 Alaska-slab2-v3                                                                  210.6874   56.9346  6.8
 21.560 1066 Alaska-slab2-v3                                                                  210.5480   56.9808  8.4
 16.998 1067 Alaska-slab2-v3                                                                  210.4119   57.0299  9.8
 13.290 1068 Alaska-slab2-v3                                                                  210.2868   57.0872 10.9
 10.468 1069 Alaska-slab2-v3                                                                  210.1685   57.1498 11.8
  8.270 1070 Alaska-slab2-v3                                                                  210.0496   57.2125 12.4
  6.563 1071 Alaska-slab2-v3                                                                  209.9302   57.2750 12.9
  5.086 1072 Alaska-slab2-v3                                                                  209.8103   57.3375 13.4
  3.643 1073 Alaska-slab2-v3                                                                  209.6901   57.3999 13.8
  2.002 1074 Alaska-slab2-v3                                                                  209.5694   57.4622 14.3
 24.530 1095 Alaska-slab2-v3                                                                  210.4074   56.8380  6.8
 21.035 1096 Alaska-slab2-v3                                                                  210.2708   56.8864  8.3
 16.544 1097 Alaska-slab2-v3                                                                  210.1362   56.9367  9.6
 12.898 1098 Alaska-slab2-v3                                                                  210.0128   56.9950 10.7
 10.197 1099 Alaska-slab2-v3                                                                  209.8978   57.0594 11.5
  8.171 1100 Alaska-slab2-v3                                                                  209.7823   57.1238 12.1
  6.584 1101 Alaska-slab2-v3                                                                  209.6663   57.1881 12.6
  5.233 1102 Alaska-slab2-v3                                                                  209.5498   57.2524 13.0
  3.849 1103 Alaska-slab2-v3                                                                  209.4329   57.3166 13.4
  2.195 1104 Alaska-slab2-v3                                                                  209.3157   57.3806 13.9
 24.530 1124 Alaska-slab2-v3                                                                  210.1278   56.7480  6.7
 22.164 1125 Alaska-slab2-v3                                                                  210.0014   56.8041  8.0
 18.211 1126 Alaska-slab2-v3                                                                  209.8744   56.8602  9.1
 14.866 1127 Alaska-slab2-v3                                                                  209.7519   56.9196 10.1
 12.231 1128 Alaska-slab2-v3                                                                  209.6341   56.9823 10.9
 10.170 1129 Alaska-slab2-v3                                                                  209.5161   57.0452 11.5
  8.413 1130 Alaska-slab2-v3                                                                  209.3976   57.1080 12.0
  6.791 1131 Alaska-slab2-v3                                                                  209.2787   57.1707 12.5
  5.001 1132 Alaska-slab2-v3                                                                  209.1594   57.2333 13.0
  2.804 1133 Alaska-slab2-v3                                                                  209.0398   57.2957 13.7
 24.530 1153 Alaska-slab2-v3                                                                  209.8466   56.6594  6.6
 22.449 1154 Alaska-slab2-v3                                                                  209.7304   56.7223  7.6
 18.917 1155 Alaska-slab2-v3                                                                  209.6138   56.7850  8.6
 15.700 1156 Alaska-slab2-v3                                                                  209.4968   56.8478  9.5
 12.868 1157 Alaska-slab2-v3                                                                  209.3777   56.9096 10.4
 10.420 1158 Alaska-slab2-v3                                                                  209.2553   56.9697 11.1
  8.077 1159 Alaska-slab2-v3                                                                  209.1314   57.0291 11.7
  5.735 1160 Alaska-slab2-v3                                                                  209.0072   57.0883 12.4
  3.112 1161 Alaska-slab2-v3                                                                  208.8826   57.1474 13.1
 42.927 1181 Alaska-slab2-v3                                                                  209.5620   56.5690  6.5
 42.927 1182 Alaska-slab2-v3                                                                  209.4493   56.6338  7.4
 37.723 1183 Alaska-slab2-v3                                                                  209.3362   56.6985  8.4
 32.432 1184 Alaska-slab2-v3                                                                  209.2227   56.7631  9.3
 27.372 1185 Alaska-slab2-v3                                                                  209.1047   56.8252 10.2
 22.369 1186 Alaska-slab2-v3                                                                  208.9805   56.8838 11.0
 17.366 1187 Alaska-slab2-v3                                                                  208.8540   56.9412 11.9
 12.076 1188 Alaska-slab2-v3                                                                  208.7273   56.9984 12.8
  6.383 1189 Alaska-slab2-v3                                                                  208.6002   57.0555 13.8
 61.324 1208 Alaska-slab2-v3                                                                  209.2769   56.4763  6.5
 59.919 1209 Alaska-slab2-v3                                                                  209.1633   56.5403  7.6
 51.241 1210 Alaska-slab2-v3                                                                  209.0493   56.6043  8.6
 42.728 1211 Alaska-slab2-v3                                                                  208.9339   56.6675  9.7
 34.381 1212 Alaska-slab2-v3                                                                  208.8140   56.7282 10.7
 26.116 1213 Alaska-slab2-v3                                                                  208.6901   56.7867 11.7
 17.686 1214 Alaska-slab2-v3                                                                  208.5650   56.8445 12.7
  9.091 1215 Alaska-slab2-v3                                                                  208.4395   56.9022 13.7
 79.721 1235 Alaska-slab2-v3                                                                  208.9945   56.3819  6.7
 71.069 1236 Alaska-slab2-v3                                                                  208.8802   56.4447  8.1
 56.703 1237 Alaska-slab2-v3                                                                  208.7647   56.5072  9.4
 43.751 1238 Alaska-slab2-v3                                                                  208.6463   56.5684 10.6
 31.997 1239 Alaska-slab2-v3                                                                  208.5248   56.6279 11.7
 21.114 1240 Alaska-slab2-v3                                                                  208.4020   56.6869 12.7
 10.557 1241 Alaska-slab2-v3                                                                  208.2787   56.7458 13.7
 98.118 1261 Alaska-slab2-v3                                                                  208.7142   56.2852  7.0
 75.149 1262 Alaska-slab2-v3                                                                  208.5983   56.3460  8.8
 53.345 1263 Alaska-slab2-v3                                                                  208.4812   56.4069 10.4
 35.929 1264 Alaska-slab2-v3                                                                  208.3622   56.4673 11.7
 22.078 1265 Alaska-slab2-v3                                                                  208.2418   56.5275 12.7
 10.559 1266 Alaska-slab2-v3                                                                  208.1208   56.5876 13.5
 98.118 1286 Alaska-slab2-v3                                                                  208.4356   56.1865  7.2
 69.292 1287 Alaska-slab2-v3                                                                  208.3171   56.2446  9.4
 45.473 1288 Alaska-slab2-v3                                                                  208.2000   56.3048 11.1
 28.420 1289 Alaska-slab2-v3                                                                  208.0836   56.3666 12.4
 16.376 1290 Alaska-slab2-v3                                                                  207.9663   56.4286 13.3
  7.579 1291 Alaska-slab2-v3                                                                  207.8484   56.4905 13.9
 98.118 1311 Alaska-slab2-v3                                                                  208.1595   56.0867  7.3
 70.619 1312 Alaska-slab2-v3                                                                  208.0398   56.1434  9.6
 46.861 1313 Alaska-slab2-v3                                                                  207.9244   56.2042 11.4
 30.322 1314 Alaska-slab2-v3                                                                  207.8116   56.2679 12.6
 19.558 1315 Alaska-slab2-v3                                                                  207.6980   56.3317 13.5
 12.207 1316 Alaska-slab2-v3                                                                  207.5837   56.3957 14.0
  6.432 1317 Alaska-slab2-v3                                                                  207.4690   56.4595 14.5
 98.118 1335 Alaska-slab2-v3                                                                  207.8868   55.9865  7.2
 70.529 1336 Alaska-slab2-v3                                                                  207.7667   56.0430  9.5
 46.975 1337 Alaska-slab2-v3                                                                  207.6526   56.1043 11.3
 30.435 1338 Alaska-slab2-v3                                                                  207.5425   56.1693 12.5
 19.452 1339 Alaska-slab2-v3                                                                  207.4315   56.2344 13.4
 12.041 1340 Alaska-slab2-v3                                                                  207.3199   56.2996 13.9
  6.352 1341 Alaska-slab2-v3                                                                  207.2079   56.3648 14.4
 98.118 1359 Alaska-slab2-v3                                                                  207.6171   55.8859  7.2
 73.024 1360 Alaska-slab2-v3                                                                  207.4972   55.9427  9.3
 50.188 1361 Alaska-slab2-v3                                                                  207.3835   56.0042 11.0
 33.724 1362 Alaska-slab2-v3                                                                  207.2747   56.0698 12.2
 22.173 1363 Alaska-slab2-v3                                                                  207.1652   56.1355 13.1
 14.074 1364 Alaska-slab2-v3                                                                  207.0551   56.2013 13.7
  7.302 1365 Alaska-slab2-v3                                                                  206.9445   56.2670 14.2
 98.118 1383 Alaska-slab2-v3                                                                  207.3500   55.7844  7.0
 76.388 1384 Alaska-slab2-v3                                                                  207.2316   55.8425  9.0
 54.658 1385 Alaska-slab2-v3                                                                  207.1181   55.9043 10.6
 38.261 1386 Alaska-slab2-v3                                                                  207.0097   55.9699 11.9
 26.129 1387 Alaska-slab2-v3                                                                  206.9012   56.0360 12.8
 16.797 1388 Alaska-slab2-v3                                                                  206.7921   56.1021 13.5
  8.532 1389 Alaska-slab2-v3                                                                  206.6826   56.1682 14.1
 98.118 1406 Alaska-slab2-v3                                                                  207.0854   55.6821  6.9
 79.197 1407 Alaska-slab2-v3                                                                  206.9698   55.7423  8.7
 58.655 1408 Alaska-slab2-v3                                                                  206.8571   55.8047 10.2
 42.437 1409 Alaska-slab2-v3                                                                  206.7489   55.8703 11.4
 29.598 1410 Alaska-slab2-v3                                                                  206.6420   55.9370 12.3
 19.191 1411 Alaska-slab2-v3                                                                  206.5345   56.0037 13.1
  9.731 1412 Alaska-slab2-v3                                                                  206.4266   56.0704 13.8
 98.118 1429 Alaska-slab2-v3                                                                  206.8228   55.5788  6.8
 86.968 1430 Alaska-slab2-v3                                                                  206.7109   55.6415  8.3
 68.998 1431 Alaska-slab2-v3                                                                  206.5997   55.7049  9.7
 53.781 1432 Alaska-slab2-v3                                                                  206.4925   55.7709 10.9
 41.320 1433 Alaska-slab2-v3                                                                  206.3880   55.8387 11.8
 30.695 1434 Alaska-slab2-v3                                                                  206.2831   55.9065 12.6
 20.988 1435 Alaska-slab2-v3                                                                  206.1777   55.9743 13.4
 11.019 1436 Alaska-slab2-v3                                                                  206.0720   56.0420 14.1
 98.118 1452 Alaska-slab2-v3                                                                  206.5623   55.4747  6.7
 87.593 1453 Alaska-slab2-v3                                                                  206.4544   55.5398  8.0
 71.025 1454 Alaska-slab2-v3                                                                  206.3461   55.6049  9.2
 56.223 1455 Alaska-slab2-v3                                                                  206.2403   55.6716 10.3
 43.593 1456 Alaska-slab2-v3                                                                  206.1377   55.7402 11.2
 32.321 1457 Alaska-slab2-v3                                                                  206.0354   55.8091 12.1
 21.864 1458 Alaska-slab2-v3                                                                  205.9326   55.8780 12.8
 11.272 1459 Alaska-slab2-v3                                                                  205.8296   55.9468 13.6
 98.118 1475 Alaska-slab2-v3                                                                  206.3037   55.3696  6.6
 94.821 1476 Alaska-slab2-v3                                                                  206.1998   55.4370  7.7
 80.710 1477 Alaska-slab2-v3                                                                  206.0955   55.5043  8.8
 67.654 1478 Alaska-slab2-v3                                                                  205.9916   55.5720  9.8
 55.653 1479 Alaska-slab2-v3                                                                  205.8897   55.6408 10.7
 44.575 1480 Alaska-slab2-v3                                                                  205.7890   55.7103 11.5
 34.025 1481 Alaska-slab2-v3                                                                  205.6879   55.7798 12.3
 23.475 1482 Alaska-slab2-v3                                                                  205.5864   55.8492 13.1
 12.265 1483 Alaska-slab2-v3                                                                  205.4847   55.9185 13.9
 98.118 1498 Alaska-slab2-v3                                                                  206.0464   55.2637  6.5
 95.676 1499 Alaska-slab2-v3                                                                  205.9463   55.3329  7.4
 83.190 1500 Alaska-slab2-v3                                                                  205.8458   55.4021  8.3
 71.112 1501 Alaska-slab2-v3                                                                  205.7450   55.4712  9.2
 59.305 1502 Alaska-slab2-v3                                                                  205.6444   55.5406 10.1
 48.041 1503 Alaska-slab2-v3                                                                  205.5441   55.6102 10.9
 36.913 1504 Alaska-slab2-v3                                                                  205.4433   55.6797 11.7
 25.378 1505 Alaska-slab2-v3                                                                  205.3421   55.7491 12.6
 13.300 1506 Alaska-slab2-v3                                                                  205.2407   55.8184 13.5
 98.118 1521 Alaska-slab2-v3                                                                  205.7905   55.1568  6.4
 96.164 1522 Alaska-slab2-v3                                                                  205.6936   55.2276  7.2
 85.278 1523 Alaska-slab2-v3                                                                  205.5963   55.2983  7.9
 74.252 1524 Alaska-slab2-v3                                                                  205.4988   55.3689  8.7
 63.226 1525 Alaska-slab2-v3                                                                  205.4008   55.4394  9.5
 51.920 1526 Alaska-slab2-v3                                                                  205.3016   55.5095 10.3
 40.336 1527 Alaska-slab2-v3                                                                  205.2007   55.5787 11.2
 27.914 1528 Alaska-slab2-v3                                                                  205.0989   55.6477 12.1
 14.655 1529 Alaska-slab2-v3                                                                  204.9969   55.7165 13.0
 98.118 1544 Alaska-slab2-v3                                                                  205.5445   55.0436  6.3
 97.839 1545 Alaska-slab2-v3                                                                  205.4491   55.1150  7.0
 87.915 1546 Alaska-slab2-v3                                                                  205.3538   55.1864  7.8
 77.572 1547 Alaska-slab2-v3                                                                  205.2584   55.2577  8.5
 66.810 1548 Alaska-slab2-v3                                                                  205.1624   55.3289  9.3
 55.349 1549 Alaska-slab2-v3                                                                  205.0641   55.3994 10.1
 43.049 1550 Alaska-slab2-v3                                                                  204.9633   55.4688 11.0
 29.771 1551 Alaska-slab2-v3                                                                  204.8619   55.5377 11.9
 15.514 1552 Alaska-slab2-v3                                                                  204.7602   55.6064 12.9
 98.118 1567 Alaska-slab2-v3                                                                  205.3062   54.9248  6.3
 98.118 1568 Alaska-slab2-v3                                                                  205.2114   54.9964  7.0
 90.466 1569 Alaska-slab2-v3                                                                  205.1163   55.0678  7.7
 80.216 1570 Alaska-slab2-v3                                                                  205.0209   55.1392  8.5
 69.284 1571 Alaska-slab2-v3                                                                  204.9251   55.2105  9.3
 57.122 1572 Alaska-slab2-v3                                                                  204.8280   55.2811 10.2
 44.003 1573 Alaska-slab2-v3                                                                  204.7290   55.3509 11.1
 29.927 1574 Alaska-slab2-v3                                                                  204.6291   55.4202 12.2
 15.169 1575 Alaska-slab2-v3                                                                  204.5289   55.4895 13.2
 98.118 1590 Alaska-slab2-v3                                                                  205.0642   54.8092  6.4
 98.118 1591 Alaska-slab2-v3                                                                  204.9702   54.8809  7.1
 91.550 1592 Alaska-slab2-v3                                                                  204.8759   54.9526  7.8
 81.095 1593 Alaska-slab2-v3                                                                  204.7814   55.0242  8.6
 69.702 1594 Alaska-slab2-v3                                                                  204.6865   55.0957  9.4
 57.102 1595 Alaska-slab2-v3                                                                  204.5900   55.1664 10.4
 43.563 1596 Alaska-slab2-v3                                                                  204.4918   55.2363 11.4
 29.221 1597 Alaska-slab2-v3                                                                  204.3930   55.3061 12.5
 14.611 1598 Alaska-slab2-v3                                                                  204.2939   55.3757 13.6
 98.118 1613 Alaska-slab2-v3                                                                  204.8147   54.6997  6.4
 98.118 1614 Alaska-slab2-v3                                                                  204.7219   54.7718  7.2
 90.591 1615 Alaska-slab2-v3                                                                  204.6288   54.8438  8.0
 79.366 1616 Alaska-slab2-v3                                                                  204.5354   54.9157  8.9
 67.481 1617 Alaska-slab2-v3                                                                  204.4412   54.9874  9.8
 54.804 1618 Alaska-slab2-v3                                                                  204.3449   55.0581 10.7
 41.466 1619 Alaska-slab2-v3                                                                  204.2470   55.1280 11.7
 27.600 1620 Alaska-slab2-v3                                                                  204.1487   55.1978 12.8
 13.734 1621 Alaska-slab2-v3                                                                  204.0501   55.2676 13.8
 98.118 1636 Alaska-slab2-v3                                                                  204.5543   54.5999  6.5
 93.087 1637 Alaska-slab2-v3                                                                  204.4627   54.6723  7.4
 80.228 1638 Alaska-slab2-v3                                                                  204.3707   54.7446  8.3
 67.229 1639 Alaska-slab2-v3                                                                  204.2784   54.8168  9.2
 54.091 1640 Alaska-slab2-v3                                                                  204.1843   54.8883 10.2
 40.813 1641 Alaska-slab2-v3                                                                  204.0877   54.9587 11.1
 27.255 1642 Alaska-slab2-v3                                                                  203.9900   55.0287 12.1
 13.697 1643 Alaska-slab2-v3                                                                  203.8920   55.0987 13.1
 79.721 1659 Alaska-slab2-v3                                                                  204.2824   54.5112  6.5
 74.287 1660 Alaska-slab2-v3                                                                  204.1912   54.5835  7.6
 62.634 1661 Alaska-slab2-v3                                                                  204.0996   54.6557  8.6
 51.429 1662 Alaska-slab2-v3                                                                  204.0074   54.7278  9.6
 40.673 1663 Alaska-slab2-v3                                                                  203.9128   54.7990 10.6
 30.253 1664 Alaska-slab2-v3                                                                  203.8162   54.8693 11.5
 20.168 1665 Alaska-slab2-v3                                                                  203.7191   54.9396 12.4
 10.084 1666 Alaska-slab2-v3                                                                  203.6216   55.0097 13.3
 61.324 1681 Alaska-slab2-v3                                                                  204.0016   54.4321  6.6
 56.613 1682 Alaska-slab2-v3                                                                  203.9099   54.5040  7.8
 47.022 1683 Alaska-slab2-v3                                                                  203.8178   54.5758  8.9
 38.025 1684 Alaska-slab2-v3                                                                  203.7246   54.6474 10.0
 29.792 1685 Alaska-slab2-v3                                                                  203.6297   54.7183 10.9
 22.238 1686 Alaska-slab2-v3                                                                  203.5336   54.7888 11.8
 14.854 1687 Alaska-slab2-v3                                                                  203.4371   54.8593 12.7
  7.554 1688 Alaska-slab2-v3                                                                  203.3403   54.9297 13.6
 42.927 1703 Alaska-slab2-v3                                                                  203.7153   54.3603  6.6
 39.867 1704 Alaska-slab2-v3                                                                  203.6229   54.4317  7.9
 32.989 1705 Alaska-slab2-v3                                                                  203.5301   54.5031  9.1
 26.694 1706 Alaska-slab2-v3                                                                  203.4363   54.5742 10.1
 20.983 1707 Alaska-slab2-v3                                                                  203.3410   54.6449 11.1
 15.795 1708 Alaska-slab2-v3                                                                  203.2450   54.7154 12.0
 10.724 1709 Alaska-slab2-v3                                                                  203.1487   54.7859 12.9
  5.537 1710 Alaska-slab2-v3                                                                  203.0520   54.8563 13.8
 24.530 1724 Alaska-slab2-v3                                                                  203.4260   54.2934  6.7
 21.280 1725 Alaska-slab2-v3                                                                  203.3330   54.3645  7.9
 17.017 1726 Alaska-slab2-v3                                                                  203.2397   54.4355  9.2
 13.173 1727 Alaska-slab2-v3                                                                  203.1452   54.5063 10.3
  9.749 1728 Alaska-slab2-v3                                                                  203.0494   54.5766 11.2
  6.534 1729 Alaska-slab2-v3                                                                  202.9530   54.6469 12.2
  3.389 1730 Alaska-slab2-v3                                                                  202.8563   54.7171 13.1
 24.530 1744 Alaska-slab2-v3                                                                  203.1346   54.2305  6.7
 21.721 1745 Alaska-slab2-v3                                                                  203.0409   54.3010  8.0
 17.465 1746 Alaska-slab2-v3                                                                  202.9467   54.3715  9.3
 13.652 1747 Alaska-slab2-v3                                                                  202.8513   54.4418 10.4
 10.248 1748 Alaska-slab2-v3                                                                  202.7548   54.5117 11.4
  7.047 1749 Alaska-slab2-v3                                                                  202.6578   54.5816 12.3
  3.711 1750 Alaska-slab2-v3                                                                  202.5605   54.6514 13.3
 24.530 1764 Alaska-slab2-v3                                                                  202.8416   54.1708  6.7
 22.389 1765 Alaska-slab2-v3                                                                  202.7468   54.2407  8.1
 18.109 1766 Alaska-slab2-v3                                                                  202.6515   54.3106  9.4
 14.323 1767 Alaska-slab2-v3                                                                  202.5552   54.3803 10.6
 10.898 1768 Alaska-slab2-v3                                                                  202.4578   54.4497 11.6
  7.606 1769 Alaska-slab2-v3                                                                  202.3600   54.5191 12.6
  4.050 1770 Alaska-slab2-v3                                                                  202.2619   54.5883 13.7
 24.530 1783 Alaska-slab2-v3                                                                  202.5474   54.1138  6.7
 20.642 1784 Alaska-slab2-v3                                                                  202.4519   54.1833  8.1
 16.004 1785 Alaska-slab2-v3                                                                  202.3560   54.2528  9.5
 11.785 1786 Alaska-slab2-v3                                                                  202.2587   54.3219 10.7
  7.950 1787 Alaska-slab2-v3                                                                  202.1601   54.3906 11.8
  4.114 1788 Alaska-slab2-v3                                                                  202.0612   54.4592 12.9
 24.530 1802 Alaska-slab2-v3                                                                  202.2527   54.0590  6.7
 21.263 1803 Alaska-slab2-v3                                                                  202.1571   54.1283  8.2
 16.637 1804 Alaska-slab2-v3                                                                  202.0608   54.1975  9.5
 12.384 1805 Alaska-slab2-v3                                                                  201.9626   54.2661 10.8
  8.403 1806 Alaska-slab2-v3                                                                  201.8628   54.3340 11.9
  4.355 1807 Alaska-slab2-v3                                                                  201.7627   54.4018 13.1
 24.530 1820 Alaska-slab2-v3                                                                  201.9577   54.0054  6.8
 21.678 1821 Alaska-slab2-v3                                                                  201.8617   54.0745  8.2
 17.076 1822 Alaska-slab2-v3                                                                  201.7650   54.1434  9.6
 12.807 1823 Alaska-slab2-v3                                                                  201.6662   54.2115 10.9
  8.738 1824 Alaska-slab2-v3                                                                  201.5657   54.2789 12.1
  4.602 1825 Alaska-slab2-v3                                                                  201.4649   54.3462 13.3
 24.493 1838 Alaska-slab2-v3                                                                  201.6623   53.9521  6.8
 18.922 1839 Alaska-slab2-v3                                                                  201.5647   54.0202  8.3
 13.748 1840 Alaska-slab2-v3                                                                  201.4665   54.0882  9.8
  9.081 1841 Alaska-slab2-v3                                                                  201.3671   54.1560 11.1
  4.631 1842 Alaska-slab2-v3                                                                  201.2668   54.2234 12.3
 24.530 1855 Alaska-slab2-v3                                                                  201.3664   53.8981  6.9
 18.934 1856 Alaska-slab2-v3                                                                  201.2655   53.9641  8.6
 13.585 1857 Alaska-slab2-v3                                                                  201.1650   54.0308 10.1
  8.974 1858 Alaska-slab2-v3                                                                  201.0653   54.0982 11.4
  4.645 1859 Alaska-slab2-v3                                                                  200.9656   54.1659 12.6
 24.530 1872 Alaska-slab2-v3                                                                  201.0706   53.8428  7.0
 18.939 1873 Alaska-slab2-v3                                                                  200.9652   53.9058  8.9
 13.417 1874 Alaska-slab2-v3                                                                  200.8627   53.9709 10.5
  8.843 1875 Alaska-slab2-v3                                                                  200.7636   54.0385 11.9
  4.608 1876 Alaska-slab2-v3                                                                  200.6643   54.1064 13.1
 23.377 1889 Alaska-slab2-v3                                                                  200.7756   53.7862  7.1
 15.813 1890 Alaska-slab2-v3                                                                  200.6664   53.8460  9.2
  9.545 1891 Alaska-slab2-v3                                                                  200.5628   53.9102 11.0
  4.539 1892 Alaska-slab2-v3                                                                  200.4644   53.9780 12.4
 23.669 1906 Alaska-slab2-v3                                                                  200.4822   53.7288  7.2
 15.698 1907 Alaska-slab2-v3                                                                  200.3709   53.7866  9.5
  9.341 1908 Alaska-slab2-v3                                                                  200.2675   53.8503 11.3
  4.425 1909 Alaska-slab2-v3                                                                  200.1695   53.9183 12.7
 23.658 1923 Alaska-slab2-v3                                                                  200.1907   53.6713  7.3
 15.470 1924 Alaska-slab2-v3                                                                  200.0792   53.7284  9.6
  9.094 1925 Alaska-slab2-v3                                                                  199.9768   53.7924 11.5
  4.286 1926 Alaska-slab2-v3                                                                  199.8801   53.8610 12.9
 23.478 1940 Alaska-slab2-v3                                                                  199.9012   53.6142  7.3
 15.243 1941 Alaska-slab2-v3                                                                  199.7909   53.6720  9.6
  8.866 1942 Alaska-slab2-v3                                                                  199.6904   53.7369 11.5
  4.170 1943 Alaska-slab2-v3                                                                  199.5958   53.8066 12.8
