 42.794 2849 Alaska-slab2-v3                                                                  182.1201   50.4400  8.5
 41.815 2863 Alaska-slab2-v3                                                                  181.8380   50.4414  8.3
 41.369 2877 Alaska-slab2-v3                                                                  181.5553   50.4465  8.2
 41.815 2891 Alaska-slab2-v3                                                                  181.2723   50.4553  8.3
166.975 3350 Alaska-slab2-v3                                                                  170.8230   52.6053  8.5
133.721 3364 Alaska-slab2-v3                                                                  170.5766   52.7064  8.4
101.639 3378 Alaska-slab2-v3                                                                  170.3296   52.8082  8.3
 70.411 3393 Alaska-slab2-v3                                                                  170.0819   52.9101  8.1
 32.809 3427 Alaska-slab2-v3                                                                  169.4050   53.3152  8.8
 32.160 3436 Alaska-slab2-v3                                                                  169.1410   53.4303  8.7
 31.621 3445 Alaska-slab2-v3                                                                  168.8772   53.5452  8.6
 30.185 3454 Alaska-slab2-v3                                                                  168.6148   53.6597  8.4
 28.594 3463 Alaska-slab2-v3                                                                  168.3536   53.7742  8.2
 49.539 3473 Alaska-slab2-v3                                                                  168.0922   53.8895  8.1
 25.058 3474 Alaska-slab2-v3                                                                  168.1790   53.9633  8.9
 48.154 3483 Alaska-slab2-v3                                                                  167.8302   54.0058  8.1
 24.077 3484 Alaska-slab2-v3                                                                  167.9147   54.0806  8.9
 48.874 3494 Alaska-slab2-v3                                                                  167.5675   54.1229  8.1
 24.582 3495 Alaska-slab2-v3                                                                  167.6494   54.1988  8.9
 49.878 3505 Alaska-slab2-v3                                                                  167.3044   54.2406  8.1
 25.372 3506 Alaska-slab2-v3                                                                  167.3837   54.3175  8.9
 50.013 3517 Alaska-slab2-v3                                                                  167.0410   54.3585  8.1
 25.294 3518 Alaska-slab2-v3                                                                  167.1176   54.4364  9.0
 39.796 3529 Alaska-slab2-v3                                                                  166.7761   54.4767  8.2
 19.784 3530 Alaska-slab2-v3                                                                  166.8495   54.5557  9.1
 16.861 3541 Alaska-slab2-v3                                                                  166.5086   54.5954  8.4
 11.933 3553 Alaska-slab2-v3                                                                  166.2376   54.7142  8.8
  7.779 3564 Alaska-slab2-v3                                                                  165.9035   54.7504  8.1
