 94.100 1957 Alaska-slab2-v3                                                                  199.6135   53.5574  7.3
 61.201 1958 Alaska-slab2-v3                                                                  199.5056   53.6169  9.6
 35.485 1959 Alaska-slab2-v3                                                                  199.4072   53.6831 11.3
 16.665 1960 Alaska-slab2-v3                                                                  199.3153   53.7539 12.6
 99.200 1974 Alaska-slab2-v3                                                                  199.3270   53.5006  7.2
 72.997 1975 Alaska-slab2-v3                                                                  199.2223   53.5625  9.4
 49.734 1976 Alaska-slab2-v3                                                                  199.1261   53.6299 11.1
 32.086 1977 Alaska-slab2-v3                                                                  199.0365   53.7018 12.4
 16.845 1978 Alaska-slab2-v3                                                                  198.9464   53.7737 13.6
 99.200 1991 Alaska-slab2-v3                                                                  199.0414   53.4436  7.1
 73.789 1992 Alaska-slab2-v3                                                                  198.9403   53.5080  9.2
 50.687 1993 Alaska-slab2-v3                                                                  198.8460   53.5765 10.9
 32.614 1994 Alaska-slab2-v3                                                                  198.7579   53.6489 12.2
 16.715 1995 Alaska-slab2-v3                                                                  198.6694   53.7215 13.4
 99.200 2007 Alaska-slab2-v3                                                                  198.7560   53.3861  7.0
 75.359 2008 Alaska-slab2-v3                                                                  198.6587   53.4528  9.0
 52.615 2009 Alaska-slab2-v3                                                                  198.5659   53.5222 10.6
 33.980 2010 Alaska-slab2-v3                                                                  198.4779   53.5946 12.0
 17.264 2011 Alaska-slab2-v3                                                                  198.3898   53.6672 13.2
 99.200 2023 Alaska-slab2-v3                                                                  198.4700   53.3279  7.0
 77.042 2024 Alaska-slab2-v3                                                                  198.3749   53.3958  8.9
 54.543 2025 Alaska-slab2-v3                                                                  198.2830   53.4657 10.6
 35.726 2026 Alaska-slab2-v3                                                                  198.1946   53.5378 11.9
 18.408 2027 Alaska-slab2-v3                                                                  198.1064   53.6102 13.2
173.601 2039 Alaska-slab2-v3                                                                  198.1828   53.2689  7.1
136.359 2040 Alaska-slab2-v3                                                                  198.0871   53.3362  9.0
 97.132 2041 Alaska-slab2-v3                                                                  197.9952   53.4060 10.7
 64.444 2042 Alaska-slab2-v3                                                                  197.9073   53.4782 12.1
 33.856 2043 Alaska-slab2-v3                                                                  197.8192   53.5506 13.4
238.552 2055 Alaska-slab2-v3                                                                  197.8943   53.2088  7.2
159.035 2056 Alaska-slab2-v3                                                                  197.7964   53.2740  9.4
 95.920 2057 Alaska-slab2-v3                                                                  197.7048   53.3436 11.2
 46.712 2058 Alaska-slab2-v3                                                                  197.6178   53.4162 12.6
313.127 2070 Alaska-slab2-v3                                                                  197.6050   53.1470  7.5
196.974 2071 Alaska-slab2-v3                                                                  197.5054   53.2094 10.1
114.828 2072 Alaska-slab2-v3                                                                  197.4159   53.2794 12.0
 56.531 2073 Alaska-slab2-v3                                                                  197.3297   53.3524 13.3
349.321 2085 Alaska-slab2-v3                                                                  197.3160   53.0831  7.9
174.095 2086 Alaska-slab2-v3                                                                  197.2162   53.1421 11.0
 66.134 2087 Alaska-slab2-v3                                                                  197.1304   53.2137 12.9
345.874 2100 Alaska-slab2-v3                                                                  197.0307   53.0183  8.2
154.145 2101 Alaska-slab2-v3                                                                  196.9324   53.0739 11.7
 52.290 2102 Alaska-slab2-v3                                                                  196.8491   53.1466 13.6
338.512 2115 Alaska-slab2-v3                                                                  196.7498   52.9534  8.5
131.554 2116 Alaska-slab2-v3                                                                  196.6541   53.0059 12.4
 36.899 2117 Alaska-slab2-v3                                                                  196.5720   53.0791 14.1
331.243 2130 Alaska-slab2-v3                                                                  196.4706   52.8875  8.7
113.599 2131 Alaska-slab2-v3                                                                  196.3781   52.9384 12.8
 23.888 2132 Alaska-slab2-v3                                                                  196.2978   53.0122 14.5
327.183 2145 Alaska-slab2-v3                                                                  196.1928   52.8211  8.8
104.296 2146 Alaska-slab2-v3                                                                  196.1029   52.8721 13.0
 16.412 2147 Alaska-slab2-v3                                                                  196.0243   52.9465 14.7
