 10.908 2701 Alaska-slab2-v3                                                                  184.9321   50.6085  9.4
 11.061 2716 Alaska-slab2-v3                                                                  184.6522   50.5808  9.4
 11.205 2731 Alaska-slab2-v3                                                                  184.3720   50.5546  9.4
 11.271 2746 Alaska-slab2-v3                                                                  184.0914   50.5302  9.3
 11.256 2761 Alaska-slab2-v3                                                                  183.8105   50.5081  9.3
 11.237 2776 Alaska-slab2-v3                                                                  183.5292   50.4885  9.2
 11.308 2791 Alaska-slab2-v3                                                                  183.2476   50.4719  9.2
 11.494 2806 Alaska-slab2-v3                                                                  182.9656   50.4585  9.1
 11.787 2821 Alaska-slab2-v3                                                                  182.6836   50.4486  8.9
 12.145 2835 Alaska-slab2-v3                                                                  182.4019   50.4425  8.7
 12.510 2849 Alaska-slab2-v3                                                                  182.1201   50.4400  8.5
  9.857 2850 Alaska-slab2-v3                                                                  182.1156   50.5291 10.0
 12.790 2863 Alaska-slab2-v3                                                                  181.8380   50.4414  8.3
 10.257 2864 Alaska-slab2-v3                                                                  181.8349   50.5305  9.7
 13.015 2877 Alaska-slab2-v3                                                                  181.5553   50.4465  8.2
 10.552 2878 Alaska-slab2-v3                                                                  181.5532   50.5356  9.6
 13.174 2891 Alaska-slab2-v3                                                                  181.2723   50.4553  8.3
 10.707 2892 Alaska-slab2-v3                                                                  181.2705   50.5445  9.7
 13.281 2904 Alaska-slab2-v3                                                                  180.9893   50.4677  8.5
 11.348 2917 Alaska-slab2-v3                                                                  180.7065   50.4827  8.8
 11.319 2930 Alaska-slab2-v3                                                                  180.4238   50.4994  9.1
 11.301 2942 Alaska-slab2-v3                                                                  180.1413   50.5169  9.3
 11.245 2954 Alaska-slab2-v3                                                                  179.8595   50.5313  9.4
 11.087 2966 Alaska-slab2-v3                                                                  179.5790   50.5430  9.6
 11.038 2978 Alaska-slab2-v3                                                                  179.2990   50.5579  9.7
 11.074 2990 Alaska-slab2-v3                                                                  179.0199   50.5780  9.7
 11.189 3002 Alaska-slab2-v3                                                                  178.7420   50.6040  9.8
 11.347 3014 Alaska-slab2-v3                                                                  178.4654   50.6353  9.8
 11.519 3025 Alaska-slab2-v3                                                                  178.1902   50.6710  9.8
 11.703 3036 Alaska-slab2-v3                                                                  177.9160   50.7103  9.7
 11.858 3047 Alaska-slab2-v3                                                                  177.6429   50.7524  9.6
  9.735 3058 Alaska-slab2-v3                                                                  177.3704   50.7972  9.4
  7.532 3069 Alaska-slab2-v3                                                                  177.0983   50.8445  9.2
  5.274 3080 Alaska-slab2-v3                                                                  176.8266   50.8941  9.1
  3.008 3091 Alaska-slab2-v3                                                                  176.5551   50.9460  9.0
  3.009 3103 Alaska-slab2-v3                                                                  176.2839   50.9998  9.0
  3.029 3114 Alaska-slab2-v3                                                                  176.0134   51.0555  9.0
  3.056 3125 Alaska-slab2-v3                                                                  175.7436   51.1130  9.1
  3.091 3136 Alaska-slab2-v3                                                                  175.4744   51.1720  9.1
  3.108 3147 Alaska-slab2-v3                                                                  175.2060   51.2325  9.2
  2.465 3158 Alaska-slab2-v3                                                                  174.9384   51.2945  9.3
  2.431 3169 Alaska-slab2-v3                                                                  174.6719   51.3578  9.4
  2.399 3180 Alaska-slab2-v3                                                                  174.4062   51.4227  9.6
  2.374 3191 Alaska-slab2-v3                                                                  174.1411   51.4893  9.6
  2.355 3202 Alaska-slab2-v3                                                                  173.8768   51.5579  9.7
  2.928 3213 Alaska-slab2-v3                                                                  173.6131   51.6288  9.6
  2.893 3224 Alaska-slab2-v3                                                                  173.3505   51.7024  9.6
  2.847 3235 Alaska-slab2-v3                                                                  173.0895   51.7788  9.5
  2.803 3247 Alaska-slab2-v3                                                                  172.8302   51.8584  9.4
  2.774 3259 Alaska-slab2-v3                                                                  172.5730   51.9417  9.3
  2.771 3271 Alaska-slab2-v3                                                                  172.3179   52.0289  9.1
  2.780 3284 Alaska-slab2-v3                                                                  172.0646   52.1197  8.9
  3.283 3297 Alaska-slab2-v3                                                                  171.8132   52.2133  8.7
  3.228 3310 Alaska-slab2-v3                                                                  171.5637   52.3090  8.6
  3.150 3323 Alaska-slab2-v3                                                                  171.3160   52.4064  8.6
  3.073 3336 Alaska-slab2-v3                                                                  171.0693   52.5052  8.5
  3.021 3350 Alaska-slab2-v3                                                                  170.8230   52.6053  8.5
  2.358 3351 Alaska-slab2-v3                                                                  170.9229   52.6706 10.0
  3.424 3364 Alaska-slab2-v3                                                                  170.5766   52.7064  8.4
  2.846 3365 Alaska-slab2-v3                                                                  170.6783   52.7708  9.8
  3.424 3378 Alaska-slab2-v3                                                                  170.3296   52.8082  8.3
  2.866 3379 Alaska-slab2-v3                                                                  170.4332   52.8718  9.7
  3.424 3393 Alaska-slab2-v3                                                                  170.0819   52.9101  8.1
  2.914 3394 Alaska-slab2-v3                                                                  170.1869   52.9731  9.5
  3.005 3409 Alaska-slab2-v3                                                                  169.9321   53.0825  9.3
  3.074 3418 Alaska-slab2-v3                                                                  169.6686   53.1994  9.0
  3.086 3427 Alaska-slab2-v3                                                                  169.4050   53.3152  8.8
  2.592 3428 Alaska-slab2-v3                                                                  169.4998   53.3843 10.0
  3.047 3436 Alaska-slab2-v3                                                                  169.1410   53.4303  8.7
  2.560 3437 Alaska-slab2-v3                                                                  169.2331   53.5010  9.9
  2.995 3445 Alaska-slab2-v3                                                                  168.8772   53.5452  8.6
  2.510 3446 Alaska-slab2-v3                                                                  168.9678   53.6168  9.7
  3.372 3454 Alaska-slab2-v3                                                                  168.6148   53.6597  8.4
  2.957 3455 Alaska-slab2-v3                                                                  168.7047   53.7319  9.4
  3.239 3463 Alaska-slab2-v3                                                                  168.3536   53.7742  8.2
  2.833 3464 Alaska-slab2-v3                                                                  168.4421   53.8471  9.1
  3.424 3473 Alaska-slab2-v3                                                                  168.0922   53.8895  8.1
  3.149 3474 Alaska-slab2-v3                                                                  168.1790   53.9633  8.9
  2.790 3475 Alaska-slab2-v3                                                                  168.2618   54.0384  9.8
  3.353 3483 Alaska-slab2-v3                                                                  167.8302   54.0058  8.1
  2.994 3484 Alaska-slab2-v3                                                                  167.9147   54.0806  8.9
  2.636 3485 Alaska-slab2-v3                                                                  167.9964   54.1563  9.8
  3.290 3494 Alaska-slab2-v3                                                                  167.5675   54.1229  8.1
  2.920 3495 Alaska-slab2-v3                                                                  167.6494   54.1988  8.9
  2.547 3496 Alaska-slab2-v3                                                                  167.7277   54.2757  9.8
  3.267 3505 Alaska-slab2-v3                                                                  167.3044   54.2406  8.1
  2.890 3506 Alaska-slab2-v3                                                                  167.3837   54.3175  8.9
  2.500 3507 Alaska-slab2-v3                                                                  167.4581   54.3956  9.8
  3.424 3517 Alaska-slab2-v3                                                                  167.0410   54.3585  8.1
  3.178 3518 Alaska-slab2-v3                                                                  167.1176   54.4364  9.0
  2.818 3519 Alaska-slab2-v3                                                                  167.1884   54.5156  9.8
  2.739 3529 Alaska-slab2-v3                                                                  166.7761   54.4767  8.2
  2.456 3530 Alaska-slab2-v3                                                                  166.8495   54.5557  9.1
  2.167 3531 Alaska-slab2-v3                                                                  166.9145   54.6365  9.9
  2.005 3541 Alaska-slab2-v3                                                                  166.5086   54.5954  8.4
  1.772 3542 Alaska-slab2-v3                                                                  166.5778   54.6756  9.4
  1.303 3553 Alaska-slab2-v3                                                                  166.2376   54.7142  8.8
  1.133 3554 Alaska-slab2-v3                                                                  166.2954   54.7968  9.9
  0.685 3564 Alaska-slab2-v3                                                                  165.9035   54.7504  8.1
  0.583 3565 Alaska-slab2-v3                                                                  165.9582   54.8337  9.4
