  2.498 1764 Alaska-slab2-v3                                                                  202.8416   54.1708  6.7
  2.498 1765 Alaska-slab2-v3                                                                  202.7468   54.2407  8.1
  2.400 1766 Alaska-slab2-v3                                                                  202.6515   54.3106  9.4
  2.083 1767 Alaska-slab2-v3                                                                  202.5552   54.3803 10.6
  1.795 1768 Alaska-slab2-v3                                                                  202.4578   54.4497 11.6
  1.519 1769 Alaska-slab2-v3                                                                  202.3600   54.5191 12.6
  1.221 1770 Alaska-slab2-v3                                                                  202.2619   54.5883 13.7
  0.881 1771 Alaska-slab2-v3                                                                  202.1648   54.6578 14.9
  3.569 1783 Alaska-slab2-v3                                                                  202.5474   54.1138  6.7
  3.569 1784 Alaska-slab2-v3                                                                  202.4519   54.1833  8.1
  3.544 1785 Alaska-slab2-v3                                                                  202.3560   54.2528  9.5
  3.086 1786 Alaska-slab2-v3                                                                  202.2587   54.3219 10.7
  2.669 1787 Alaska-slab2-v3                                                                  202.1601   54.3906 11.8
  2.252 1788 Alaska-slab2-v3                                                                  202.0612   54.4592 12.9
  1.804 1789 Alaska-slab2-v3                                                                  201.9621   54.5277 14.1
  4.640 1802 Alaska-slab2-v3                                                                  202.2527   54.0590  6.7
  4.640 1803 Alaska-slab2-v3                                                                  202.1571   54.1283  8.2
  4.640 1804 Alaska-slab2-v3                                                                  202.0608   54.1975  9.5
  4.134 1805 Alaska-slab2-v3                                                                  201.9626   54.2661 10.8
  3.575 1806 Alaska-slab2-v3                                                                  201.8628   54.3340 11.9
  3.007 1807 Alaska-slab2-v3                                                                  201.7627   54.4018 13.1
  2.396 1808 Alaska-slab2-v3                                                                  201.6629   54.4697 14.4
  5.711 1820 Alaska-slab2-v3                                                                  201.9577   54.0054  6.8
  5.711 1821 Alaska-slab2-v3                                                                  201.8617   54.0745  8.2
  5.370 1822 Alaska-slab2-v3                                                                  201.7650   54.1434  9.6
  4.562 1823 Alaska-slab2-v3                                                                  201.6662   54.2115 10.9
  3.792 1824 Alaska-slab2-v3                                                                  201.5657   54.2789 12.1
  3.010 1825 Alaska-slab2-v3                                                                  201.4649   54.3462 13.3
  2.139 1826 Alaska-slab2-v3                                                                  201.3653   54.4140 14.7
  5.711 1838 Alaska-slab2-v3                                                                  201.6623   53.9521  6.8
  5.711 1839 Alaska-slab2-v3                                                                  201.5647   54.0202  8.3
  5.479 1840 Alaska-slab2-v3                                                                  201.4665   54.0882  9.8
  4.694 1841 Alaska-slab2-v3                                                                  201.3671   54.1560 11.1
  3.945 1842 Alaska-slab2-v3                                                                  201.2668   54.2234 12.3
  3.166 1843 Alaska-slab2-v3                                                                  201.1661   54.2907 13.6
  5.711 1855 Alaska-slab2-v3                                                                  201.3664   53.8981  6.9
  5.711 1856 Alaska-slab2-v3                                                                  201.2655   53.9641  8.6
  5.526 1857 Alaska-slab2-v3                                                                  201.1650   54.0308 10.1
  4.760 1858 Alaska-slab2-v3                                                                  201.0653   54.0982 11.4
  4.041 1859 Alaska-slab2-v3                                                                  200.9656   54.1659 12.6
  3.269 1860 Alaska-slab2-v3                                                                  200.8656   54.2334 13.9
  5.711 1872 Alaska-slab2-v3                                                                  201.0706   53.8428  7.0
  5.711 1873 Alaska-slab2-v3                                                                  200.9652   53.9058  8.9
  4.779 1874 Alaska-slab2-v3                                                                  200.8627   53.9709 10.5
  3.927 1875 Alaska-slab2-v3                                                                  200.7636   54.0385 11.9
  3.138 1876 Alaska-slab2-v3                                                                  200.6643   54.1064 13.1
  2.279 1877 Alaska-slab2-v3                                                                  200.5657   54.1744 14.5
  5.711 1889 Alaska-slab2-v3                                                                  200.7756   53.7862  7.1
  5.711 1890 Alaska-slab2-v3                                                                  200.6664   53.8460  9.2
  4.721 1891 Alaska-slab2-v3                                                                  200.5628   53.9102 11.0
  3.872 1892 Alaska-slab2-v3                                                                  200.4644   53.9780 12.4
  3.103 1893 Alaska-slab2-v3                                                                  200.3654   54.0459 13.6
  4.640 1906 Alaska-slab2-v3                                                                  200.4822   53.7288  7.2
  4.640 1907 Alaska-slab2-v3                                                                  200.3709   53.7866  9.5
  3.779 1908 Alaska-slab2-v3                                                                  200.2675   53.8503 11.3
  3.098 1909 Alaska-slab2-v3                                                                  200.1695   53.9183 12.7
  2.485 1910 Alaska-slab2-v3                                                                  200.0710   53.9863 14.0
  3.569 1923 Alaska-slab2-v3                                                                  200.1907   53.6713  7.3
  3.554 1924 Alaska-slab2-v3                                                                  200.0792   53.7284  9.6
  2.874 1925 Alaska-slab2-v3                                                                  199.9768   53.7924 11.5
  2.361 1926 Alaska-slab2-v3                                                                  199.8801   53.8610 12.9
  1.904 1927 Alaska-slab2-v3                                                                  199.7829   53.9297 14.1
  2.498 1940 Alaska-slab2-v3                                                                  199.9012   53.6142  7.3
  2.470 1941 Alaska-slab2-v3                                                                  199.7909   53.6720  9.6
  1.993 1942 Alaska-slab2-v3                                                                  199.6904   53.7369 11.5
  1.642 1943 Alaska-slab2-v3                                                                  199.5958   53.8066 12.8
  1.330 1944 Alaska-slab2-v3                                                                  199.5008   53.8763 14.0
