  1.793 2160 Alaska-slab2-v3                                                                  195.9164   52.7538  8.8
  1.644 2161 Alaska-slab2-v3                                                                  195.8277   52.8066 13.0
  1.395 2162 Alaska-slab2-v3                                                                  195.7503   52.8815 14.6
  1.346 2163 Alaska-slab2-v3                                                                  195.6716   52.9580 15.0
  1.222 2164 Alaska-slab2-v3                                                                  195.5985   53.0359 15.8
  0.945 2165 Alaska-slab2-v3                                                                  195.5310   53.1146 17.7
  0.609 2166 Alaska-slab2-v3                                                                  195.4640   53.1926 19.9
  0.292 2167 Alaska-slab2-v3                                                                  195.3973   53.2711 22.0
  1.793 2175 Alaska-slab2-v3                                                                  195.6419   52.6846  8.7
  1.683 2176 Alaska-slab2-v3                                                                  195.5535   52.7408 12.7
  1.427 2177 Alaska-slab2-v3                                                                  195.4769   52.8160 14.4
  1.347 2178 Alaska-slab2-v3                                                                  195.3993   52.8928 14.9
  1.206 2179 Alaska-slab2-v3                                                                  195.3277   52.9711 15.9
  0.932 2180 Alaska-slab2-v3                                                                  195.2615   53.0502 17.7
  0.605 2181 Alaska-slab2-v3                                                                  195.1957   53.1287 19.9
  0.293 2182 Alaska-slab2-v3                                                                  195.1300   53.2075 22.0
  1.793 2190 Alaska-slab2-v3                                                                  195.3701   52.6129  8.4
  1.742 2191 Alaska-slab2-v3                                                                  195.2821   52.6730 12.2
  1.468 2192 Alaska-slab2-v3                                                                  195.2065   52.7485 14.0
  1.349 2193 Alaska-slab2-v3                                                                  195.1300   52.8254 14.8
  1.185 2194 Alaska-slab2-v3                                                                  195.0595   52.9040 15.9
  0.915 2195 Alaska-slab2-v3                                                                  194.9946   52.9835 17.7
  0.600 2196 Alaska-slab2-v3                                                                  194.9299   53.0626 19.8
  0.295 2197 Alaska-slab2-v3                                                                  194.8651   53.1418 21.8
  1.793 2205 Alaska-slab2-v3                                                                  195.1009   52.5389  8.2
  1.793 2206 Alaska-slab2-v3                                                                  195.0141   52.6025 11.6
  1.513 2207 Alaska-slab2-v3                                                                  194.9402   52.6785 13.5
  1.358 2208 Alaska-slab2-v3                                                                  194.8651   52.7557 14.6
  1.178 2209 Alaska-slab2-v3                                                                  194.7952   52.8344 15.7
  0.911 2210 Alaska-slab2-v3                                                                  194.7309   52.9142 17.5
  0.602 2211 Alaska-slab2-v3                                                                  194.6671   52.9936 19.5
  0.297 2212 Alaska-slab2-v3                                                                  194.6032   53.0731 21.5
  1.793 2221 Alaska-slab2-v3                                                                  194.7491   52.5299 11.1
  1.557 2222 Alaska-slab2-v3                                                                  194.6767   52.6063 13.1
  1.379 2223 Alaska-slab2-v3                                                                  194.6038   52.6841 14.2
  1.194 2224 Alaska-slab2-v3                                                                  194.5343   52.7630 15.4
  0.933 2225 Alaska-slab2-v3                                                                  194.4699   52.8428 17.1
  0.623 2226 Alaska-slab2-v3                                                                  194.4069   52.9224 19.1
  0.307 2227 Alaska-slab2-v3                                                                  194.3436   53.0020 21.1
  1.793 2236 Alaska-slab2-v3                                                                  194.4852   52.4562 10.8
  1.591 2237 Alaska-slab2-v3                                                                  194.4138   52.5328 12.7
  1.404 2238 Alaska-slab2-v3                                                                  194.3434   52.6114 13.9
  1.221 2239 Alaska-slab2-v3                                                                  194.2746   52.6905 15.0
  0.969 2240 Alaska-slab2-v3                                                                  194.2100   52.7703 16.6
  0.658 2241 Alaska-slab2-v3                                                                  194.1478   52.8502 18.6
  0.327 2242 Alaska-slab2-v3                                                                  194.0852   52.9298 20.7
  1.793 2251 Alaska-slab2-v3                                                                  194.2199   52.3821 10.5
  1.608 2252 Alaska-slab2-v3                                                                  194.1497   52.4592 12.4
  1.417 2253 Alaska-slab2-v3                                                                  194.0814   52.5384 13.6
  1.242 2254 Alaska-slab2-v3                                                                  194.0136   52.6179 14.7
  1.005 2255 Alaska-slab2-v3                                                                  193.9493   52.6979 16.2
  0.694 2256 Alaska-slab2-v3                                                                  193.8879   52.7780 18.2
  0.352 2257 Alaska-slab2-v3                                                                  193.8262   52.8577 20.3
  1.793 2266 Alaska-slab2-v3                                                                  193.9525   52.3094 10.4
  1.611 2267 Alaska-slab2-v3                                                                  193.8835   52.3869 12.3
  1.422 2268 Alaska-slab2-v3                                                                  193.8169   52.4665 13.5
  1.254 2269 Alaska-slab2-v3                                                                  193.7501   52.5464 14.6
  1.026 2270 Alaska-slab2-v3                                                                  193.6866   52.6267 16.0
  0.722 2271 Alaska-slab2-v3                                                                  193.6262   52.7072 17.9
  0.370 2272 Alaska-slab2-v3                                                                  193.5655   52.7871 20.1
  1.793 2280 Alaska-slab2-v3                                                                  193.6826   52.2395 10.4
  1.610 2281 Alaska-slab2-v3                                                                  193.6149   52.3174 12.3
  1.423 2282 Alaska-slab2-v3                                                                  193.5495   52.3974 13.5
  1.260 2283 Alaska-slab2-v3                                                                  193.4838   52.4776 14.5
  1.038 2284 Alaska-slab2-v3                                                                  193.4213   52.5583 15.9
  0.735 2285 Alaska-slab2-v3                                                                  193.3621   52.6391 17.8
  0.380 2286 Alaska-slab2-v3                                                                  193.3026   52.7192 20.0
  1.793 2294 Alaska-slab2-v3                                                                  193.4102   52.1732 10.5
  1.605 2295 Alaska-slab2-v3                                                                  193.3439   52.2515 12.4
  1.422 2296 Alaska-slab2-v3                                                                  193.2795   52.3318 13.5
  1.262 2297 Alaska-slab2-v3                                                                  193.2149   52.4124 14.5
  1.039 2298 Alaska-slab2-v3                                                                  193.1537   52.4933 15.9
  0.736 2299 Alaska-slab2-v3                                                                  193.0957   52.5744 17.8
  0.382 2300 Alaska-slab2-v3                                                                  193.0373   52.6548 20.0
  1.793 2308 Alaska-slab2-v3                                                                  193.1360   52.1104 10.6
  1.606 2309 Alaska-slab2-v3                                                                  193.0709   52.1890 12.4
  1.424 2310 Alaska-slab2-v3                                                                  193.0074   52.2696 13.6
  1.260 2311 Alaska-slab2-v3                                                                  192.9440   52.3504 14.6
  1.034 2312 Alaska-slab2-v3                                                                  192.8841   52.4317 16.0
  0.727 2313 Alaska-slab2-v3                                                                  192.8274   52.5130 18.0
  0.377 2314 Alaska-slab2-v3                                                                  192.7702   52.5937 20.2
  1.793 2322 Alaska-slab2-v3                                                                  192.8611   52.0507 10.5
  1.616 2323 Alaska-slab2-v3                                                                  192.7969   52.1296 12.4
  1.432 2324 Alaska-slab2-v3                                                                  192.7344   52.2105 13.6
  1.262 2325 Alaska-slab2-v3                                                                  192.6722   52.2915 14.6
  1.027 2326 Alaska-slab2-v3                                                                  192.6135   52.3730 16.1
  0.714 2327 Alaska-slab2-v3                                                                  192.5579   52.4546 18.1
  0.368 2328 Alaska-slab2-v3                                                                  192.5018   52.5356 20.3
  1.793 2336 Alaska-slab2-v3                                                                  192.5868   51.9938 10.3
  1.649 2337 Alaska-slab2-v3                                                                  192.5234   52.0730 12.2
  1.458 2338 Alaska-slab2-v3                                                                  192.4622   52.1542 13.4
  1.281 2339 Alaska-slab2-v3                                                                  192.4010   52.2355 14.5
  1.040 2340 Alaska-slab2-v3                                                                  192.3430   52.3171 16.0
  0.722 2341 Alaska-slab2-v3                                                                  192.2883   52.3988 18.0
  0.369 2342 Alaska-slab2-v3                                                                  192.2330   52.4799 20.2
  1.793 2350 Alaska-slab2-v3                                                                  192.3141   51.9389 10.0
  1.700 2351 Alaska-slab2-v3                                                                  192.2517   52.0185 11.8
  1.502 2352 Alaska-slab2-v3                                                                  192.1922   52.1001 13.0
  1.320 2353 Alaska-slab2-v3                                                                  192.1325   52.1817 14.1
  1.077 2354 Alaska-slab2-v3                                                                  192.0749   52.2635 15.6
  0.755 2355 Alaska-slab2-v3                                                                  192.0201   52.3451 17.7
  0.386 2356 Alaska-slab2-v3                                                                  191.9654   52.4262 20.0
  1.793 2364 Alaska-slab2-v3                                                                  192.0433   51.8843  9.5
  1.753 2365 Alaska-slab2-v3                                                                  191.9823   51.9645 11.2
  1.544 2366 Alaska-slab2-v3                                                                  191.9245   52.0465 12.5
  1.353 2367 Alaska-slab2-v3                                                                  191.8665   52.1286 13.7
  1.117 2368 Alaska-slab2-v3                                                                  191.8094   52.2105 15.1
  0.801 2369 Alaska-slab2-v3                                                                  191.7544   52.2923 17.0
  0.420 2370 Alaska-slab2-v3                                                                  191.7002   52.3734 19.4
  1.793 2378 Alaska-slab2-v3                                                                  191.7736   51.8283  9.0
  1.792 2379 Alaska-slab2-v3                                                                  191.7145   51.9093 10.6
  1.570 2380 Alaska-slab2-v3                                                                  191.6577   51.9915 12.0
  1.366 2381 Alaska-slab2-v3                                                                  191.6008   52.0738 13.2
  1.131 2382 Alaska-slab2-v3                                                                  191.5442   52.1559 14.6
  0.831 2383 Alaska-slab2-v3                                                                  191.4894   52.2379 16.3
  0.452 2384 Alaska-slab2-v3                                                                  191.4364   52.3195 18.6
  1.793 2392 Alaska-slab2-v3                                                                  191.5042   51.7695  8.6
  1.793 2393 Alaska-slab2-v3                                                                  191.4470   51.8512 10.1
  1.793 2394 Alaska-slab2-v3                                                                  191.3907   51.9335 11.5
  1.661 2395 Alaska-slab2-v3                                                                  191.3344   52.0158 12.8
  1.453 2396 Alaska-slab2-v3                                                                  191.2780   52.0980 14.1
  1.202 2397 Alaska-slab2-v3                                                                  191.2237   52.1804 15.8
  0.883 2398 Alaska-slab2-v3                                                                  191.1719   52.2625 17.9
  0.481 2399 Alaska-slab2-v3                                                                  191.1184   52.3428 20.6
  1.793 2405 Alaska-slab2-v3                                                                  191.2343   51.7071  8.3
  1.793 2406 Alaska-slab2-v3                                                                  191.1788   51.7894  9.8
  1.793 2407 Alaska-slab2-v3                                                                  191.1231   51.8718 11.1
  1.686 2408 Alaska-slab2-v3                                                                  191.0673   51.9542 12.4
  1.468 2409 Alaska-slab2-v3                                                                  191.0114   52.0365 13.9
  1.214 2410 Alaska-slab2-v3                                                                  190.9577   52.1189 15.5
  0.900 2411 Alaska-slab2-v3                                                                  190.9069   52.2013 17.6
  0.500 2412 Alaska-slab2-v3                                                                  190.8550   52.2822 20.2
  1.793 2418 Alaska-slab2-v3                                                                  190.9645   51.6415  8.2
  1.793 2419 Alaska-slab2-v3                                                                  190.9099   51.7241  9.6
  1.793 2420 Alaska-slab2-v3                                                                  190.8552   51.8068 10.9
  1.718 2421 Alaska-slab2-v3                                                                  190.8003   51.8894 12.2
  1.495 2422 Alaska-slab2-v3                                                                  190.7453   51.9718 13.7
  1.230 2423 Alaska-slab2-v3                                                                  190.6924   52.0543 15.4
  0.905 2424 Alaska-slab2-v3                                                                  190.6429   52.1369 17.5
  0.501 2425 Alaska-slab2-v3                                                                  190.5927   52.2181 20.1
  1.793 2431 Alaska-slab2-v3                                                                  190.6952   51.5741  8.1
  1.793 2432 Alaska-slab2-v3                                                                  190.6413   51.6569  9.5
  1.793 2433 Alaska-slab2-v3                                                                  190.5875   51.7398 10.8
  1.748 2434 Alaska-slab2-v3                                                                  190.5337   51.8227 12.1
  1.523 2435 Alaska-slab2-v3                                                                  190.4798   51.9054 13.5
  1.249 2436 Alaska-slab2-v3                                                                  190.4282   51.9881 15.3
  0.909 2437 Alaska-slab2-v3                                                                  190.3804   52.0708 17.6
  0.497 2438 Alaska-slab2-v3                                                                  190.3318   52.1522 20.3
  1.793 2444 Alaska-slab2-v3                                                                  190.4265   51.5064  8.1
  1.793 2445 Alaska-slab2-v3                                                                  190.3732   51.5893  9.5
  1.793 2446 Alaska-slab2-v3                                                                  190.3203   51.6724 10.8
  1.758 2447 Alaska-slab2-v3                                                                  190.2676   51.7556 12.1
  1.535 2448 Alaska-slab2-v3                                                                  190.2149   51.8385 13.5
  1.259 2449 Alaska-slab2-v3                                                                  190.1648   51.9215 15.4
  0.914 2450 Alaska-slab2-v3                                                                  190.1187   52.0044 17.6
  0.497 2451 Alaska-slab2-v3                                                                  190.0718   52.0861 20.4
  1.793 2457 Alaska-slab2-v3                                                                  190.1579   51.4396  8.2
  1.793 2458 Alaska-slab2-v3                                                                  190.1055   51.5226  9.6
  1.793 2459 Alaska-slab2-v3                                                                  190.0536   51.6059 10.9
  1.746 2460 Alaska-slab2-v3                                                                  190.0020   51.6893 12.2
  1.527 2461 Alaska-slab2-v3                                                                  189.9504   51.7725 13.7
  1.253 2462 Alaska-slab2-v3                                                                  189.9018   51.8558 15.5
  0.914 2463 Alaska-slab2-v3                                                                  189.8574   51.9391 17.8
  0.499 2464 Alaska-slab2-v3                                                                  189.8118   52.0210 20.5
  1.793 2470 Alaska-slab2-v3                                                                  189.8891   51.3750  8.4
  1.793 2471 Alaska-slab2-v3                                                                  189.8380   51.4582  9.9
  1.654 2472 Alaska-slab2-v3                                                                  189.7873   51.5417 11.3
  1.428 2473 Alaska-slab2-v3                                                                  189.7369   51.6254 12.6
  1.174 2474 Alaska-slab2-v3                                                                  189.6864   51.7088 14.1
  0.863 2475 Alaska-slab2-v3                                                                  189.6395   51.7924 15.9
  0.475 2476 Alaska-slab2-v3                                                                  189.5966   51.8761 18.1
  1.793 2483 Alaska-slab2-v3                                                                  189.6196   51.3137  8.8
  1.793 2484 Alaska-slab2-v3                                                                  189.5703   51.3972 10.4
  1.640 2485 Alaska-slab2-v3                                                                  189.5211   51.4810 11.7
  1.419 2486 Alaska-slab2-v3                                                                  189.4718   51.5649 13.1
  1.168 2487 Alaska-slab2-v3                                                                  189.4233   51.6486 14.6
  0.856 2488 Alaska-slab2-v3                                                                  189.3786   51.7326 16.5
  0.468 2489 Alaska-slab2-v3                                                                  189.3368   51.8163 18.8
  1.793 2496 Alaska-slab2-v3                                                                  189.3493   51.2566  9.2
  1.793 2497 Alaska-slab2-v3                                                                  189.3020   51.3403 10.9
  1.639 2498 Alaska-slab2-v3                                                                  189.2542   51.4244 12.3
  1.429 2499 Alaska-slab2-v3                                                                  189.2063   51.5085 13.6
  1.178 2500 Alaska-slab2-v3                                                                  189.1606   51.5928 15.2
  0.855 2501 Alaska-slab2-v3                                                                  189.1191   51.6771 17.3
  0.460 2502 Alaska-slab2-v3                                                                  189.0776   51.7604 19.8
  1.793 2509 Alaska-slab2-v3                                                                  189.0781   51.2032  9.9
  1.793 2510 Alaska-slab2-v3                                                                  189.0329   51.2871 11.7
  1.638 2511 Alaska-slab2-v3                                                                  188.9866   51.3716 13.0
  1.442 2512 Alaska-slab2-v3                                                                  188.9407   51.4562 14.3
  1.185 2513 Alaska-slab2-v3                                                                  188.8984   51.5409 16.0
  0.846 2514 Alaska-slab2-v3                                                                  188.8598   51.6253 18.3
  0.446 2515 Alaska-slab2-v3                                                                  188.8181   51.7081 21.0
  1.793 2522 Alaska-slab2-v3                                                                  188.8060   51.1527 10.6
  1.556 2523 Alaska-slab2-v3                                                                  188.7626   51.2368 12.5
  1.360 2524 Alaska-slab2-v3                                                                  188.7182   51.3218 13.7
  1.148 2525 Alaska-slab2-v3                                                                  188.6752   51.4069 15.0
  0.845 2526 Alaska-slab2-v3                                                                  188.6360   51.4919 16.9
  0.450 2527 Alaska-slab2-v3                                                                  188.5981   51.5760 19.3
  1.793 2534 Alaska-slab2-v3                                                                  188.5701   51.0230  8.1
  1.793 2535 Alaska-slab2-v3                                                                  188.5329   51.1043 11.4
  1.512 2536 Alaska-slab2-v3                                                                  188.4913   51.1887 13.2
  1.346 2537 Alaska-slab2-v3                                                                  188.4488   51.2742 14.3
  1.144 2538 Alaska-slab2-v3                                                                  188.4086   51.3599 15.6
  0.833 2539 Alaska-slab2-v3                                                                  188.3715   51.4450 17.6
  0.438 2540 Alaska-slab2-v3                                                                  188.3330   51.5288 20.1
  1.793 2546 Alaska-slab2-v3                                                                  188.2929   50.9776  8.3
  1.752 2547 Alaska-slab2-v3                                                                  188.2584   51.0580 12.0
  1.475 2548 Alaska-slab2-v3                                                                  188.2186   51.1427 13.8
  1.334 2549 Alaska-slab2-v3                                                                  188.1783   51.2288 14.7
  1.134 2550 Alaska-slab2-v3                                                                  188.1402   51.3148 16.0
  0.813 2551 Alaska-slab2-v3                                                                  188.1045   51.3999 18.1
  0.427 2552 Alaska-slab2-v3                                                                  188.0659   51.4837 20.6
  1.793 2558 Alaska-slab2-v3                                                                  188.0151   50.9341  8.5
  1.739 2559 Alaska-slab2-v3                                                                  187.9829   51.0142 12.3
  1.474 2560 Alaska-slab2-v3                                                                  187.9448   51.0992 14.0
  1.339 2561 Alaska-slab2-v3                                                                  187.9064   51.1856 14.9
  1.126 2562 Alaska-slab2-v3                                                                  187.8701   51.2717 16.3
  0.795 2563 Alaska-slab2-v3                                                                  187.8356   51.3569 18.5
  0.414 2564 Alaska-slab2-v3                                                                  187.7975   51.4407 21.1
  1.793 2570 Alaska-slab2-v3                                                                  187.7371   50.8920  8.4
  1.550 2571 Alaska-slab2-v3                                                                  187.7070   50.9726 12.2
  1.252 2572 Alaska-slab2-v3                                                                  187.6702   51.0578 14.0
  1.080 2573 Alaska-slab2-v3                                                                  187.6335   51.1444 15.0
  0.816 2574 Alaska-slab2-v3                                                                  187.5990   51.2306 16.6
  0.430 2575 Alaska-slab2-v3                                                                  187.5659   51.3157 18.9
  1.793 2582 Alaska-slab2-v3                                                                  187.4593   50.8505  8.3
  1.634 2583 Alaska-slab2-v3                                                                  187.4311   50.9322 11.8
  1.323 2584 Alaska-slab2-v3                                                                  187.3957   51.0176 13.7
  1.118 2585 Alaska-slab2-v3                                                                  187.3605   51.1042 14.9
  0.833 2586 Alaska-slab2-v3                                                                  187.3276   51.1904 16.6
  0.438 2587 Alaska-slab2-v3                                                                  187.2958   51.2756 19.0
  1.793 2594 Alaska-slab2-v3                                                                  187.1815   50.8091  8.0
  1.703 2595 Alaska-slab2-v3                                                                  187.1553   50.8921 11.3
  1.369 2596 Alaska-slab2-v3                                                                  187.1217   50.9776 13.3
  1.129 2597 Alaska-slab2-v3                                                                  187.0879   51.0642 14.8
  0.836 2598 Alaska-slab2-v3                                                                  187.0563   51.1506 16.5
  0.448 2599 Alaska-slab2-v3                                                                  187.0262   51.2361 18.9
  1.793 2607 Alaska-slab2-v3                                                                  186.8792   50.8520 10.8
  1.631 2608 Alaska-slab2-v3                                                                  186.8480   50.9377 12.9
  1.393 2609 Alaska-slab2-v3                                                                  186.8157   51.0243 14.5
  1.137 2610 Alaska-slab2-v3                                                                  186.7857   51.1111 16.2
  0.817 2611 Alaska-slab2-v3                                                                  186.7578   51.1974 18.3
  0.432 2612 Alaska-slab2-v3                                                                  186.7261   51.2821 20.8
  1.793 2619 Alaska-slab2-v3                                                                  186.6029   50.8123 10.3
  1.593 2620 Alaska-slab2-v3                                                                  186.5747   50.8985 12.4
  1.333 2621 Alaska-slab2-v3                                                                  186.5444   50.9853 14.0
  1.077 2622 Alaska-slab2-v3                                                                  186.5161   51.0725 15.6
  0.782 2623 Alaska-slab2-v3                                                                  186.4904   51.1595 17.5
  0.424 2624 Alaska-slab2-v3                                                                  186.4633   51.2456 19.7
  1.793 2632 Alaska-slab2-v3                                                                  186.3261   50.7736  9.9
  1.777 2633 Alaska-slab2-v3                                                                  186.3013   50.8604 11.9
  1.538 2634 Alaska-slab2-v3                                                                  186.2741   50.9477 13.5
  1.315 2635 Alaska-slab2-v3                                                                  186.2478   51.0353 15.0
  1.061 2636 Alaska-slab2-v3                                                                  186.2236   51.1228 16.6
  0.764 2637 Alaska-slab2-v3                                                                  186.2002   51.2099 18.6
  0.418 2638 Alaska-slab2-v3                                                                  186.1726   51.2958 20.9
  1.793 2645 Alaska-slab2-v3                                                                  186.0487   50.7365  9.6
  1.713 2646 Alaska-slab2-v3                                                                  186.0271   50.8239 11.5
  1.483 2647 Alaska-slab2-v3                                                                  186.0035   50.9118 12.9
  1.269 2648 Alaska-slab2-v3                                                                  185.9799   50.9999 14.2
  1.022 2649 Alaska-slab2-v3                                                                  185.9571   51.0878 15.7
  0.720 2650 Alaska-slab2-v3                                                                  185.9348   51.1752 17.6
  0.381 2651 Alaska-slab2-v3                                                                  185.9110   51.2620 19.7
  1.793 2658 Alaska-slab2-v3                                                                  185.7703   50.7014  9.5
  1.793 2659 Alaska-slab2-v3                                                                  185.7512   50.7892 11.2
  1.679 2660 Alaska-slab2-v3                                                                  185.7307   50.8777 12.5
  1.509 2661 Alaska-slab2-v3                                                                  185.7100   50.9662 13.6
  1.306 2662 Alaska-slab2-v3                                                                  185.6891   51.0545 14.9
  1.037 2663 Alaska-slab2-v3                                                                  185.6675   51.1422 16.7
  0.722 2664 Alaska-slab2-v3                                                                  185.6451   51.2292 18.7
  0.387 2665 Alaska-slab2-v3                                                                  185.6203   51.3157 20.9
  1.793 2672 Alaska-slab2-v3                                                                  185.4912   50.6685  9.4
  1.793 2673 Alaska-slab2-v3                                                                  185.4736   50.7566 11.1
  1.639 2674 Alaska-slab2-v3                                                                  185.4549   50.8453 12.3
  1.486 2675 Alaska-slab2-v3                                                                  185.4362   50.9342 13.2
  1.305 2676 Alaska-slab2-v3                                                                  185.4172   51.0229 14.4
  1.053 2677 Alaska-slab2-v3                                                                  185.3969   51.1109 16.0
  0.729 2678 Alaska-slab2-v3                                                                  185.3752   51.1980 18.0
  0.378 2679 Alaska-slab2-v3                                                                  185.3522   51.2847 20.2
  1.793 2686 Alaska-slab2-v3                                                                  185.2117   50.6377  9.4
  1.781 2687 Alaska-slab2-v3                                                                  185.1952   50.7258 11.1
  1.593 2688 Alaska-slab2-v3                                                                  185.1776   50.8146 12.3
  1.441 2689 Alaska-slab2-v3                                                                  185.1598   50.9036 13.2
  1.274 2690 Alaska-slab2-v3                                                                  185.1420   50.9925 14.2
  1.045 2691 Alaska-slab2-v3                                                                  185.1230   51.0809 15.6
  0.741 2692 Alaska-slab2-v3                                                                  185.1026   51.1684 17.5
  0.385 2693 Alaska-slab2-v3                                                                  185.0813   51.2553 19.7
  1.793 2701 Alaska-slab2-v3                                                                  184.9321   50.6085  9.4
  1.741 2702 Alaska-slab2-v3                                                                  184.9167   50.6967 11.2
  1.535 2703 Alaska-slab2-v3                                                                  184.9002   50.7854 12.4
  1.371 2704 Alaska-slab2-v3                                                                  184.8836   50.8745 13.4
  1.205 2705 Alaska-slab2-v3                                                                  184.8668   50.9635 14.4
  0.995 2706 Alaska-slab2-v3                                                                  184.8487   51.0521 15.7
  0.724 2707 Alaska-slab2-v3                                                                  184.8291   51.1401 17.3
  0.389 2708 Alaska-slab2-v3                                                                  184.8091   51.2274 19.3
  1.793 2716 Alaska-slab2-v3                                                                  184.6522   50.5808  9.4
  1.793 2717 Alaska-slab2-v3                                                                  184.6381   50.6690 11.2
  1.713 2718 Alaska-slab2-v3                                                                  184.6230   50.7578 12.5
  1.553 2719 Alaska-slab2-v3                                                                  184.6078   50.8468 13.6
  1.401 2720 Alaska-slab2-v3                                                                  184.5923   50.9359 14.6
  1.224 2721 Alaska-slab2-v3                                                                  184.5748   51.0247 15.8
  1.003 2722 Alaska-slab2-v3                                                                  184.5556   51.1130 17.3
  0.728 2723 Alaska-slab2-v3                                                                  184.5363   51.2007 19.1
  0.392 2724 Alaska-slab2-v3                                                                  184.5152   51.2874 21.4
  1.793 2731 Alaska-slab2-v3                                                                  184.3720   50.5546  9.4
  1.793 2732 Alaska-slab2-v3                                                                  184.3591   50.6428 11.2
  1.690 2733 Alaska-slab2-v3                                                                  184.3452   50.7316 12.6
  1.522 2734 Alaska-slab2-v3                                                                  184.3312   50.8207 13.7
  1.364 2735 Alaska-slab2-v3                                                                  184.3167   50.9099 14.7
  1.187 2736 Alaska-slab2-v3                                                                  184.2999   50.9987 15.9
  0.974 2737 Alaska-slab2-v3                                                                  184.2813   51.0871 17.3
  0.711 2738 Alaska-slab2-v3                                                                  184.2627   51.1751 19.0
  0.388 2739 Alaska-slab2-v3                                                                  184.2425   51.2621 21.2
  1.793 2746 Alaska-slab2-v3                                                                  184.0914   50.5302  9.3
  1.793 2747 Alaska-slab2-v3                                                                  184.0794   50.6186 11.1
  1.697 2748 Alaska-slab2-v3                                                                  184.0666   50.7074 12.5
  1.529 2749 Alaska-slab2-v3                                                                  184.0536   50.7966 13.6
  1.367 2750 Alaska-slab2-v3                                                                  184.0402   50.8858 14.6
  1.182 2751 Alaska-slab2-v3                                                                  184.0244   50.9747 15.9
  0.961 2752 Alaska-slab2-v3                                                                  184.0065   51.0631 17.3
  0.697 2753 Alaska-slab2-v3                                                                  183.9887   51.1511 19.1
  0.382 2754 Alaska-slab2-v3                                                                  183.9695   51.2384 21.1
  1.793 2761 Alaska-slab2-v3                                                                  183.8105   50.5081  9.3
  1.793 2762 Alaska-slab2-v3                                                                  183.7994   50.5965 11.0
  1.732 2763 Alaska-slab2-v3                                                                  183.7875   50.6855 12.3
  1.571 2764 Alaska-slab2-v3                                                                  183.7755   50.7748 13.4
  1.407 2765 Alaska-slab2-v3                                                                  183.7633   50.8640 14.5
  1.213 2766 Alaska-slab2-v3                                                                  183.7487   50.9529 15.8
  0.975 2767 Alaska-slab2-v3                                                                  183.7317   51.0412 17.4
  0.695 2768 Alaska-slab2-v3                                                                  183.7146   51.1291 19.2
  0.379 2769 Alaska-slab2-v3                                                                  183.6962   51.2164 21.3
  1.793 2776 Alaska-slab2-v3                                                                  183.5292   50.4885  9.2
  1.778 2777 Alaska-slab2-v3                                                                  183.5191   50.5771 10.9
  1.570 2778 Alaska-slab2-v3                                                                  183.5081   50.6662 12.2
  1.398 2779 Alaska-slab2-v3                                                                  183.4970   50.7555 13.2
  1.217 2780 Alaska-slab2-v3                                                                  183.4859   50.8448 14.3
  0.992 2781 Alaska-slab2-v3                                                                  183.4725   50.9336 15.6
  0.705 2782 Alaska-slab2-v3                                                                  183.4566   51.0218 17.4
  0.371 2783 Alaska-slab2-v3                                                                  183.4403   51.1095 19.4
  1.793 2791 Alaska-slab2-v3                                                                  183.2476   50.4719  9.2
  1.793 2792 Alaska-slab2-v3                                                                  183.2383   50.5605 10.8
  1.620 2793 Alaska-slab2-v3                                                                  183.2282   50.6497 12.1
  1.452 2794 Alaska-slab2-v3                                                                  183.2180   50.7391 13.1
  1.271 2795 Alaska-slab2-v3                                                                  183.2078   50.8284 14.2
  1.041 2796 Alaska-slab2-v3                                                                  183.1956   50.9172 15.6
  0.744 2797 Alaska-slab2-v3                                                                  183.1809   51.0053 17.4
  0.392 2798 Alaska-slab2-v3                                                                  183.1656   51.0928 19.6
  1.793 2806 Alaska-slab2-v3                                                                  182.9656   50.4585  9.1
  1.793 2807 Alaska-slab2-v3                                                                  182.9573   50.5472 10.7
  1.658 2808 Alaska-slab2-v3                                                                  182.9481   50.6364 12.0
  1.484 2809 Alaska-slab2-v3                                                                  182.9388   50.7258 13.0
  1.300 2810 Alaska-slab2-v3                                                                  182.9294   50.8151 14.2
  1.069 2811 Alaska-slab2-v3                                                                  182.9181   50.9039 15.6
  0.772 2812 Alaska-slab2-v3                                                                  182.9046   50.9921 17.5
  0.413 2813 Alaska-slab2-v3                                                                  182.8905   51.0794 19.7
  1.793 2821 Alaska-slab2-v3                                                                  182.6836   50.4486  8.9
  1.793 2822 Alaska-slab2-v3                                                                  182.6763   50.5374 10.5
  1.686 2823 Alaska-slab2-v3                                                                  182.6679   50.6266 11.8
  1.500 2824 Alaska-slab2-v3                                                                  182.6593   50.7159 13.0
  1.307 2825 Alaska-slab2-v3                                                                  182.6507   50.8052 14.2
  1.076 2826 Alaska-slab2-v3                                                                  182.6403   50.8941 15.6
  0.787 2827 Alaska-slab2-v3                                                                  182.6279   50.9823 17.4
  0.427 2828 Alaska-slab2-v3                                                                  182.6151   51.0698 19.7
  1.793 2835 Alaska-slab2-v3                                                                  182.4019   50.4425  8.7
  1.793 2836 Alaska-slab2-v3                                                                  182.3958   50.5313 10.3
  1.721 2837 Alaska-slab2-v3                                                                  182.3882   50.6205 11.6
  1.522 2838 Alaska-slab2-v3                                                                  182.3801   50.7097 12.9
  1.317 2839 Alaska-slab2-v3                                                                  182.3720   50.7989 14.1
  1.080 2840 Alaska-slab2-v3                                                                  182.3624   50.8878 15.6
  0.789 2841 Alaska-slab2-v3                                                                  182.3512   50.9762 17.4
  0.431 2842 Alaska-slab2-v3                                                                  182.3395   51.0636 19.7
  1.793 2849 Alaska-slab2-v3                                                                  182.1201   50.4400  8.5
  1.793 2850 Alaska-slab2-v3                                                                  182.1156   50.5291 10.0
  1.775 2851 Alaska-slab2-v3                                                                  182.1090   50.6182 11.3
  1.566 2852 Alaska-slab2-v3                                                                  182.1013   50.7074 12.6
  1.347 2853 Alaska-slab2-v3                                                                  182.0936   50.7965 14.0
  1.096 2854 Alaska-slab2-v3                                                                  182.0847   50.8853 15.6
  0.796 2855 Alaska-slab2-v3                                                                  182.0745   50.9736 17.5
  0.433 2856 Alaska-slab2-v3                                                                  182.0637   51.0610 19.7
  1.793 2863 Alaska-slab2-v3                                                                  181.8380   50.4414  8.3
  1.793 2864 Alaska-slab2-v3                                                                  181.8349   50.5305  9.7
  1.793 2865 Alaska-slab2-v3                                                                  181.8294   50.6197 11.1
  1.629 2866 Alaska-slab2-v3                                                                  181.8222   50.7089 12.4
  1.399 2867 Alaska-slab2-v3                                                                  181.8150   50.7979 13.9
  1.133 2868 Alaska-slab2-v3                                                                  181.8068   50.8865 15.6
  0.813 2869 Alaska-slab2-v3                                                                  181.7974   50.9745 17.6
  0.438 2870 Alaska-slab2-v3                                                                  181.7875   51.0618 20.0
  1.793 2877 Alaska-slab2-v3                                                                  181.5553   50.4465  8.2
  1.793 2878 Alaska-slab2-v3                                                                  181.5532   50.5356  9.6
  1.793 2879 Alaska-slab2-v3                                                                  181.5486   50.6249 11.0
  1.694 2880 Alaska-slab2-v3                                                                  181.5422   50.7140 12.3
  1.460 2881 Alaska-slab2-v3                                                                  181.5358   50.8030 13.9
  1.179 2882 Alaska-slab2-v3                                                                  181.5284   50.8914 15.7
  0.841 2883 Alaska-slab2-v3                                                                  181.5199   50.9791 17.9
  0.450 2884 Alaska-slab2-v3                                                                  181.5111   51.0661 20.4
  1.793 2891 Alaska-slab2-v3                                                                  181.2723   50.4553  8.3
  1.793 2892 Alaska-slab2-v3                                                                  181.2705   50.5445  9.7
  1.700 2893 Alaska-slab2-v3                                                                  181.2666   50.6337 11.1
  1.465 2894 Alaska-slab2-v3                                                                  181.2612   50.7229 12.5
  1.197 2895 Alaska-slab2-v3                                                                  181.2558   50.8118 14.1
  0.869 2896 Alaska-slab2-v3                                                                  181.2495   50.9001 16.0
  0.467 2897 Alaska-slab2-v3                                                                  181.2423   50.9875 18.4
  1.793 2904 Alaska-slab2-v3                                                                  180.9893   50.4677  8.5
  1.793 2905 Alaska-slab2-v3                                                                  180.9876   50.5567 10.0
  1.715 2906 Alaska-slab2-v3                                                                  180.9842   50.6459 11.4
  1.482 2907 Alaska-slab2-v3                                                                  180.9801   50.7350 12.9
  1.216 2908 Alaska-slab2-v3                                                                  180.9758   50.8239 14.5
  0.887 2909 Alaska-slab2-v3                                                                  180.9708   50.9120 16.5
  0.483 2910 Alaska-slab2-v3                                                                  180.9650   50.9992 19.0
  1.793 2917 Alaska-slab2-v3                                                                  180.7065   50.4827  8.8
  1.793 2918 Alaska-slab2-v3                                                                  180.7050   50.5716 10.4
  1.718 2919 Alaska-slab2-v3                                                                  180.7024   50.6607 11.9
  1.491 2920 Alaska-slab2-v3                                                                  180.6995   50.7498 13.3
  1.227 2921 Alaska-slab2-v3                                                                  180.6963   50.8386 15.0
  0.896 2922 Alaska-slab2-v3                                                                  180.6925   50.9266 17.1
  0.490 2923 Alaska-slab2-v3                                                                  180.6884   51.0136 19.7
  1.793 2930 Alaska-slab2-v3                                                                  180.4238   50.4994  9.1
  1.793 2931 Alaska-slab2-v3                                                                  180.4228   50.5882 10.8
  1.733 2932 Alaska-slab2-v3                                                                  180.4212   50.6773 12.2
  1.511 2933 Alaska-slab2-v3                                                                  180.4195   50.7664 13.7
  1.242 2934 Alaska-slab2-v3                                                                  180.4175   50.8551 15.4
  0.903 2935 Alaska-slab2-v3                                                                  180.4150   50.9429 17.7
  0.492 2936 Alaska-slab2-v3                                                                  180.4124   51.0295 20.4
  1.793 2942 Alaska-slab2-v3                                                                  180.1413   50.5169  9.3
  1.718 2943 Alaska-slab2-v3                                                                  180.1410   50.6056 11.0
  1.478 2944 Alaska-slab2-v3                                                                  180.1405   50.6948 12.4
  1.228 2945 Alaska-slab2-v3                                                                  180.1401   50.7839 13.9
  0.903 2946 Alaska-slab2-v3                                                                  180.1393   50.8723 15.8
  0.485 2947 Alaska-slab2-v3                                                                  180.1382   50.9596 18.2
  3.138 2954 Alaska-slab2-v3                                                                  179.8595   50.5313  9.4
  3.025 2955 Alaska-slab2-v3                                                                  179.8612   50.6200 11.2
  2.617 2956 Alaska-slab2-v3                                                                  179.8629   50.7092 12.6
  2.192 2957 Alaska-slab2-v3                                                                  179.8646   50.7983 14.0
  1.624 2958 Alaska-slab2-v3                                                                  179.8659   50.8866 16.0
  0.882 2959 Alaska-slab2-v3                                                                  179.8669   50.9737 18.5
  4.483 2966 Alaska-slab2-v3                                                                  179.5790   50.5430  9.6
  4.294 2967 Alaska-slab2-v3                                                                  179.5835   50.6316 11.4
  3.714 2968 Alaska-slab2-v3                                                                  179.5878   50.7207 12.8
  3.126 2969 Alaska-slab2-v3                                                                  179.5922   50.8098 14.2
  2.361 2970 Alaska-slab2-v3                                                                  179.5964   50.8983 16.1
  1.320 2971 Alaska-slab2-v3                                                                  179.6002   50.9854 18.6
  5.828 2978 Alaska-slab2-v3                                                                  179.2990   50.5579  9.7
  5.582 2979 Alaska-slab2-v3                                                                  179.3064   50.6463 11.5
  4.831 2980 Alaska-slab2-v3                                                                  179.3134   50.7354 12.9
  4.080 2981 Alaska-slab2-v3                                                                  179.3204   50.8244 14.3
  3.095 2982 Alaska-slab2-v3                                                                  179.3273   50.9128 16.2
  1.741 2983 Alaska-slab2-v3                                                                  179.3340   50.9997 18.7
  7.173 2990 Alaska-slab2-v3                                                                  179.0199   50.5780  9.7
  6.906 2991 Alaska-slab2-v3                                                                  179.0302   50.6663 11.6
  6.005 2992 Alaska-slab2-v3                                                                  179.0398   50.7553 13.0
  5.065 2993 Alaska-slab2-v3                                                                  179.0494   50.8442 14.4
  3.823 2994 Alaska-slab2-v3                                                                  179.0591   50.9323 16.4
  2.130 2995 Alaska-slab2-v3                                                                  179.0686   51.0190 19.0
  7.173 3002 Alaska-slab2-v3                                                                  178.7420   50.6040  9.8
  6.973 3003 Alaska-slab2-v3                                                                  178.7552   50.6922 11.6
  6.083 3004 Alaska-slab2-v3                                                                  178.7674   50.7810 13.0
  5.130 3005 Alaska-slab2-v3                                                                  178.7798   50.8697 14.5
  3.827 3006 Alaska-slab2-v3                                                                  178.7922   50.9575 16.5
  2.104 3007 Alaska-slab2-v3                                                                  178.8044   51.0439 19.3
  7.173 3014 Alaska-slab2-v3                                                                  178.4654   50.6353  9.8
  7.057 3015 Alaska-slab2-v3                                                                  178.4815   50.7233 11.6
  6.172 3016 Alaska-slab2-v3                                                                  178.4964   50.8120 13.0
  5.192 3017 Alaska-slab2-v3                                                                  178.5114   50.9004 14.6
  3.843 3018 Alaska-slab2-v3                                                                  178.5266   50.9878 16.7
  2.091 3019 Alaska-slab2-v3                                                                  178.5414   51.0738 19.5
  7.173 3025 Alaska-slab2-v3                                                                  178.1902   50.6710  9.8
  7.152 3026 Alaska-slab2-v3                                                                  178.2094   50.7588 11.6
  6.269 3027 Alaska-slab2-v3                                                                  178.2269   50.8472 13.0
  5.263 3028 Alaska-slab2-v3                                                                  178.2445   50.9354 14.6
  3.871 3029 Alaska-slab2-v3                                                                  178.2624   51.0224 16.9
  2.094 3030 Alaska-slab2-v3                                                                  178.2798   51.1081 19.7
  7.173 3036 Alaska-slab2-v3                                                                  177.9160   50.7103  9.7
  7.173 3037 Alaska-slab2-v3                                                                  177.9384   50.7977 11.5
  6.358 3038 Alaska-slab2-v3                                                                  177.9585   50.8859 12.9
  5.328 3039 Alaska-slab2-v3                                                                  177.9788   50.9738 14.6
  3.914 3040 Alaska-slab2-v3                                                                  177.9995   51.0605 16.9
  2.117 3041 Alaska-slab2-v3                                                                  178.0197   51.1457 19.8
  7.173 3047 Alaska-slab2-v3                                                                  177.6429   50.7524  9.6
  7.173 3048 Alaska-slab2-v3                                                                  177.6686   50.8395 11.3
  6.426 3049 Alaska-slab2-v3                                                                  177.6915   50.9274 12.8
  5.377 3050 Alaska-slab2-v3                                                                  177.7145   51.0150 14.5
  3.951 3051 Alaska-slab2-v3                                                                  177.7381   51.1013 16.8
  2.136 3052 Alaska-slab2-v3                                                                  177.7610   51.1862 19.8
  7.173 3058 Alaska-slab2-v3                                                                  177.3704   50.7972  9.4
  7.173 3059 Alaska-slab2-v3                                                                  177.3997   50.8839 11.2
  6.478 3060 Alaska-slab2-v3                                                                  177.4254   50.9714 12.7
  5.416 3061 Alaska-slab2-v3                                                                  177.4512   51.0587 14.4
  3.981 3062 Alaska-slab2-v3                                                                  177.4776   51.1447 16.7
  2.155 3063 Alaska-slab2-v3                                                                  177.5036   51.2292 19.6
  7.173 3069 Alaska-slab2-v3                                                                  177.0983   50.8445  9.2
  7.173 3070 Alaska-slab2-v3                                                                  177.1313   50.9307 11.0
  6.521 3071 Alaska-slab2-v3                                                                  177.1599   51.0179 12.5
  5.449 3072 Alaska-slab2-v3                                                                  177.1886   51.1048 14.2
  4.013 3073 Alaska-slab2-v3                                                                  177.2180   51.1905 16.5
  2.170 3074 Alaska-slab2-v3                                                                  177.2470   51.2746 19.4
  7.173 3080 Alaska-slab2-v3                                                                  176.8266   50.8941  9.1
  7.173 3081 Alaska-slab2-v3                                                                  176.8631   50.9798 10.8
  6.544 3082 Alaska-slab2-v3                                                                  176.8947   51.0666 12.3
  5.480 3083 Alaska-slab2-v3                                                                  176.9263   51.1531 14.0
  4.050 3084 Alaska-slab2-v3                                                                  176.9587   51.2385 16.3
  2.202 3085 Alaska-slab2-v3                                                                  176.9909   51.3222 19.2
  7.173 3091 Alaska-slab2-v3                                                                  176.5551   50.9460  9.0
  7.173 3092 Alaska-slab2-v3                                                                  176.5947   51.0311 10.8
  6.543 3093 Alaska-slab2-v3                                                                  176.6293   51.1174 12.3
  5.480 3094 Alaska-slab2-v3                                                                  176.6639   51.2036 13.9
  4.086 3095 Alaska-slab2-v3                                                                  176.6995   51.2885 16.1
  2.247 3096 Alaska-slab2-v3                                                                  176.7350   51.3718 19.0
  7.173 3103 Alaska-slab2-v3                                                                  176.2839   50.9998  9.0
  7.173 3104 Alaska-slab2-v3                                                                  176.3264   51.0844 10.7
  6.521 3105 Alaska-slab2-v3                                                                  176.3640   51.1702 12.3
  5.451 3106 Alaska-slab2-v3                                                                  176.4015   51.2558 14.0
  4.101 3107 Alaska-slab2-v3                                                                  176.4402   51.3404 16.1
  2.286 3108 Alaska-slab2-v3                                                                  176.4791   51.4232 18.9
  7.173 3114 Alaska-slab2-v3                                                                  176.0134   51.0555  9.0
  7.173 3115 Alaska-slab2-v3                                                                  176.0587   51.1395 10.8
  6.506 3116 Alaska-slab2-v3                                                                  176.0991   51.2247 12.4
  5.436 3117 Alaska-slab2-v3                                                                  176.1396   51.3098 14.1
  4.101 3118 Alaska-slab2-v3                                                                  176.1814   51.3939 16.2
  2.316 3119 Alaska-slab2-v3                                                                  176.2234   51.4761 19.0
  7.173 3125 Alaska-slab2-v3                                                                  175.7436   51.1130  9.1
  7.173 3126 Alaska-slab2-v3                                                                  175.7917   51.1963 10.9
  6.542 3127 Alaska-slab2-v3                                                                  175.8350   51.2809 12.5
  5.453 3128 Alaska-slab2-v3                                                                  175.8786   51.3654 14.2
  4.103 3129 Alaska-slab2-v3                                                                  175.9236   51.4487 16.4
  2.301 3130 Alaska-slab2-v3                                                                  175.9682   51.5303 19.3
  7.173 3136 Alaska-slab2-v3                                                                  175.4744   51.1720  9.1
  7.173 3137 Alaska-slab2-v3                                                                  175.5253   51.2547 10.9
  6.616 3138 Alaska-slab2-v3                                                                  175.5718   51.3387 12.6
  5.507 3139 Alaska-slab2-v3                                                                  175.6186   51.4223 14.4
  4.096 3140 Alaska-slab2-v3                                                                  175.6667   51.5047 16.6
  2.279 3141 Alaska-slab2-v3                                                                  175.7139   51.5855 19.6
  7.173 3147 Alaska-slab2-v3                                                                  175.2060   51.2325  9.2
  7.173 3148 Alaska-slab2-v3                                                                  175.2598   51.3145 11.0
  6.700 3149 Alaska-slab2-v3                                                                  175.3094   51.3978 12.6
  5.579 3150 Alaska-slab2-v3                                                                  175.3593   51.4807 14.5
  4.111 3151 Alaska-slab2-v3                                                                  175.4107   51.5619 16.9
  2.256 3152 Alaska-slab2-v3                                                                  175.4603   51.6419 19.9
  7.173 3158 Alaska-slab2-v3                                                                  174.9384   51.2945  9.3
  7.173 3159 Alaska-slab2-v3                                                                  174.9951   51.3757 11.1
  6.755 3160 Alaska-slab2-v3                                                                  175.0477   51.4583 12.7
  5.636 3161 Alaska-slab2-v3                                                                  175.1008   51.5404 14.6
  4.122 3162 Alaska-slab2-v3                                                                  175.1555   51.6206 17.1
  2.244 3163 Alaska-slab2-v3                                                                  175.2076   51.6996 20.2
  7.173 3169 Alaska-slab2-v3                                                                  174.6719   51.3578  9.4
  6.461 3170 Alaska-slab2-v3                                                                  174.7314   51.4382 11.2
  5.365 3171 Alaska-slab2-v3                                                                  174.7868   51.5202 12.8
  4.059 3172 Alaska-slab2-v3                                                                  174.8430   51.6015 14.6
  2.254 3173 Alaska-slab2-v3                                                                  174.9009   51.6807 17.2
  7.173 3180 Alaska-slab2-v3                                                                  174.4062   51.4227  9.6
  6.386 3181 Alaska-slab2-v3                                                                  174.4684   51.5022 11.4
  5.314 3182 Alaska-slab2-v3                                                                  174.5268   51.5835 12.9
  4.033 3183 Alaska-slab2-v3                                                                  174.5859   51.6641 14.7
  2.262 3184 Alaska-slab2-v3                                                                  174.6470   51.7425 17.3
  7.173 3191 Alaska-slab2-v3                                                                  174.1411   51.4893  9.6
  6.269 3192 Alaska-slab2-v3                                                                  174.2062   51.5679 11.5
  5.200 3193 Alaska-slab2-v3                                                                  174.2673   51.6484 13.0
  3.954 3194 Alaska-slab2-v3                                                                  174.3294   51.7283 14.8
  2.237 3195 Alaska-slab2-v3                                                                  174.3935   51.8060 17.2
  7.173 3202 Alaska-slab2-v3                                                                  173.8768   51.5579  9.7
  7.173 3203 Alaska-slab2-v3                                                                  173.9447   51.6355 11.5
  6.489 3204 Alaska-slab2-v3                                                                  174.0086   51.7153 13.0
  5.458 3205 Alaska-slab2-v3                                                                  174.0735   51.7944 14.7
  4.059 3206 Alaska-slab2-v3                                                                  174.1404   51.8715 17.1
  2.213 3207 Alaska-slab2-v3                                                                  174.2045   51.9474 20.1
  7.173 3213 Alaska-slab2-v3                                                                  173.6131   51.6288  9.6
  7.173 3214 Alaska-slab2-v3                                                                  173.6840   51.7054 11.5
  6.331 3215 Alaska-slab2-v3                                                                  173.7507   51.7844 13.0
  5.313 3216 Alaska-slab2-v3                                                                  173.8182   51.8628 14.6
  3.955 3217 Alaska-slab2-v3                                                                  173.8879   51.9393 16.8
  2.172 3218 Alaska-slab2-v3                                                                  173.9558   52.0146 19.7
  7.173 3224 Alaska-slab2-v3                                                                  173.3505   51.7024  9.6
  7.107 3225 Alaska-slab2-v3                                                                  173.4244   51.7780 11.4
  6.160 3226 Alaska-slab2-v3                                                                  173.4938   51.8561 12.9
  5.144 3227 Alaska-slab2-v3                                                                  173.5637   51.9338 14.5
  3.823 3228 Alaska-slab2-v3                                                                  173.6359   52.0098 16.6
  2.102 3229 Alaska-slab2-v3                                                                  173.7078   52.0843 19.3
  7.173 3235 Alaska-slab2-v3                                                                  173.0895   51.7788  9.5
  6.954 3236 Alaska-slab2-v3                                                                  173.1663   51.8534 11.3
  5.999 3237 Alaska-slab2-v3                                                                  173.2383   51.9306 12.8
  4.998 3238 Alaska-slab2-v3                                                                  173.3105   52.0077 14.3
  3.709 3239 Alaska-slab2-v3                                                                  173.3851   52.0831 16.3
  2.035 3240 Alaska-slab2-v3                                                                  173.4610   52.1566 18.8
  7.173 3247 Alaska-slab2-v3                                                                  172.8302   51.8584  9.4
  6.827 3248 Alaska-slab2-v3                                                                  172.9099   51.9320 11.2
  5.871 3249 Alaska-slab2-v3                                                                  172.9845   52.0084 12.6
  4.888 3250 Alaska-slab2-v3                                                                  173.0592   52.0848 14.1
  3.622 3251 Alaska-slab2-v3                                                                  173.1361   52.1596 15.9
  1.979 3252 Alaska-slab2-v3                                                                  173.2150   52.2323 18.4
  7.173 3259 Alaska-slab2-v3                                                                  172.5730   51.9417  9.3
  6.752 3260 Alaska-slab2-v3                                                                  172.6557   52.0142 11.0
  5.798 3261 Alaska-slab2-v3                                                                  172.7327   52.0898 12.4
  4.824 3262 Alaska-slab2-v3                                                                  172.8100   52.1653 13.8
  3.580 3263 Alaska-slab2-v3                                                                  172.8891   52.2394 15.6
  1.949 3264 Alaska-slab2-v3                                                                  172.9702   52.3115 17.9
  7.173 3271 Alaska-slab2-v3                                                                  172.3179   52.0289  9.1
  7.173 3272 Alaska-slab2-v3                                                                  172.4036   52.1002 10.7
  6.941 3273 Alaska-slab2-v3                                                                  172.4834   52.1748 12.1
  6.091 3274 Alaska-slab2-v3                                                                  172.5631   52.2495 13.5
  5.021 3275 Alaska-slab2-v3                                                                  172.6443   52.3229 15.2
  3.620 3276 Alaska-slab2-v3                                                                  172.7276   52.3943 17.5
  1.939 3277 Alaska-slab2-v3                                                                  172.8074   52.4658 20.3
  7.173 3284 Alaska-slab2-v3                                                                  172.0646   52.1197  8.9
  7.173 3285 Alaska-slab2-v3                                                                  172.1533   52.1898 10.5
  6.933 3286 Alaska-slab2-v3                                                                  172.2361   52.2632 11.9
  6.076 3287 Alaska-slab2-v3                                                                  172.3183   52.3369 13.2
  5.014 3288 Alaska-slab2-v3                                                                  172.4015   52.4097 14.9
  3.632 3289 Alaska-slab2-v3                                                                  172.4871   52.4803 17.1
  1.950 3290 Alaska-slab2-v3                                                                  172.5705   52.5506 19.8
  7.173 3297 Alaska-slab2-v3                                                                  171.8132   52.2133  8.7
  7.173 3298 Alaska-slab2-v3                                                                  171.9045   52.2824 10.3
  6.888 3299 Alaska-slab2-v3                                                                  171.9905   52.3544 11.6
  6.011 3300 Alaska-slab2-v3                                                                  172.0751   52.4272 13.0
  4.974 3301 Alaska-slab2-v3                                                                  172.1604   52.4993 14.6
  3.649 3302 Alaska-slab2-v3                                                                  172.2482   52.5693 16.7
  1.985 3303 Alaska-slab2-v3                                                                  172.3355   52.6382 19.3
  7.173 3310 Alaska-slab2-v3                                                                  171.5637   52.3090  8.6
  7.173 3311 Alaska-slab2-v3                                                                  171.6574   52.3771 10.1
  6.727 3312 Alaska-slab2-v3                                                                  171.7461   52.4480 11.5
  5.841 3313 Alaska-slab2-v3                                                                  171.8331   52.5199 12.9
  4.835 3314 Alaska-slab2-v3                                                                  171.9204   52.5913 14.4
  3.585 3315 Alaska-slab2-v3                                                                  172.0105   52.6608 16.3
  1.991 3316 Alaska-slab2-v3                                                                  172.1019   52.7283 18.7
  7.173 3323 Alaska-slab2-v3                                                                  171.3160   52.4064  8.6
  7.173 3324 Alaska-slab2-v3                                                                  171.4118   52.4735 10.1
  6.456 3325 Alaska-slab2-v3                                                                  171.5029   52.5434 11.4
  5.566 3326 Alaska-slab2-v3                                                                  171.5921   52.6144 12.7
  4.594 3327 Alaska-slab2-v3                                                                  171.6816   52.6852 14.1
  3.414 3328 Alaska-slab2-v3                                                                  171.7737   52.7542 15.9
  1.911 3329 Alaska-slab2-v3                                                                  171.8682   52.8209 18.0
  7.173 3336 Alaska-slab2-v3                                                                  171.0693   52.5052  8.5
  7.173 3337 Alaska-slab2-v3                                                                  171.1672   52.5714 10.0
  7.173 3338 Alaska-slab2-v3                                                                  171.2605   52.6403 11.4
  6.483 3339 Alaska-slab2-v3                                                                  171.3519   52.7105 12.6
  5.657 3340 Alaska-slab2-v3                                                                  171.4435   52.7805 13.9
  4.663 3341 Alaska-slab2-v3                                                                  171.5373   52.8490 15.5
  3.413 3342 Alaska-slab2-v3                                                                  171.6337   52.9153 17.5
  1.869 3343 Alaska-slab2-v3                                                                  171.7269   52.9819 20.0
