  6.899 0904 Alaska-slab2-v3                                                                  211.9868   57.5137  6.7
  6.278 0905 Alaska-slab2-v3                                                                  211.8526   57.5663  8.1
  5.075 0906 Alaska-slab2-v3                                                                  211.7178   57.6189  9.4
  4.019 0907 Alaska-slab2-v3                                                                  211.5824   57.6714 10.6
  3.111 0908 Alaska-slab2-v3                                                                  211.4462   57.7238 11.5
  2.343 0909 Alaska-slab2-v3                                                                  211.3094   57.7761 12.4
  1.685 0910 Alaska-slab2-v3                                                                  211.1721   57.8283 13.1
  1.093 0911 Alaska-slab2-v3                                                                  211.0343   57.8803 13.7
  0.537 0912 Alaska-slab2-v3                                                                  210.8961   57.9322 14.3
  6.899 0937 Alaska-slab2-v3                                                                  211.7476   57.3859  6.7
  6.188 0938 Alaska-slab2-v3                                                                  211.6147   57.4395  7.9
  5.025 0939 Alaska-slab2-v3                                                                  211.4814   57.4929  9.1
  3.959 0940 Alaska-slab2-v3                                                                  211.3469   57.5459 10.2
  3.007 0941 Alaska-slab2-v3                                                                  211.2112   57.5983 11.2
  2.152 0942 Alaska-slab2-v3                                                                  211.0747   57.6504 12.1
  1.384 0943 Alaska-slab2-v3                                                                  210.9378   57.7023 12.9
  0.673 0944 Alaska-slab2-v3                                                                  210.8003   57.7542 13.7
  6.899 0970 Alaska-slab2-v3                                                                  211.4967   57.2642  6.6
  6.323 0971 Alaska-slab2-v3                                                                  211.3640   57.3176  7.8
  5.199 0972 Alaska-slab2-v3                                                                  211.2308   57.3710  9.0
  4.142 0973 Alaska-slab2-v3                                                                  211.0969   57.4240 10.1
  3.180 0974 Alaska-slab2-v3                                                                  210.9619   57.4765 11.1
  2.295 0975 Alaska-slab2-v3                                                                  210.8263   57.5288 12.1
  1.476 0976 Alaska-slab2-v3                                                                  210.6901   57.5810 12.9
  0.714 0977 Alaska-slab2-v3                                                                  210.5535   57.6331 13.7
  6.899 1002 Alaska-slab2-v3                                                                  211.2352   57.1486  6.7
  6.221 1003 Alaska-slab2-v3                                                                  211.1013   57.2007  7.9
  5.057 1004 Alaska-slab2-v3                                                                  210.9669   57.2526  9.2
  3.988 1005 Alaska-slab2-v3                                                                  210.8334   57.3056 10.3
  3.034 1006 Alaska-slab2-v3                                                                  210.7011   57.3598 11.3
  2.185 1007 Alaska-slab2-v3                                                                  210.5684   57.4139 12.2
  1.403 1008 Alaska-slab2-v3                                                                  210.4353   57.4680 13.0
  0.687 1009 Alaska-slab2-v3                                                                  210.3017   57.5220 13.7
  6.899 1034 Alaska-slab2-v3                                                                  210.9648   57.0387  6.8
  6.172 1035 Alaska-slab2-v3                                                                  210.8281   57.0879  8.2
  4.950 1036 Alaska-slab2-v3                                                                  210.6921   57.1379  9.5
  3.897 1037 Alaska-slab2-v3                                                                  210.5617   57.1925 10.6
  3.021 1038 Alaska-slab2-v3                                                                  210.4359   57.2507 11.6
  2.293 1039 Alaska-slab2-v3                                                                  210.3097   57.3090 12.3
  1.669 1040 Alaska-slab2-v3                                                                  210.1830   57.3673 13.0
  1.100 1041 Alaska-slab2-v3                                                                  210.0559   57.4255 13.6
  0.559 1042 Alaska-slab2-v3                                                                  209.9283   57.4835 14.2
  6.899 1065 Alaska-slab2-v3                                                                  210.6874   56.9346  6.8
  6.064 1066 Alaska-slab2-v3                                                                  210.5480   56.9808  8.4
  4.781 1067 Alaska-slab2-v3                                                                  210.4119   57.0299  9.8
  3.738 1068 Alaska-slab2-v3                                                                  210.2868   57.0872 10.9
  2.944 1069 Alaska-slab2-v3                                                                  210.1685   57.1498 11.8
  2.326 1070 Alaska-slab2-v3                                                                  210.0496   57.2125 12.4
  1.846 1071 Alaska-slab2-v3                                                                  209.9302   57.2750 12.9
  1.431 1072 Alaska-slab2-v3                                                                  209.8103   57.3375 13.4
  1.024 1073 Alaska-slab2-v3                                                                  209.6901   57.3999 13.8
  0.563 1074 Alaska-slab2-v3                                                                  209.5694   57.4622 14.3
  6.899 1095 Alaska-slab2-v3                                                                  210.4074   56.8380  6.8
  5.916 1096 Alaska-slab2-v3                                                                  210.2708   56.8864  8.3
  4.653 1097 Alaska-slab2-v3                                                                  210.1362   56.9367  9.6
  3.627 1098 Alaska-slab2-v3                                                                  210.0128   56.9950 10.7
  2.868 1099 Alaska-slab2-v3                                                                  209.8978   57.0594 11.5
  2.298 1100 Alaska-slab2-v3                                                                  209.7823   57.1238 12.1
  1.852 1101 Alaska-slab2-v3                                                                  209.6663   57.1881 12.6
  1.472 1102 Alaska-slab2-v3                                                                  209.5498   57.2524 13.0
  1.083 1103 Alaska-slab2-v3                                                                  209.4329   57.3166 13.4
  0.617 1104 Alaska-slab2-v3                                                                  209.3157   57.3806 13.9
  6.899 1124 Alaska-slab2-v3                                                                  210.1278   56.7480  6.7
  6.234 1125 Alaska-slab2-v3                                                                  210.0014   56.8041  8.0
  5.122 1126 Alaska-slab2-v3                                                                  209.8744   56.8602  9.1
  4.181 1127 Alaska-slab2-v3                                                                  209.7519   56.9196 10.1
  3.440 1128 Alaska-slab2-v3                                                                  209.6341   56.9823 10.9
  2.860 1129 Alaska-slab2-v3                                                                  209.5161   57.0452 11.5
  2.366 1130 Alaska-slab2-v3                                                                  209.3976   57.1080 12.0
  1.910 1131 Alaska-slab2-v3                                                                  209.2787   57.1707 12.5
  1.406 1132 Alaska-slab2-v3                                                                  209.1594   57.2333 13.0
  0.789 1133 Alaska-slab2-v3                                                                  209.0398   57.2957 13.7
  6.899 1153 Alaska-slab2-v3                                                                  209.8466   56.6594  6.6
  6.314 1154 Alaska-slab2-v3                                                                  209.7304   56.7223  7.6
  5.320 1155 Alaska-slab2-v3                                                                  209.6138   56.7850  8.6
  4.416 1156 Alaska-slab2-v3                                                                  209.4968   56.8478  9.5
  3.619 1157 Alaska-slab2-v3                                                                  209.3777   56.9096 10.4
  2.931 1158 Alaska-slab2-v3                                                                  209.2553   56.9697 11.1
  2.272 1159 Alaska-slab2-v3                                                                  209.1314   57.0291 11.7
  1.613 1160 Alaska-slab2-v3                                                                  209.0072   57.0883 12.4
  0.875 1161 Alaska-slab2-v3                                                                  208.8826   57.1474 13.1
  6.899 1181 Alaska-slab2-v3                                                                  209.5620   56.5690  6.5
  6.899 1182 Alaska-slab2-v3                                                                  209.4493   56.6338  7.4
  6.062 1183 Alaska-slab2-v3                                                                  209.3362   56.6985  8.4
  5.212 1184 Alaska-slab2-v3                                                                  209.2227   56.7631  9.3
  4.399 1185 Alaska-slab2-v3                                                                  209.1047   56.8252 10.2
  3.595 1186 Alaska-slab2-v3                                                                  208.9805   56.8838 11.0
  2.791 1187 Alaska-slab2-v3                                                                  208.8540   56.9412 11.9
  1.941 1188 Alaska-slab2-v3                                                                  208.7273   56.9984 12.8
  1.026 1189 Alaska-slab2-v3                                                                  208.6002   57.0555 13.8
  6.899 1208 Alaska-slab2-v3                                                                  209.2769   56.4763  6.5
  6.741 1209 Alaska-slab2-v3                                                                  209.1633   56.5403  7.6
  5.764 1210 Alaska-slab2-v3                                                                  209.0493   56.6043  8.6
  4.807 1211 Alaska-slab2-v3                                                                  208.9339   56.6675  9.7
  3.868 1212 Alaska-slab2-v3                                                                  208.8140   56.7282 10.7
  2.938 1213 Alaska-slab2-v3                                                                  208.6901   56.7867 11.7
  1.990 1214 Alaska-slab2-v3                                                                  208.5650   56.8445 12.7
  1.023 1215 Alaska-slab2-v3                                                                  208.4395   56.9022 13.7
  6.899 1235 Alaska-slab2-v3                                                                  208.9945   56.3819  6.7
  6.150 1236 Alaska-slab2-v3                                                                  208.8802   56.4447  8.1
  4.907 1237 Alaska-slab2-v3                                                                  208.7647   56.5072  9.4
  3.786 1238 Alaska-slab2-v3                                                                  208.6463   56.5684 10.6
  2.769 1239 Alaska-slab2-v3                                                                  208.5248   56.6279 11.7
  1.827 1240 Alaska-slab2-v3                                                                  208.4020   56.6869 12.7
  0.914 1241 Alaska-slab2-v3                                                                  208.2787   56.7458 13.7
 12.073 1261 Alaska-slab2-v3                                                                  208.7142   56.2852  7.0
  9.247 1262 Alaska-slab2-v3                                                                  208.5983   56.3460  8.8
  6.564 1263 Alaska-slab2-v3                                                                  208.4812   56.4069 10.4
  4.421 1264 Alaska-slab2-v3                                                                  208.3622   56.4673 11.7
  2.717 1265 Alaska-slab2-v3                                                                  208.2418   56.5275 12.7
  1.299 1266 Alaska-slab2-v3                                                                  208.1208   56.5876 13.5
 17.247 1286 Alaska-slab2-v3                                                                  208.4356   56.1865  7.2
 12.180 1287 Alaska-slab2-v3                                                                  208.3171   56.2446  9.4
  7.993 1288 Alaska-slab2-v3                                                                  208.2000   56.3048 11.1
  4.996 1289 Alaska-slab2-v3                                                                  208.0836   56.3666 12.4
  2.878 1290 Alaska-slab2-v3                                                                  207.9663   56.4286 13.3
  1.332 1291 Alaska-slab2-v3                                                                  207.8484   56.4905 13.9
 22.421 1311 Alaska-slab2-v3                                                                  208.1595   56.0867  7.3
 16.137 1312 Alaska-slab2-v3                                                                  208.0398   56.1434  9.6
 10.708 1313 Alaska-slab2-v3                                                                  207.9244   56.2042 11.4
  6.929 1314 Alaska-slab2-v3                                                                  207.8116   56.2679 12.6
  4.469 1315 Alaska-slab2-v3                                                                  207.6980   56.3317 13.5
  2.789 1316 Alaska-slab2-v3                                                                  207.5837   56.3957 14.0
  1.470 1317 Alaska-slab2-v3                                                                  207.4690   56.4595 14.5
 27.595 1335 Alaska-slab2-v3                                                                  207.8868   55.9865  7.2
 19.836 1336 Alaska-slab2-v3                                                                  207.7667   56.0430  9.5
 13.211 1337 Alaska-slab2-v3                                                                  207.6526   56.1043 11.3
  8.559 1338 Alaska-slab2-v3                                                                  207.5425   56.1693 12.5
  5.471 1339 Alaska-slab2-v3                                                                  207.4315   56.2344 13.4
  3.387 1340 Alaska-slab2-v3                                                                  207.3199   56.2996 13.9
  1.786 1341 Alaska-slab2-v3                                                                  207.2079   56.3648 14.4
 27.595 1359 Alaska-slab2-v3                                                                  207.6171   55.8859  7.2
 20.538 1360 Alaska-slab2-v3                                                                  207.4972   55.9427  9.3
 14.115 1361 Alaska-slab2-v3                                                                  207.3835   56.0042 11.0
  9.485 1362 Alaska-slab2-v3                                                                  207.2747   56.0698 12.2
  6.236 1363 Alaska-slab2-v3                                                                  207.1652   56.1355 13.1
  3.958 1364 Alaska-slab2-v3                                                                  207.0551   56.2013 13.7
  2.054 1365 Alaska-slab2-v3                                                                  206.9445   56.2670 14.2
 27.595 1383 Alaska-slab2-v3                                                                  207.3500   55.7844  7.0
 21.484 1384 Alaska-slab2-v3                                                                  207.2316   55.8425  9.0
 15.372 1385 Alaska-slab2-v3                                                                  207.1181   55.9043 10.6
 10.761 1386 Alaska-slab2-v3                                                                  207.0097   55.9699 11.9
  7.349 1387 Alaska-slab2-v3                                                                  206.9012   56.0360 12.8
  4.724 1388 Alaska-slab2-v3                                                                  206.7921   56.1021 13.5
  2.400 1389 Alaska-slab2-v3                                                                  206.6826   56.1682 14.1
 27.595 1406 Alaska-slab2-v3                                                                  207.0854   55.6821  6.9
 22.274 1407 Alaska-slab2-v3                                                                  206.9698   55.7423  8.7
 16.496 1408 Alaska-slab2-v3                                                                  206.8571   55.8047 10.2
 11.935 1409 Alaska-slab2-v3                                                                  206.7489   55.8703 11.4
  8.324 1410 Alaska-slab2-v3                                                                  206.6420   55.9370 12.3
  5.397 1411 Alaska-slab2-v3                                                                  206.5345   56.0037 13.1
  2.737 1412 Alaska-slab2-v3                                                                  206.4266   56.0704 13.8
 27.595 1429 Alaska-slab2-v3                                                                  206.8228   55.5788  6.8
 24.459 1430 Alaska-slab2-v3                                                                  206.7109   55.6415  8.3
 19.405 1431 Alaska-slab2-v3                                                                  206.5997   55.7049  9.7
 15.126 1432 Alaska-slab2-v3                                                                  206.4925   55.7709 10.9
 11.621 1433 Alaska-slab2-v3                                                                  206.3880   55.8387 11.8
  8.633 1434 Alaska-slab2-v3                                                                  206.2831   55.9065 12.6
  5.903 1435 Alaska-slab2-v3                                                                  206.1777   55.9743 13.4
  3.099 1436 Alaska-slab2-v3                                                                  206.0720   56.0420 14.1
 27.595 1452 Alaska-slab2-v3                                                                  206.5623   55.4747  6.7
 24.635 1453 Alaska-slab2-v3                                                                  206.4544   55.5398  8.0
 19.975 1454 Alaska-slab2-v3                                                                  206.3461   55.6049  9.2
 15.812 1455 Alaska-slab2-v3                                                                  206.2403   55.6716 10.3
 12.260 1456 Alaska-slab2-v3                                                                  206.1377   55.7402 11.2
  9.090 1457 Alaska-slab2-v3                                                                  206.0354   55.8091 12.1
  6.149 1458 Alaska-slab2-v3                                                                  205.9326   55.8780 12.8
  3.170 1459 Alaska-slab2-v3                                                                  205.8296   55.9468 13.6
 27.595 1475 Alaska-slab2-v3                                                                  206.3037   55.3696  6.6
 26.668 1476 Alaska-slab2-v3                                                                  206.1998   55.4370  7.7
 22.699 1477 Alaska-slab2-v3                                                                  206.0955   55.5043  8.8
 19.027 1478 Alaska-slab2-v3                                                                  205.9916   55.5720  9.8
 15.652 1479 Alaska-slab2-v3                                                                  205.8897   55.6408 10.7
 12.536 1480 Alaska-slab2-v3                                                                  205.7890   55.7103 11.5
  9.569 1481 Alaska-slab2-v3                                                                  205.6879   55.7798 12.3
  6.602 1482 Alaska-slab2-v3                                                                  205.5864   55.8492 13.1
  3.449 1483 Alaska-slab2-v3                                                                  205.4847   55.9185 13.9
 27.595 1498 Alaska-slab2-v3                                                                  206.0464   55.2637  6.5
 26.908 1499 Alaska-slab2-v3                                                                  205.9463   55.3329  7.4
 23.397 1500 Alaska-slab2-v3                                                                  205.8458   55.4021  8.3
 20.000 1501 Alaska-slab2-v3                                                                  205.7450   55.4712  9.2
 16.679 1502 Alaska-slab2-v3                                                                  205.6444   55.5406 10.1
 13.511 1503 Alaska-slab2-v3                                                                  205.5441   55.6102 10.9
 10.382 1504 Alaska-slab2-v3                                                                  205.4433   55.6797 11.7
  7.137 1505 Alaska-slab2-v3                                                                  205.3421   55.7491 12.6
  3.740 1506 Alaska-slab2-v3                                                                  205.2407   55.8184 13.5
 27.595 1521 Alaska-slab2-v3                                                                  205.7905   55.1568  6.4
 27.045 1522 Alaska-slab2-v3                                                                  205.6936   55.2276  7.2
 23.984 1523 Alaska-slab2-v3                                                                  205.5963   55.2983  7.9
 20.883 1524 Alaska-slab2-v3                                                                  205.4988   55.3689  8.7
 17.782 1525 Alaska-slab2-v3                                                                  205.4008   55.4394  9.5
 14.602 1526 Alaska-slab2-v3                                                                  205.3016   55.5095 10.3
 11.344 1527 Alaska-slab2-v3                                                                  205.2007   55.5787 11.2
  7.851 1528 Alaska-slab2-v3                                                                  205.0989   55.6477 12.1
  4.122 1529 Alaska-slab2-v3                                                                  204.9969   55.7165 13.0
 27.595 1544 Alaska-slab2-v3                                                                  205.5445   55.0436  6.3
 27.516 1545 Alaska-slab2-v3                                                                  205.4491   55.1150  7.0
 24.725 1546 Alaska-slab2-v3                                                                  205.3538   55.1864  7.8
 21.817 1547 Alaska-slab2-v3                                                                  205.2584   55.2577  8.5
 18.790 1548 Alaska-slab2-v3                                                                  205.1624   55.3289  9.3
 15.566 1549 Alaska-slab2-v3                                                                  205.0641   55.3994 10.1
 12.107 1550 Alaska-slab2-v3                                                                  204.9633   55.4688 11.0
  8.373 1551 Alaska-slab2-v3                                                                  204.8619   55.5377 11.9
  4.363 1552 Alaska-slab2-v3                                                                  204.7602   55.6064 12.9
 27.595 1567 Alaska-slab2-v3                                                                  205.3062   54.9248  6.3
 27.595 1568 Alaska-slab2-v3                                                                  205.2114   54.9964  7.0
 25.443 1569 Alaska-slab2-v3                                                                  205.1163   55.0678  7.7
 22.560 1570 Alaska-slab2-v3                                                                  205.0209   55.1392  8.5
 19.486 1571 Alaska-slab2-v3                                                                  204.9251   55.2105  9.3
 16.065 1572 Alaska-slab2-v3                                                                  204.8280   55.2811 10.2
 12.375 1573 Alaska-slab2-v3                                                                  204.7290   55.3509 11.1
  8.417 1574 Alaska-slab2-v3                                                                  204.6291   55.4202 12.2
  4.266 1575 Alaska-slab2-v3                                                                  204.5289   55.4895 13.2
 27.595 1590 Alaska-slab2-v3                                                                  205.0642   54.8092  6.4
 27.595 1591 Alaska-slab2-v3                                                                  204.9702   54.8809  7.1
 25.748 1592 Alaska-slab2-v3                                                                  204.8759   54.9526  7.8
 22.807 1593 Alaska-slab2-v3                                                                  204.7814   55.0242  8.6
 19.603 1594 Alaska-slab2-v3                                                                  204.6865   55.0957  9.4
 16.059 1595 Alaska-slab2-v3                                                                  204.5900   55.1664 10.4
 12.252 1596 Alaska-slab2-v3                                                                  204.4918   55.2363 11.4
  8.218 1597 Alaska-slab2-v3                                                                  204.3930   55.3061 12.5
  4.109 1598 Alaska-slab2-v3                                                                  204.2939   55.3757 13.6
 27.595 1613 Alaska-slab2-v3                                                                  204.8147   54.6997  6.4
 27.595 1614 Alaska-slab2-v3                                                                  204.7219   54.7718  7.2
 25.478 1615 Alaska-slab2-v3                                                                  204.6288   54.8438  8.0
 22.321 1616 Alaska-slab2-v3                                                                  204.5354   54.9157  8.9
 18.978 1617 Alaska-slab2-v3                                                                  204.4412   54.9874  9.8
 15.413 1618 Alaska-slab2-v3                                                                  204.3449   55.0581 10.7
 11.662 1619 Alaska-slab2-v3                                                                  204.2470   55.1280 11.7
  7.762 1620 Alaska-slab2-v3                                                                  204.1487   55.1978 12.8
  3.863 1621 Alaska-slab2-v3                                                                  204.0501   55.2676 13.8
 27.595 1636 Alaska-slab2-v3                                                                  204.5543   54.5999  6.5
 26.180 1637 Alaska-slab2-v3                                                                  204.4627   54.6723  7.4
 22.563 1638 Alaska-slab2-v3                                                                  204.3707   54.7446  8.3
 18.908 1639 Alaska-slab2-v3                                                                  204.2784   54.8168  9.2
 15.213 1640 Alaska-slab2-v3                                                                  204.1843   54.8883 10.2
 11.478 1641 Alaska-slab2-v3                                                                  204.0877   54.9587 11.1
  7.665 1642 Alaska-slab2-v3                                                                  203.9900   55.0287 12.1
  3.852 1643 Alaska-slab2-v3                                                                  203.8920   55.0987 13.1
 27.595 1659 Alaska-slab2-v3                                                                  204.2824   54.5112  6.5
 25.714 1660 Alaska-slab2-v3                                                                  204.1912   54.5835  7.6
 21.680 1661 Alaska-slab2-v3                                                                  204.0996   54.6557  8.6
 17.802 1662 Alaska-slab2-v3                                                                  204.0074   54.7278  9.6
 14.079 1663 Alaska-slab2-v3                                                                  203.9128   54.7990 10.6
 10.472 1664 Alaska-slab2-v3                                                                  203.8162   54.8693 11.5
  6.981 1665 Alaska-slab2-v3                                                                  203.7191   54.9396 12.4
  3.491 1666 Alaska-slab2-v3                                                                  203.6216   55.0097 13.3
 27.595 1681 Alaska-slab2-v3                                                                  204.0016   54.4321  6.6
 25.475 1682 Alaska-slab2-v3                                                                  203.9099   54.5040  7.8
 21.159 1683 Alaska-slab2-v3                                                                  203.8178   54.5758  8.9
 17.111 1684 Alaska-slab2-v3                                                                  203.7246   54.6474 10.0
 13.406 1685 Alaska-slab2-v3                                                                  203.6297   54.7183 10.9
 10.007 1686 Alaska-slab2-v3                                                                  203.5336   54.7888 11.8
  6.684 1687 Alaska-slab2-v3                                                                  203.4371   54.8593 12.7
  3.399 1688 Alaska-slab2-v3                                                                  203.3403   54.9297 13.6
 22.421 1703 Alaska-slab2-v3                                                                  203.7153   54.3603  6.6
 20.823 1704 Alaska-slab2-v3                                                                  203.6229   54.4317  7.9
 17.230 1705 Alaska-slab2-v3                                                                  203.5301   54.5031  9.1
 13.943 1706 Alaska-slab2-v3                                                                  203.4363   54.5742 10.1
 10.959 1707 Alaska-slab2-v3                                                                  203.3410   54.6449 11.1
  8.250 1708 Alaska-slab2-v3                                                                  203.2450   54.7154 12.0
  5.601 1709 Alaska-slab2-v3                                                                  203.1487   54.7859 12.9
  2.892 1710 Alaska-slab2-v3                                                                  203.0520   54.8563 13.8
 17.247 1724 Alaska-slab2-v3                                                                  203.4260   54.2934  6.7
 14.962 1725 Alaska-slab2-v3                                                                  203.3330   54.3645  7.9
 11.965 1726 Alaska-slab2-v3                                                                  203.2397   54.4355  9.2
  9.262 1727 Alaska-slab2-v3                                                                  203.1452   54.5063 10.3
  6.855 1728 Alaska-slab2-v3                                                                  203.0494   54.5766 11.2
  4.594 1729 Alaska-slab2-v3                                                                  202.9530   54.6469 12.2
  2.383 1730 Alaska-slab2-v3                                                                  202.8563   54.7171 13.1
 12.073 1744 Alaska-slab2-v3                                                                  203.1346   54.2305  6.7
 10.690 1745 Alaska-slab2-v3                                                                  203.0409   54.3010  8.0
  8.596 1746 Alaska-slab2-v3                                                                  202.9467   54.3715  9.3
  6.719 1747 Alaska-slab2-v3                                                                  202.8513   54.4418 10.4
  5.044 1748 Alaska-slab2-v3                                                                  202.7548   54.5117 11.4
  3.469 1749 Alaska-slab2-v3                                                                  202.6578   54.5816 12.3
  1.826 1750 Alaska-slab2-v3                                                                  202.5605   54.6514 13.3
  6.899 1764 Alaska-slab2-v3                                                                  202.8416   54.1708  6.7
  6.297 1765 Alaska-slab2-v3                                                                  202.7468   54.2407  8.1
  5.093 1766 Alaska-slab2-v3                                                                  202.6515   54.3106  9.4
  4.028 1767 Alaska-slab2-v3                                                                  202.5552   54.3803 10.6
  3.065 1768 Alaska-slab2-v3                                                                  202.4578   54.4497 11.6
  2.139 1769 Alaska-slab2-v3                                                                  202.3600   54.5191 12.6
  1.139 1770 Alaska-slab2-v3                                                                  202.2619   54.5883 13.7
  6.899 1783 Alaska-slab2-v3                                                                  202.5474   54.1138  6.7
  5.805 1784 Alaska-slab2-v3                                                                  202.4519   54.1833  8.1
  4.501 1785 Alaska-slab2-v3                                                                  202.3560   54.2528  9.5
  3.315 1786 Alaska-slab2-v3                                                                  202.2587   54.3219 10.7
  2.236 1787 Alaska-slab2-v3                                                                  202.1601   54.3906 11.8
  1.157 1788 Alaska-slab2-v3                                                                  202.0612   54.4592 12.9
  6.899 1802 Alaska-slab2-v3                                                                  202.2527   54.0590  6.7
  5.980 1803 Alaska-slab2-v3                                                                  202.1571   54.1283  8.2
  4.679 1804 Alaska-slab2-v3                                                                  202.0608   54.1975  9.5
  3.483 1805 Alaska-slab2-v3                                                                  201.9626   54.2661 10.8
  2.363 1806 Alaska-slab2-v3                                                                  201.8628   54.3340 11.9
  1.225 1807 Alaska-slab2-v3                                                                  201.7627   54.4018 13.1
  6.899 1820 Alaska-slab2-v3                                                                  201.9577   54.0054  6.8
  6.097 1821 Alaska-slab2-v3                                                                  201.8617   54.0745  8.2
  4.802 1822 Alaska-slab2-v3                                                                  201.7650   54.1434  9.6
  3.602 1823 Alaska-slab2-v3                                                                  201.6662   54.2115 10.9
  2.457 1824 Alaska-slab2-v3                                                                  201.5657   54.2789 12.1
  1.294 1825 Alaska-slab2-v3                                                                  201.4649   54.3462 13.3
  6.889 1838 Alaska-slab2-v3                                                                  201.6623   53.9521  6.8
  5.322 1839 Alaska-slab2-v3                                                                  201.5647   54.0202  8.3
  3.867 1840 Alaska-slab2-v3                                                                  201.4665   54.0882  9.8
  2.554 1841 Alaska-slab2-v3                                                                  201.3671   54.1560 11.1
  1.302 1842 Alaska-slab2-v3                                                                  201.2668   54.2234 12.3
  6.899 1855 Alaska-slab2-v3                                                                  201.3664   53.8981  6.9
  5.325 1856 Alaska-slab2-v3                                                                  201.2655   53.9641  8.6
  3.821 1857 Alaska-slab2-v3                                                                  201.1650   54.0308 10.1
  2.524 1858 Alaska-slab2-v3                                                                  201.0653   54.0982 11.4
  1.307 1859 Alaska-slab2-v3                                                                  200.9656   54.1659 12.6
  6.899 1872 Alaska-slab2-v3                                                                  201.0706   53.8428  7.0
  5.327 1873 Alaska-slab2-v3                                                                  200.9652   53.9058  8.9
  3.773 1874 Alaska-slab2-v3                                                                  200.8627   53.9709 10.5
  2.487 1875 Alaska-slab2-v3                                                                  200.7636   54.0385 11.9
  1.296 1876 Alaska-slab2-v3                                                                  200.6643   54.1064 13.1
  6.575 1889 Alaska-slab2-v3                                                                  200.7756   53.7862  7.1
  4.447 1890 Alaska-slab2-v3                                                                  200.6664   53.8460  9.2
  2.685 1891 Alaska-slab2-v3                                                                  200.5628   53.9102 11.0
  1.276 1892 Alaska-slab2-v3                                                                  200.4644   53.9780 12.4
  6.657 1906 Alaska-slab2-v3                                                                  200.4822   53.7288  7.2
  4.415 1907 Alaska-slab2-v3                                                                  200.3709   53.7866  9.5
  2.627 1908 Alaska-slab2-v3                                                                  200.2675   53.8503 11.3
  1.244 1909 Alaska-slab2-v3                                                                  200.1695   53.9183 12.7
  6.654 1923 Alaska-slab2-v3                                                                  200.1907   53.6713  7.3
  4.351 1924 Alaska-slab2-v3                                                                  200.0792   53.7284  9.6
  2.558 1925 Alaska-slab2-v3                                                                  199.9768   53.7924 11.5
  1.205 1926 Alaska-slab2-v3                                                                  199.8801   53.8610 12.9
  6.603 1940 Alaska-slab2-v3                                                                  199.9012   53.6142  7.3
  4.287 1941 Alaska-slab2-v3                                                                  199.7909   53.6720  9.6
  2.493 1942 Alaska-slab2-v3                                                                  199.6904   53.7369 11.5
  1.173 1943 Alaska-slab2-v3                                                                  199.5958   53.8066 12.8
