  5.199 3350 Alaska-slab2-v3                                                                  170.8230   52.6053  8.5
  5.199 3351 Alaska-slab2-v3                                                                  170.9229   52.6706 10.0
  5.199 3352 Alaska-slab2-v3                                                                  171.0184   52.7386 11.2
  5.199 3353 Alaska-slab2-v3                                                                  171.1118   52.8079 12.4
  5.199 3354 Alaska-slab2-v3                                                                  171.2054   52.8771 13.7
  5.199 3355 Alaska-slab2-v3                                                                  171.3008   52.9451 15.2
  5.103 3356 Alaska-slab2-v3                                                                  171.3989   53.0108 17.1
  4.406 3357 Alaska-slab2-v3                                                                  171.4965   53.0760 19.3
  3.597 3358 Alaska-slab2-v3                                                                  171.5870   53.1437 22.0
  5.199 3364 Alaska-slab2-v3                                                                  170.5766   52.7064  8.4
  5.199 3365 Alaska-slab2-v3                                                                  170.6783   52.7708  9.8
  5.199 3366 Alaska-slab2-v3                                                                  170.7761   52.8378 11.1
  5.199 3367 Alaska-slab2-v3                                                                  170.8716   52.9063 12.2
  5.199 3368 Alaska-slab2-v3                                                                  170.9672   52.9746 13.5
  5.199 3369 Alaska-slab2-v3                                                                  171.0642   53.0419 15.0
  4.883 3370 Alaska-slab2-v3                                                                  171.1639   53.1070 16.8
  4.181 3371 Alaska-slab2-v3                                                                  171.2647   53.1709 19.0
  3.401 3372 Alaska-slab2-v3                                                                  171.3591   53.2375 21.3
  2.479 3373 Alaska-slab2-v3                                                                  171.4477   53.3058 24.1
  5.199 3378 Alaska-slab2-v3                                                                  170.3296   52.8082  8.3
  5.199 3379 Alaska-slab2-v3                                                                  170.4332   52.8718  9.7
  5.199 3380 Alaska-slab2-v3                                                                  170.5333   52.9376 10.9
  5.199 3381 Alaska-slab2-v3                                                                  170.6308   53.0051 12.1
  5.199 3382 Alaska-slab2-v3                                                                  170.7285   53.0725 13.4
  5.199 3383 Alaska-slab2-v3                                                                  170.8273   53.1389 14.8
  5.199 3384 Alaska-slab2-v3                                                                  170.9288   53.2033 16.6
  4.732 3385 Alaska-slab2-v3                                                                  171.0319   53.2662 18.7
  4.027 3386 Alaska-slab2-v3                                                                  171.1289   53.3317 21.1
  3.240 3387 Alaska-slab2-v3                                                                  171.2194   53.3998 23.7
  5.199 3393 Alaska-slab2-v3                                                                  170.0819   52.9101  8.1
  5.199 3394 Alaska-slab2-v3                                                                  170.1869   52.9731  9.5
  5.199 3395 Alaska-slab2-v3                                                                  170.2892   53.0378 10.8
  5.199 3396 Alaska-slab2-v3                                                                  170.3890   53.1042 12.0
  5.199 3397 Alaska-slab2-v3                                                                  170.4890   53.1704 13.3
  5.199 3398 Alaska-slab2-v3                                                                  170.5899   53.2358 14.8
  5.199 3399 Alaska-slab2-v3                                                                  170.6933   53.2993 16.5
  4.607 3400 Alaska-slab2-v3                                                                  170.7981   53.3614 18.6
  3.874 3401 Alaska-slab2-v3                                                                  170.8972   53.4258 20.9
  3.070 3402 Alaska-slab2-v3                                                                  170.9897   53.4932 23.5
  5.199 3409 Alaska-slab2-v3                                                                  169.9321   53.0825  9.3
  4.537 3410 Alaska-slab2-v3                                                                  170.0337   53.1478 10.5
  3.850 3411 Alaska-slab2-v3                                                                  170.1322   53.2149 11.7
  3.101 3412 Alaska-slab2-v3                                                                  170.2304   53.2821 13.1
  2.224 3413 Alaska-slab2-v3                                                                  170.3293   53.3486 14.6
  1.179 3414 Alaska-slab2-v3                                                                  170.4308   53.4131 16.5
  9.099 3418 Alaska-slab2-v3                                                                  169.6686   53.1994  9.0
  8.197 3419 Alaska-slab2-v3                                                                  169.7667   53.2668 10.2
  6.991 3420 Alaska-slab2-v3                                                                  169.8603   53.3365 11.4
  5.657 3421 Alaska-slab2-v3                                                                  169.9523   53.4068 12.8
  4.079 3422 Alaska-slab2-v3                                                                  170.0447   53.4766 14.4
  2.167 3423 Alaska-slab2-v3                                                                  170.1399   53.5444 16.4
 12.998 3427 Alaska-slab2-v3                                                                  169.4050   53.3152  8.8
 11.814 3428 Alaska-slab2-v3                                                                  169.4998   53.3843 10.0
 10.112 3429 Alaska-slab2-v3                                                                  169.5885   53.4564 11.2
  8.212 3430 Alaska-slab2-v3                                                                  169.6739   53.5297 12.5
  5.928 3431 Alaska-slab2-v3                                                                  169.7594   53.6027 14.1
  3.177 3432 Alaska-slab2-v3                                                                  169.8477   53.6738 16.1
 16.897 3436 Alaska-slab2-v3                                                                  169.1410   53.4303  8.7
 15.188 3437 Alaska-slab2-v3                                                                  169.2331   53.5010  9.9
 12.978 3438 Alaska-slab2-v3                                                                  169.3171   53.5750 11.0
 10.503 3439 Alaska-slab2-v3                                                                  169.3959   53.6511 12.3
  7.594 3440 Alaska-slab2-v3                                                                  169.4747   53.7269 13.9
  4.080 3441 Alaska-slab2-v3                                                                  169.5560   53.8011 15.7
 20.797 3445 Alaska-slab2-v3                                                                  168.8772   53.5452  8.6
 18.342 3446 Alaska-slab2-v3                                                                  168.9678   53.6168  9.7
 15.622 3447 Alaska-slab2-v3                                                                  169.0484   53.6922 10.8
 12.589 3448 Alaska-slab2-v3                                                                  169.1204   53.7707 12.1
  9.099 3449 Alaska-slab2-v3                                                                  169.1926   53.8490 13.5
  4.886 3450 Alaska-slab2-v3                                                                  169.2666   53.9261 15.2
 20.482 3454 Alaska-slab2-v3                                                                  168.6148   53.6597  8.4
 17.959 3455 Alaska-slab2-v3                                                                  168.7047   53.7319  9.4
 15.260 3456 Alaska-slab2-v3                                                                  168.7843   53.8076 10.4
 12.309 3457 Alaska-slab2-v3                                                                  168.8518   53.8876 11.6
  8.904 3458 Alaska-slab2-v3                                                                  168.9174   53.9681 13.0
  4.818 3459 Alaska-slab2-v3                                                                  168.9837   54.0479 14.6
 20.797 3463 Alaska-slab2-v3                                                                  168.3536   53.7742  8.2
 20.112 3464 Alaska-slab2-v3                                                                  168.4421   53.8471  9.1
 17.846 3465 Alaska-slab2-v3                                                                  168.5235   53.9225 10.1
 15.415 3466 Alaska-slab2-v3                                                                  168.5906   54.0025 11.1
 12.582 3467 Alaska-slab2-v3                                                                  168.6510   54.0846 12.3
  9.159 3468 Alaska-slab2-v3                                                                  168.7115   54.1664 13.7
  4.957 3469 Alaska-slab2-v3                                                                  168.7728   54.2474 15.5
 20.797 3473 Alaska-slab2-v3                                                                  168.0922   53.8895  8.1
 19.128 3474 Alaska-slab2-v3                                                                  168.1790   53.9633  8.9
 16.944 3475 Alaska-slab2-v3                                                                  168.2618   54.0384  9.8
 14.685 3476 Alaska-slab2-v3                                                                  168.3297   54.1182 10.7
 12.124 3477 Alaska-slab2-v3                                                                  168.3866   54.2014 11.7
  8.986 3478 Alaska-slab2-v3                                                                  168.4436   54.2844 13.0
  4.970 3479 Alaska-slab2-v3                                                                  168.5002   54.3669 14.6
 20.797 3483 Alaska-slab2-v3                                                                  167.8302   54.0058  8.1
 20.797 3484 Alaska-slab2-v3                                                                  167.9147   54.0806  8.9
 19.014 3485 Alaska-slab2-v3                                                                  167.9964   54.1563  9.8
 17.022 3486 Alaska-slab2-v3                                                                  168.0623   54.2367 10.6
 14.868 3487 Alaska-slab2-v3                                                                  168.1154   54.3209 11.5
 12.274 3488 Alaska-slab2-v3                                                                  168.1686   54.4048 12.7
  9.009 3489 Alaska-slab2-v3                                                                  168.2219   54.4885 14.1
  4.887 3490 Alaska-slab2-v3                                                                  168.2713   54.5723 15.9
 20.797 3494 Alaska-slab2-v3                                                                  167.5675   54.1229  8.1
 20.259 3495 Alaska-slab2-v3                                                                  167.6494   54.1988  8.9
 18.229 3496 Alaska-slab2-v3                                                                  167.7277   54.2757  9.8
 16.126 3497 Alaska-slab2-v3                                                                  167.7888   54.3573 10.7
 13.857 3498 Alaska-slab2-v3                                                                  167.8365   54.4426 11.6
 11.276 3499 Alaska-slab2-v3                                                                  167.8844   54.5277 12.7
  8.147 3500 Alaska-slab2-v3                                                                  167.9324   54.6126 14.0
  4.396 3501 Alaska-slab2-v3                                                                  167.9794   54.6973 15.6
 20.797 3505 Alaska-slab2-v3                                                                  167.3044   54.2406  8.1
 20.797 3506 Alaska-slab2-v3                                                                  167.3837   54.3175  8.9
 19.878 3507 Alaska-slab2-v3                                                                  167.4581   54.3956  9.8
 17.864 3508 Alaska-slab2-v3                                                                  167.5138   54.4785 10.7
 15.695 3509 Alaska-slab2-v3                                                                  167.5557   54.5648 11.7
 13.282 3510 Alaska-slab2-v3                                                                  167.5977   54.6510 12.8
 10.559 3511 Alaska-slab2-v3                                                                  167.6398   54.7370 14.0
  7.393 3512 Alaska-slab2-v3                                                                  167.6835   54.8225 15.4
  3.830 3513 Alaska-slab2-v3                                                                  167.7293   54.9074 17.1
 20.797 3517 Alaska-slab2-v3                                                                  167.0410   54.3585  8.1
 20.797 3518 Alaska-slab2-v3                                                                  167.1176   54.4364  9.0
 19.241 3519 Alaska-slab2-v3                                                                  167.1884   54.5156  9.8
 17.174 3520 Alaska-slab2-v3                                                                  167.2394   54.5995 10.8
 14.993 3521 Alaska-slab2-v3                                                                  167.2765   54.6866 11.7
 12.608 3522 Alaska-slab2-v3                                                                  167.3137   54.7736 12.8
  9.950 3523 Alaska-slab2-v3                                                                  167.3511   54.8604 13.9
  6.951 3524 Alaska-slab2-v3                                                                  167.3907   54.9467 15.2
  3.612 3525 Alaska-slab2-v3                                                                  167.4339   55.0323 16.7
 16.638 3529 Alaska-slab2-v3                                                                  166.7761   54.4767  8.2
 16.443 3530 Alaska-slab2-v3                                                                  166.8495   54.5557  9.1
 14.830 3531 Alaska-slab2-v3                                                                  166.9145   54.6365  9.9
 13.180 3532 Alaska-slab2-v3                                                                  166.9596   54.7217 10.8
 11.475 3533 Alaska-slab2-v3                                                                  166.9933   54.8092 11.8
  9.640 3534 Alaska-slab2-v3                                                                  167.0272   54.8967 12.8
  7.600 3535 Alaska-slab2-v3                                                                  167.0612   54.9841 13.9
  5.320 3536 Alaska-slab2-v3                                                                  167.0971   55.0711 15.1
  2.762 3537 Alaska-slab2-v3                                                                  167.1367   55.1574 16.5
 12.478 3541 Alaska-slab2-v3                                                                  166.5086   54.5954  8.4
 11.863 3542 Alaska-slab2-v3                                                                  166.5778   54.6756  9.4
 10.590 3543 Alaska-slab2-v3                                                                  166.6319   54.7588 10.3
  9.345 3544 Alaska-slab2-v3                                                                  166.6665   54.8459 11.2
  8.086 3545 Alaska-slab2-v3                                                                  166.6966   54.9340 12.1
  6.757 3546 Alaska-slab2-v3                                                                  166.7269   55.0220 13.0
  5.316 3547 Alaska-slab2-v3                                                                  166.7572   55.1099 14.0
  3.721 3548 Alaska-slab2-v3                                                                  166.7907   55.1973 15.2
  1.930 3549 Alaska-slab2-v3                                                                  166.8288   55.2839 16.5
  6.759 3553 Alaska-slab2-v3                                                                  166.2376   54.7142  8.8
  6.150 3554 Alaska-slab2-v3                                                                  166.2954   54.7968  9.9
  5.433 3555 Alaska-slab2-v3                                                                  166.3336   54.8830 10.8
  4.753 3556 Alaska-slab2-v3                                                                  166.3587   54.9715 11.7
  4.088 3557 Alaska-slab2-v3                                                                  166.3840   55.0601 12.6
  3.400 3558 Alaska-slab2-v3                                                                  166.4093   55.1486 13.5
  2.660 3559 Alaska-slab2-v3                                                                  166.4358   55.2369 14.5
  1.838 3560 Alaska-slab2-v3                                                                  166.4681   55.3245 15.6
  0.949 3561 Alaska-slab2-v3                                                                  166.5055   55.4114 16.8
  2.600 3564 Alaska-slab2-v3                                                                  165.9035   54.7504  8.1
  2.600 3565 Alaska-slab2-v3                                                                  165.9582   54.8337  9.4
  2.288 3566 Alaska-slab2-v3                                                                  165.9972   54.9195 10.5
  2.012 3567 Alaska-slab2-v3                                                                  166.0196   55.0079 11.5
  1.760 3568 Alaska-slab2-v3                                                                  166.0385   55.0969 12.4
  1.516 3569 Alaska-slab2-v3                                                                  166.0575   55.1860 13.3
  1.265 3570 Alaska-slab2-v3                                                                  166.0767   55.2751 14.2
  0.988 3571 Alaska-slab2-v3                                                                  166.1011   55.3636 15.2
  0.681 3572 Alaska-slab2-v3                                                                  166.1329   55.4512 16.3
  0.349 3573 Alaska-slab2-v3                                                                  166.1671   55.5385 17.5
