 77.035 2164 Alaska-slab2-v3                                                                  195.5985   53.0359 15.8
 65.486 2165 Alaska-slab2-v3                                                                  195.5310   53.1146 17.7
 51.440 2166 Alaska-slab2-v3                                                                  195.4640   53.1926 19.9
 76.590 2179 Alaska-slab2-v3                                                                  195.3277   52.9711 15.9
 65.158 2180 Alaska-slab2-v3                                                                  195.2615   53.0502 17.7
 51.539 2181 Alaska-slab2-v3                                                                  195.1957   53.1287 19.9
 38.545 2182 Alaska-slab2-v3                                                                  195.1300   53.2075 22.0
 76.031 2194 Alaska-slab2-v3                                                                  195.0595   52.9040 15.9
 64.793 2195 Alaska-slab2-v3                                                                  194.9946   52.9835 17.7
 51.734 2196 Alaska-slab2-v3                                                                  194.9299   53.0626 19.8
 39.052 2197 Alaska-slab2-v3                                                                  194.8651   53.1418 21.8
 76.155 2209 Alaska-slab2-v3                                                                  194.7952   52.8344 15.7
 65.140 2210 Alaska-slab2-v3                                                                  194.7309   52.9142 17.5
 52.352 2211 Alaska-slab2-v3                                                                  194.6671   52.9936 19.5
 39.755 2212 Alaska-slab2-v3                                                                  194.6032   53.0731 21.5
 77.365 2224 Alaska-slab2-v3                                                                  194.5343   52.7630 15.4
 66.641 2225 Alaska-slab2-v3                                                                  194.4699   52.8428 17.1
 53.875 2226 Alaska-slab2-v3                                                                  194.4069   52.9224 19.1
 40.917 2227 Alaska-slab2-v3                                                                  194.3436   53.0020 21.1
 79.301 2239 Alaska-slab2-v3                                                                  194.2746   52.6905 15.0
 69.035 2240 Alaska-slab2-v3                                                                  194.2100   52.7703 16.6
 56.332 2241 Alaska-slab2-v3                                                                  194.1478   52.8502 18.6
 42.858 2242 Alaska-slab2-v3                                                                  194.0852   52.9298 20.7
 71.590 2255 Alaska-slab2-v3                                                                  193.9493   52.6979 16.2
 59.070 2256 Alaska-slab2-v3                                                                  193.8879   52.7780 18.2
 45.265 2257 Alaska-slab2-v3                                                                  193.8262   52.8577 20.3
 73.642 2270 Alaska-slab2-v3                                                                  193.6866   52.6267 16.0
 61.497 2271 Alaska-slab2-v3                                                                  193.6262   52.7072 17.9
 47.497 2272 Alaska-slab2-v3                                                                  193.5655   52.7871 20.1
 75.096 2284 Alaska-slab2-v3                                                                  193.4213   52.5583 15.9
 63.119 2285 Alaska-slab2-v3                                                                  193.3621   52.6391 17.8
 49.114 2286 Alaska-slab2-v3                                                                  193.3026   52.7192 20.0
 75.931 2298 Alaska-slab2-v3                                                                  193.1537   52.4933 15.9
 64.028 2299 Alaska-slab2-v3                                                                  193.0957   52.5744 17.8
 50.182 2300 Alaska-slab2-v3                                                                  193.0373   52.6548 20.0
 76.270 2312 Alaska-slab2-v3                                                                  192.8841   52.4317 16.0
 64.303 2313 Alaska-slab2-v3                                                                  192.8274   52.5130 18.0
 50.661 2314 Alaska-slab2-v3                                                                  192.7702   52.5937 20.2
 76.126 2326 Alaska-slab2-v3                                                                  192.6135   52.3730 16.1
 63.953 2327 Alaska-slab2-v3                                                                  192.5579   52.4546 18.1
 50.483 2328 Alaska-slab2-v3                                                                  192.5018   52.5356 20.3
 76.324 2340 Alaska-slab2-v3                                                                  192.3430   52.3171 16.0
 63.914 2341 Alaska-slab2-v3                                                                  192.2883   52.3988 18.0
 50.138 2342 Alaska-slab2-v3                                                                  192.2330   52.4799 20.2
 77.650 2354 Alaska-slab2-v3                                                                  192.0749   52.2635 15.6
 65.053 2355 Alaska-slab2-v3                                                                  192.0201   52.3451 17.7
 50.639 2356 Alaska-slab2-v3                                                                  191.9654   52.4262 20.0
 80.074 2368 Alaska-slab2-v3                                                                  191.8094   52.2105 15.1
 67.847 2369 Alaska-slab2-v3                                                                  191.7544   52.2923 17.0
 53.087 2370 Alaska-slab2-v3                                                                  191.7002   52.3734 19.4
 36.806 2371 Alaska-slab2-v3                                                                  191.6448   52.4536 21.9
 71.429 2383 Alaska-slab2-v3                                                                  191.4894   52.2379 16.3
 57.067 2384 Alaska-slab2-v3                                                                  191.4364   52.3195 18.6
 39.959 2385 Alaska-slab2-v3                                                                  191.3815   52.3995 21.3
 74.343 2397 Alaska-slab2-v3                                                                  191.2237   52.1804 15.8
 60.820 2398 Alaska-slab2-v3                                                                  191.1719   52.2625 17.9
 43.709 2399 Alaska-slab2-v3                                                                  191.1184   52.3428 20.6
 76.020 2410 Alaska-slab2-v3                                                                  190.9577   52.1189 15.5
 62.793 2411 Alaska-slab2-v3                                                                  190.9069   52.2013 17.6
 45.971 2412 Alaska-slab2-v3                                                                  190.8550   52.2822 20.2
 77.027 2423 Alaska-slab2-v3                                                                  190.6924   52.0543 15.4
 63.430 2424 Alaska-slab2-v3                                                                  190.6429   52.1369 17.5
 46.498 2425 Alaska-slab2-v3                                                                  190.5927   52.2181 20.1
 77.698 2436 Alaska-slab2-v3                                                                  190.4282   51.9881 15.3
 63.437 2437 Alaska-slab2-v3                                                                  190.3804   52.0708 17.6
 46.171 2438 Alaska-slab2-v3                                                                  190.3318   52.1522 20.3
 77.933 2449 Alaska-slab2-v3                                                                  190.1648   51.9215 15.4
 63.416 2450 Alaska-slab2-v3                                                                  190.1187   52.0044 17.6
 45.907 2451 Alaska-slab2-v3                                                                  190.0718   52.0861 20.4
 77.633 2462 Alaska-slab2-v3                                                                  189.9018   51.8558 15.5
 63.357 2463 Alaska-slab2-v3                                                                  189.8574   51.9391 17.8
 45.923 2464 Alaska-slab2-v3                                                                  189.8118   52.0210 20.5
 76.906 2475 Alaska-slab2-v3                                                                  189.6395   51.7924 15.9
 62.833 2476 Alaska-slab2-v3                                                                  189.5966   51.8761 18.1
 45.583 2477 Alaska-slab2-v3                                                                  189.5517   51.9580 20.9
 75.808 2488 Alaska-slab2-v3                                                                  189.3786   51.7326 16.5
 61.594 2489 Alaska-slab2-v3                                                                  189.3368   51.8163 18.8
 44.464 2490 Alaska-slab2-v3                                                                  189.2920   51.8981 21.6
 86.371 2500 Alaska-slab2-v3                                                                  189.1606   51.5928 15.2
 74.409 2501 Alaska-slab2-v3                                                                  189.1191   51.6771 17.3
 59.750 2502 Alaska-slab2-v3                                                                  189.0776   51.7604 19.8
 72.406 2513 Alaska-slab2-v3                                                                  188.8984   51.5409 16.0
 57.847 2514 Alaska-slab2-v3                                                                  188.8598   51.6253 18.3
 40.648 2515 Alaska-slab2-v3                                                                  188.8181   51.7081 21.0
 83.115 2525 Alaska-slab2-v3                                                                  188.6752   51.4069 15.0
 71.576 2526 Alaska-slab2-v3                                                                  188.6360   51.4919 16.9
 56.582 2527 Alaska-slab2-v3                                                                  188.5981   51.5760 19.3
 82.708 2538 Alaska-slab2-v3                                                                  188.4086   51.3599 15.6
 70.841 2539 Alaska-slab2-v3                                                                  188.3715   51.4450 17.6
 55.814 2540 Alaska-slab2-v3                                                                  188.3330   51.5288 20.1
 69.830 2550 Alaska-slab2-v3                                                                  188.1402   51.3148 16.0
 55.957 2551 Alaska-slab2-v3                                                                  188.1045   51.3999 18.1
 39.308 2552 Alaska-slab2-v3                                                                  188.0659   51.4837 20.6
 69.382 2562 Alaska-slab2-v3                                                                  187.8701   51.2717 16.3
 55.063 2563 Alaska-slab2-v3                                                                  187.8356   51.3569 18.5
 38.596 2564 Alaska-slab2-v3                                                                  187.7975   51.4407 21.1
 68.952 2574 Alaska-slab2-v3                                                                  187.5990   51.2306 16.6
 54.066 2575 Alaska-slab2-v3                                                                  187.5659   51.3157 18.9
 37.505 2576 Alaska-slab2-v3                                                                  187.5286   51.3996 21.5
 69.024 2586 Alaska-slab2-v3                                                                  187.3276   51.1904 16.6
 53.706 2587 Alaska-slab2-v3                                                                  187.2958   51.2756 19.0
 36.723 2588 Alaska-slab2-v3                                                                  187.2596   51.3594 21.7
 69.353 2598 Alaska-slab2-v3                                                                  187.0563   51.1506 16.5
 54.349 2599 Alaska-slab2-v3                                                                  187.0262   51.2361 18.9
 37.027 2600 Alaska-slab2-v3                                                                  186.9916   51.3201 21.5
 69.331 2610 Alaska-slab2-v3                                                                  186.7857   51.1111 16.2
 55.439 2611 Alaska-slab2-v3                                                                  186.7578   51.1974 18.3
 38.715 2612 Alaska-slab2-v3                                                                  186.7261   51.2821 20.8
141.324 2622 Alaska-slab2-v3                                                                  186.5161   51.0725 15.6
121.757 2623 Alaska-slab2-v3                                                                  186.4904   51.1595 17.5
 98.044 2624 Alaska-slab2-v3                                                                  186.4633   51.2456 19.7
169.235 2636 Alaska-slab2-v3                                                                  186.2236   51.1228 16.6
137.402 2637 Alaska-slab2-v3                                                                  186.2002   51.2099 18.6
100.372 2638 Alaska-slab2-v3                                                                  186.1726   51.2958 20.9
258.448 2649 Alaska-slab2-v3                                                                  185.9571   51.0878 15.7
221.697 2650 Alaska-slab2-v3                                                                  185.9348   51.1752 17.6
180.377 2651 Alaska-slab2-v3                                                                  185.9110   51.2620 19.7
265.270 2663 Alaska-slab2-v3                                                                  185.6675   51.1422 16.7
211.219 2664 Alaska-slab2-v3                                                                  185.6451   51.2292 18.7
153.757 2665 Alaska-slab2-v3                                                                  185.6203   51.3157 20.9
315.005 2677 Alaska-slab2-v3                                                                  185.3969   51.1109 16.0
265.421 2678 Alaska-slab2-v3                                                                  185.3752   51.1980 18.0
211.705 2679 Alaska-slab2-v3                                                                  185.3522   51.2847 20.2
308.319 2691 Alaska-slab2-v3                                                                  185.1230   51.0809 15.6
261.138 2692 Alaska-slab2-v3                                                                  185.1026   51.1684 17.5
205.882 2693 Alaska-slab2-v3                                                                  185.0813   51.2553 19.7
299.008 2706 Alaska-slab2-v3                                                                  184.8487   51.0521 15.7
256.735 2707 Alaska-slab2-v3                                                                  184.8291   51.1401 17.3
204.408 2708 Alaska-slab2-v3                                                                  184.8091   51.2274 19.3
143.833 2709 Alaska-slab2-v3                                                                  184.7869   51.3139 21.7
290.668 2721 Alaska-slab2-v3                                                                  184.5748   51.0247 15.8
252.052 2722 Alaska-slab2-v3                                                                  184.5556   51.1130 17.3
204.042 2723 Alaska-slab2-v3                                                                  184.5363   51.2007 19.1
145.334 2724 Alaska-slab2-v3                                                                  184.5152   51.2874 21.4
285.687 2736 Alaska-slab2-v3                                                                  184.2999   50.9987 15.9
248.663 2737 Alaska-slab2-v3                                                                  184.2813   51.0871 17.3
202.974 2738 Alaska-slab2-v3                                                                  184.2627   51.1751 19.0
146.782 2739 Alaska-slab2-v3                                                                  184.2425   51.2621 21.2
286.212 2751 Alaska-slab2-v3                                                                  184.0244   50.9747 15.9
247.876 2752 Alaska-slab2-v3                                                                  184.0065   51.0631 17.3
202.187 2753 Alaska-slab2-v3                                                                  183.9887   51.1511 19.1
147.570 2754 Alaska-slab2-v3                                                                  183.9695   51.2384 21.1
292.061 2766 Alaska-slab2-v3                                                                  183.7487   50.9529 15.8
250.896 2767 Alaska-slab2-v3                                                                  183.7317   51.0412 17.4
202.437 2768 Alaska-slab2-v3                                                                  183.7146   51.1291 19.2
147.724 2769 Alaska-slab2-v3                                                                  183.6962   51.2164 21.3
300.998 2781 Alaska-slab2-v3                                                                  183.4725   50.9336 15.6
256.567 2782 Alaska-slab2-v3                                                                  183.4566   51.0218 17.4
204.946 2783 Alaska-slab2-v3                                                                  183.4403   51.1095 19.4
147.417 2784 Alaska-slab2-v3                                                                  183.4229   51.1966 21.6
308.904 2796 Alaska-slab2-v3                                                                  183.1956   50.9172 15.6
262.935 2797 Alaska-slab2-v3                                                                  183.1809   51.0053 17.4
208.378 2798 Alaska-slab2-v3                                                                  183.1656   51.0928 19.6
147.759 2799 Alaska-slab2-v3                                                                  183.1494   51.1796 22.0
314.376 2811 Alaska-slab2-v3                                                                  182.9181   50.9039 15.6
268.576 2812 Alaska-slab2-v3                                                                  182.9046   50.9921 17.5
213.069 2813 Alaska-slab2-v3                                                                  182.8905   51.0794 19.7
318.395 2826 Alaska-slab2-v3                                                                  182.6403   50.8941 15.6
274.139 2827 Alaska-slab2-v3                                                                  182.6279   50.9823 17.4
219.065 2828 Alaska-slab2-v3                                                                  182.6151   51.0698 19.7
323.026 2840 Alaska-slab2-v3                                                                  182.3624   50.8878 15.6
279.032 2841 Alaska-slab2-v3                                                                  182.3512   50.9762 17.4
224.830 2842 Alaska-slab2-v3                                                                  182.3395   51.0636 19.7
328.912 2854 Alaska-slab2-v3                                                                  182.0847   50.8853 15.6
283.810 2855 Alaska-slab2-v3                                                                  182.0745   50.9736 17.5
229.351 2856 Alaska-slab2-v3                                                                  182.0637   51.0610 19.7
336.397 2868 Alaska-slab2-v3                                                                  181.8068   50.8865 15.6
288.610 2869 Alaska-slab2-v3                                                                  181.7974   50.9745 17.6
232.583 2870 Alaska-slab2-v3                                                                  181.7875   51.0618 20.0
291.201 2882 Alaska-slab2-v3                                                                  181.5284   50.8914 15.7
233.434 2883 Alaska-slab2-v3                                                                  181.5199   50.9791 17.9
166.476 2884 Alaska-slab2-v3                                                                  181.5111   51.0661 20.4
299.343 2896 Alaska-slab2-v3                                                                  181.2495   50.9001 16.0
239.778 2897 Alaska-slab2-v3                                                                  181.2423   50.9875 18.4
170.368 2898 Alaska-slab2-v3                                                                  181.2349   51.0739 21.1
305.997 2909 Alaska-slab2-v3                                                                  180.9708   50.9120 16.5
246.578 2910 Alaska-slab2-v3                                                                  180.9650   50.9992 19.0
175.611 2911 Alaska-slab2-v3                                                                  180.9593   51.0852 21.9
248.920 2922 Alaska-slab2-v3                                                                  180.6925   50.9266 17.1
180.381 2923 Alaska-slab2-v3                                                                  180.6884   51.0136 19.7
