  0.923 0010 Alaska-slab2-v3                                                                  220.6551   61.0581  8.4
  0.780 0011 Alaska-slab2-v3                                                                  220.6343   61.1471  9.3
  0.615 0012 Alaska-slab2-v3                                                                  220.6074   61.2353 10.4
  0.427 0013 Alaska-slab2-v3                                                                  220.5693   61.3225 11.6
  0.220 0014 Alaska-slab2-v3                                                                  220.5225   61.4090 12.9
  1.876 0034 Alaska-slab2-v3                                                                  220.2091   61.0718  8.6
  1.564 0035 Alaska-slab2-v3                                                                  220.1755   61.1598  9.7
  1.220 0036 Alaska-slab2-v3                                                                  220.1353   61.2470 10.8
  0.836 0037 Alaska-slab2-v3                                                                  220.0881   61.3334 12.1
  0.429 0038 Alaska-slab2-v3                                                                  220.0377   61.4193 13.5
  2.822 0057 Alaska-slab2-v3                                                                  219.7710   61.0555  8.5
  2.346 0058 Alaska-slab2-v3                                                                  219.7270   61.1425  9.6
  1.815 0059 Alaska-slab2-v3                                                                  219.6794   61.2289 10.8
  1.239 0060 Alaska-slab2-v3                                                                  219.6278   61.3148 12.0
  0.631 0061 Alaska-slab2-v3                                                                  219.5751   61.4004 13.4
  3.729 0079 Alaska-slab2-v3                                                                  219.3506   61.0087  8.2
  3.117 0080 Alaska-slab2-v3                                                                  219.2976   61.0947  9.1
  2.435 0081 Alaska-slab2-v3                                                                  219.2445   61.1805 10.2
  1.676 0082 Alaska-slab2-v3                                                                  219.1907   61.2661 11.4
  0.854 0083 Alaska-slab2-v3                                                                  219.1363   61.3516 12.7
  4.493 0101 Alaska-slab2-v3                                                                  218.8900   61.0211  8.6
  3.799 0102 Alaska-slab2-v3                                                                  218.8295   61.1059  9.4
  2.995 0103 Alaska-slab2-v3                                                                  218.7707   61.1909 10.5
  2.075 0104 Alaska-slab2-v3                                                                  218.7137   61.2761 11.6
  1.069 0105 Alaska-slab2-v3                                                                  218.6566   61.3611 12.9
  5.052 0121 Alaska-slab2-v3                                                                  218.5043   60.9250  8.0
  4.473 0122 Alaska-slab2-v3                                                                  218.4369   61.0086  8.8
  3.848 0123 Alaska-slab2-v3                                                                  218.3694   61.0923  9.6
  3.116 0124 Alaska-slab2-v3                                                                  218.3052   61.1764 10.6
  2.233 0125 Alaska-slab2-v3                                                                  218.2444   61.2609 11.7
  1.189 0126 Alaska-slab2-v3                                                                  218.1834   61.3453 13.1
  4.460 0140 Alaska-slab2-v3                                                                  218.0664   60.8965  8.1
  3.883 0141 Alaska-slab2-v3                                                                  217.9921   60.9788  8.8
  3.232 0142 Alaska-slab2-v3                                                                  217.9176   61.0610  9.6
  2.407 0143 Alaska-slab2-v3                                                                  217.8476   61.1440 10.6
  1.352 0144 Alaska-slab2-v3                                                                  217.7819   61.2275 11.9
  4.969 0158 Alaska-slab2-v3                                                                  217.6334   60.8554  8.1
  4.456 0159 Alaska-slab2-v3                                                                  217.5520   60.9361  8.8
  3.774 0160 Alaska-slab2-v3                                                                  217.4711   61.0168  9.6
  2.840 0161 Alaska-slab2-v3                                                                  217.3959   61.0984 10.9
  1.585 0162 Alaska-slab2-v3                                                                  217.3259   61.1805 12.5
  4.087 0176 Alaska-slab2-v3                                                                  217.2052   60.8027  8.5
  3.454 0177 Alaska-slab2-v3                                                                  217.1176   60.8817  9.3
  2.630 0178 Alaska-slab2-v3                                                                  217.0329   60.9613 10.2
  1.507 0179 Alaska-slab2-v3                                                                  216.9532   61.0417 11.6
  4.332 0193 Alaska-slab2-v3                                                                  216.8900   60.6628  8.8
  3.653 0194 Alaska-slab2-v3                                                                  216.7993   60.7407  9.6
  3.005 0195 Alaska-slab2-v3                                                                  216.7064   60.8182 10.4
  2.256 0196 Alaska-slab2-v3                                                                  216.6152   60.8960 11.4
  1.296 0197 Alaska-slab2-v3                                                                  216.5257   60.9741 12.6
  3.985 0211 Alaska-slab2-v3                                                                  216.6061   60.5129  9.0
  3.025 0212 Alaska-slab2-v3                                                                  216.5155   60.5902 10.2
  2.257 0213 Alaska-slab2-v3                                                                  216.4176   60.6658 11.1
  1.584 0214 Alaska-slab2-v3                                                                  216.3169   60.7408 12.0
  0.880 0215 Alaska-slab2-v3                                                                  216.2154   60.8156 12.9
  3.396 0231 Alaska-slab2-v3                                                                  216.3398   60.3457  8.9
  2.285 0232 Alaska-slab2-v3                                                                  216.2532   60.4228 10.7
  1.485 0233 Alaska-slab2-v3                                                                  216.1527   60.4968 11.9
  0.920 0234 Alaska-slab2-v3                                                                  216.0465   60.5698 12.8
  0.470 0235 Alaska-slab2-v3                                                                  215.9396   60.6428 13.6
  1.979 0255 Alaska-slab2-v3                                                                  216.0024   60.2336 10.4
  1.116 0256 Alaska-slab2-v3                                                                  215.9029   60.3067 12.2
  0.570 0257 Alaska-slab2-v3                                                                  215.7964   60.3790 13.4
  0.235 0258 Alaska-slab2-v3                                                                  215.6890   60.4516 14.1
  2.100 0281 Alaska-slab2-v3                                                                  215.7667   60.0238  8.5
  1.298 0282 Alaska-slab2-v3                                                                  215.6685   60.0957 10.9
  0.739 0283 Alaska-slab2-v3                                                                  215.5633   60.1673 12.6
  0.381 0284 Alaska-slab2-v3                                                                  215.4567   60.2395 13.7
  0.158 0285 Alaska-slab2-v3                                                                  215.3492   60.3119 14.4
  1.223 0311 Alaska-slab2-v3                                                                  215.4642   59.8739  8.3
  0.831 0312 Alaska-slab2-v3                                                                  215.3509   59.9410 10.4
  0.540 0313 Alaska-slab2-v3                                                                  215.2419   60.0111 11.9
  0.316 0314 Alaska-slab2-v3                                                                  215.1347   60.0828 13.1
  0.142 0315 Alaska-slab2-v3                                                                  215.0267   60.1546 14.0
  1.043 0344 Alaska-slab2-v3                                                                  215.1063   59.7707  9.3
  0.705 0345 Alaska-slab2-v3                                                                  214.9901   59.8370 11.1
  0.444 0346 Alaska-slab2-v3                                                                  214.8804   59.9071 12.5
  0.253 0347 Alaska-slab2-v3                                                                  214.7697   59.9775 13.5
  0.111 0348 Alaska-slab2-v3                                                                  214.6583   60.0480 14.3
  1.013 0386 Alaska-slab2-v3                                                                  214.8431   59.6356  9.5
  0.664 0387 Alaska-slab2-v3                                                                  214.7243   59.7004 11.4
  0.412 0388 Alaska-slab2-v3                                                                  214.6103   59.7687 12.7
  0.238 0389 Alaska-slab2-v3                                                                  214.4953   59.8373 13.6
  0.124 0390 Alaska-slab2-v3                                                                  214.3795   59.9059 14.2
  0.051 0391 Alaska-slab2-v3                                                                  214.2631   59.9745 14.6
  0.999 0428 Alaska-slab2-v3                                                                  214.5858   59.4974  9.6
  0.644 0429 Alaska-slab2-v3                                                                  214.4641   59.5605 11.5
  0.388 0430 Alaska-slab2-v3                                                                  214.3463   59.6269 12.9
  0.215 0431 Alaska-slab2-v3                                                                  214.2275   59.6935 13.8
  0.108 0432 Alaska-slab2-v3                                                                  214.1078   59.7602 14.4
  0.049 0433 Alaska-slab2-v3                                                                  213.9875   59.8269 14.7
  0.021 0434 Alaska-slab2-v3                                                                  213.8667   59.8935 14.8
  1.009 0469 Alaska-slab2-v3                                                                  214.3377   59.3548  9.5
  0.659 0470 Alaska-slab2-v3                                                                  214.2120   59.4156 11.4
  0.403 0471 Alaska-slab2-v3                                                                  214.0899   59.4797 12.8
  0.228 0472 Alaska-slab2-v3                                                                  213.9667   59.5441 13.7
  0.120 0473 Alaska-slab2-v3                                                                  213.8427   59.6084 14.3
  0.060 0474 Alaska-slab2-v3                                                                  213.7181   59.6728 14.6
  0.032 0475 Alaska-slab2-v3                                                                  213.5930   59.7370 14.8
  0.017 0476 Alaska-slab2-v3                                                                  213.4673   59.8012 14.9
  1.050 0510 Alaska-slab2-v3                                                                  214.1024   59.2073  9.3
  0.716 0511 Alaska-slab2-v3                                                                  213.9719   59.2655 11.1
  0.467 0512 Alaska-slab2-v3                                                                  213.8453   59.3270 12.4
  0.289 0513 Alaska-slab2-v3                                                                  213.7176   59.3887 13.3
  0.173 0514 Alaska-slab2-v3                                                                  213.5892   59.4504 14.0
  0.099 0515 Alaska-slab2-v3                                                                  213.4601   59.5121 14.4
  0.056 0516 Alaska-slab2-v3                                                                  213.3304   59.5737 14.6
  0.030 0517 Alaska-slab2-v3                                                                  213.2003   59.6352 14.7
  1.120 0551 Alaska-slab2-v3                                                                  213.8813   59.0556  8.9
  0.811 0552 Alaska-slab2-v3                                                                  213.7467   59.1112 10.6
  0.568 0553 Alaska-slab2-v3                                                                  213.6158   59.1701 11.9
  0.387 0554 Alaska-slab2-v3                                                                  213.4846   59.2294 12.9
  0.254 0555 Alaska-slab2-v3                                                                  213.3527   59.2888 13.6
  0.163 0556 Alaska-slab2-v3                                                                  213.2201   59.3481 14.1
  0.097 0557 Alaska-slab2-v3                                                                  213.0869   59.4073 14.4
  0.047 0558 Alaska-slab2-v3                                                                  212.9532   59.4664 14.7
  1.151 0591 Alaska-slab2-v3                                                                  213.6725   58.9003  8.7
  0.856 0592 Alaska-slab2-v3                                                                  213.5347   58.9537 10.2
  0.614 0593 Alaska-slab2-v3                                                                  213.4001   59.0099 11.5
  0.424 0594 Alaska-slab2-v3                                                                  213.2660   59.0671 12.5
  0.274 0595 Alaska-slab2-v3                                                                  213.1312   59.1243 13.3
  0.159 0596 Alaska-slab2-v3                                                                  212.9957   59.1814 13.9
  0.072 0597 Alaska-slab2-v3                                                                  212.8597   59.2385 14.4
  1.178 0629 Alaska-slab2-v3                                                                  213.4727   58.7421  8.6
  0.891 0630 Alaska-slab2-v3                                                                  213.3324   58.7934 10.1
  0.651 0631 Alaska-slab2-v3                                                                  213.1942   58.8468 11.4
  0.456 0632 Alaska-slab2-v3                                                                  213.0564   58.9011 12.4
  0.300 0633 Alaska-slab2-v3                                                                  212.9178   58.9554 13.3
  0.176 0634 Alaska-slab2-v3                                                                  212.7787   59.0096 13.9
  0.079 0635 Alaska-slab2-v3                                                                  212.6390   59.0637 14.5
  1.167 0665 Alaska-slab2-v3                                                                  213.2794   58.5822  8.7
  0.871 0666 Alaska-slab2-v3                                                                  213.1372   58.6314 10.3
  0.626 0667 Alaska-slab2-v3                                                                  212.9951   58.6814 11.6
  0.432 0668 Alaska-slab2-v3                                                                  212.8525   58.7318 12.6
  0.280 0669 Alaska-slab2-v3                                                                  212.7092   58.7822 13.5
  0.162 0670 Alaska-slab2-v3                                                                  212.5653   58.8324 14.1
  0.071 0671 Alaska-slab2-v3                                                                  212.4209   58.8826 14.6
  1.075 0700 Alaska-slab2-v3                                                                  213.0897   58.4261  9.1
  0.752 0701 Alaska-slab2-v3                                                                  212.9473   58.4744 10.8
  0.496 0702 Alaska-slab2-v3                                                                  212.8039   58.5229 12.1
  0.305 0703 Alaska-slab2-v3                                                                  212.6595   58.5714 13.1
  0.165 0704 Alaska-slab2-v3                                                                  212.5144   58.6199 13.9
  0.068 0705 Alaska-slab2-v3                                                                  212.3686   58.6683 14.4
  1.013 0735 Alaska-slab2-v3                                                                  212.8990   58.2742  9.5
  0.666 0736 Alaska-slab2-v3                                                                  212.7582   58.3227 11.3
  0.407 0737 Alaska-slab2-v3                                                                  212.6163   58.3719 12.7
  0.227 0738 Alaska-slab2-v3                                                                  212.4734   58.4212 13.7
  0.109 0739 Alaska-slab2-v3                                                                  212.3297   58.4705 14.3
  0.039 0740 Alaska-slab2-v3                                                                  212.1853   58.5196 14.7
  1.006 0770 Alaska-slab2-v3                                                                  212.7037   58.1232  9.6
  0.654 0771 Alaska-slab2-v3                                                                  212.5640   58.1721 11.5
  0.397 0772 Alaska-slab2-v3                                                                  212.4241   58.2223 12.9
  0.222 0773 Alaska-slab2-v3                                                                  212.2830   58.2726 13.8
  0.112 0774 Alaska-slab2-v3                                                                  212.1411   58.3229 14.4
  0.050 0775 Alaska-slab2-v3                                                                  211.9987   58.3731 14.7
  0.019 0776 Alaska-slab2-v3                                                                  211.8558   58.4231 14.9
  1.044 0804 Alaska-slab2-v3                                                                  212.5018   57.9757  9.3
  0.708 0805 Alaska-slab2-v3                                                                  212.3630   58.0250 11.1
  0.455 0806 Alaska-slab2-v3                                                                  212.2250   58.0764 12.5
  0.276 0807 Alaska-slab2-v3                                                                  212.0860   58.1278 13.4
  0.157 0808 Alaska-slab2-v3                                                                  211.9461   58.1791 14.1
  0.081 0809 Alaska-slab2-v3                                                                  211.8057   58.2304 14.5
  0.036 0810 Alaska-slab2-v3                                                                  211.6649   58.2816 14.7
  1.104 0838 Alaska-slab2-v3                                                                  212.2938   57.8339  8.9
  0.796 0839 Alaska-slab2-v3                                                                  212.1557   57.8839 10.5
  0.553 0840 Alaska-slab2-v3                                                                  212.0188   57.9358 11.8
  0.369 0841 Alaska-slab2-v3                                                                  211.8814   57.9880 12.8
  0.234 0842 Alaska-slab2-v3                                                                  211.7432   58.0402 13.5
  0.135 0843 Alaska-slab2-v3                                                                  211.6045   58.0922 14.0
  0.063 0844 Alaska-slab2-v3                                                                  211.4652   58.1442 14.4
  1.210 0872 Alaska-slab2-v3                                                                  212.0783   57.6978  8.4
  0.941 0873 Alaska-slab2-v3                                                                  211.9416   57.7490  9.9
  0.714 0874 Alaska-slab2-v3                                                                  211.8053   57.8010 11.1
  0.533 0875 Alaska-slab2-v3                                                                  211.6687   57.8535 12.1
  0.389 0876 Alaska-slab2-v3                                                                  211.5314   57.9059 12.8
  0.273 0877 Alaska-slab2-v3                                                                  211.3937   57.9582 13.5
  0.174 0878 Alaska-slab2-v3                                                                  211.2554   58.0104 14.0
  0.088 0879 Alaska-slab2-v3                                                                  211.1167   58.0625 14.4
