 72.673 2160 Alaska-slab2-v3                                                                  195.9164   52.7538  8.8
 23.363 2161 Alaska-slab2-v3                                                                  195.8277   52.8066 13.0
  3.874 2162 Alaska-slab2-v3                                                                  195.7503   52.8815 14.6
 36.216 2164 Alaska-slab2-v3                                                                  195.5985   53.0359 15.8
 19.875 2165 Alaska-slab2-v3                                                                  195.5310   53.1146 17.7
 73.858 2175 Alaska-slab2-v3                                                                  195.6419   52.6846  8.7
 26.386 2176 Alaska-slab2-v3                                                                  195.5535   52.7408 12.7
  6.243 2177 Alaska-slab2-v3                                                                  195.4769   52.8160 14.4
 48.773 2179 Alaska-slab2-v3                                                                  195.3277   52.9711 15.9
 34.117 2180 Alaska-slab2-v3                                                                  195.2615   53.0502 17.7
 16.658 2181 Alaska-slab2-v3                                                                  195.1957   53.1287 19.9
 75.696 2190 Alaska-slab2-v3                                                                  195.3701   52.6129  8.4
 30.896 2191 Alaska-slab2-v3                                                                  195.2821   52.6730 12.2
  9.388 2192 Alaska-slab2-v3                                                                  195.2065   52.7485 14.0
 47.583 2194 Alaska-slab2-v3                                                                  195.0595   52.9040 15.9
 33.122 2195 Alaska-slab2-v3                                                                  194.9946   52.9835 17.7
 16.319 2196 Alaska-slab2-v3                                                                  194.9299   53.0626 19.8
 77.117 2205 Alaska-slab2-v3                                                                  195.1009   52.5389  8.2
 35.174 2206 Alaska-slab2-v3                                                                  195.0141   52.6025 11.6
 12.208 2207 Alaska-slab2-v3                                                                  194.9402   52.6785 13.5
 47.079 2209 Alaska-slab2-v3                                                                  194.7952   52.8344 15.7
 32.832 2210 Alaska-slab2-v3                                                                  194.7309   52.9142 17.5
 16.293 2211 Alaska-slab2-v3                                                                  194.6671   52.9936 19.5
 77.670 2220 Alaska-slab2-v3                                                                  194.8340   52.4634  7.9
 38.093 2221 Alaska-slab2-v3                                                                  194.7491   52.5299 11.1
 14.223 2222 Alaska-slab2-v3                                                                  194.6767   52.6063 13.1
 47.548 2224 Alaska-slab2-v3                                                                  194.5343   52.7630 15.4
 33.559 2225 Alaska-slab2-v3                                                                  194.4699   52.8428 17.1
 16.904 2226 Alaska-slab2-v3                                                                  194.4069   52.9224 19.1
 77.221 2235 Alaska-slab2-v3                                                                  194.5680   52.3876  7.8
 39.308 2236 Alaska-slab2-v3                                                                  194.4852   52.4562 10.8
 15.089 2237 Alaska-slab2-v3                                                                  194.4138   52.5328 12.7
 48.235 2239 Alaska-slab2-v3                                                                  194.2746   52.6905 15.0
 34.648 2240 Alaska-slab2-v3                                                                  194.2100   52.7703 16.6
 17.833 2241 Alaska-slab2-v3                                                                  194.1478   52.8502 18.6
 84.174 2250 Alaska-slab2-v3                                                                  194.3010   52.3122  7.7
 50.027 2251 Alaska-slab2-v3                                                                  194.2199   52.3821 10.5
 27.461 2252 Alaska-slab2-v3                                                                  194.1497   52.4592 12.4
 13.134 2253 Alaska-slab2-v3                                                                  194.0814   52.5384 13.6
 35.486 2255 Alaska-slab2-v3                                                                  193.9493   52.6979 16.2
 18.608 2256 Alaska-slab2-v3                                                                  193.8879   52.7780 18.2
 83.523 2265 Alaska-slab2-v3                                                                  194.0320   52.2386  7.6
 49.679 2266 Alaska-slab2-v3                                                                  193.9525   52.3094 10.4
 26.955 2267 Alaska-slab2-v3                                                                  193.8835   52.3869 12.3
 12.692 2268 Alaska-slab2-v3                                                                  193.8169   52.4665 13.5
 35.858 2270 Alaska-slab2-v3                                                                  193.6866   52.6267 16.0
 19.200 2271 Alaska-slab2-v3                                                                  193.6262   52.7072 17.9
 83.205 2279 Alaska-slab2-v3                                                                  193.7606   52.1681  7.6
 49.122 2280 Alaska-slab2-v3                                                                  193.6826   52.2395 10.4
 26.441 2281 Alaska-slab2-v3                                                                  193.6149   52.3174 12.3
 12.372 2282 Alaska-slab2-v3                                                                  193.5495   52.3974 13.5
 36.090 2284 Alaska-slab2-v3                                                                  193.4213   52.5583 15.9
 19.453 2285 Alaska-slab2-v3                                                                  193.3621   52.6391 17.8
 83.097 2293 Alaska-slab2-v3                                                                  193.4869   52.1014  7.7
 48.745 2294 Alaska-slab2-v3                                                                  193.4102   52.1732 10.5
 26.006 2295 Alaska-slab2-v3                                                                  193.3439   52.2515 12.4
 12.096 2296 Alaska-slab2-v3                                                                  193.2795   52.3318 13.5
 36.069 2298 Alaska-slab2-v3                                                                  193.1537   52.4933 15.9
 19.395 2299 Alaska-slab2-v3                                                                  193.0957   52.5744 17.8
 83.364 2307 Alaska-slab2-v3                                                                  193.2114   52.0382  7.7
 48.719 2308 Alaska-slab2-v3                                                                  193.1360   52.1104 10.6
 26.104 2309 Alaska-slab2-v3                                                                  193.0709   52.1890 12.4
 12.390 2310 Alaska-slab2-v3                                                                  193.0074   52.2696 13.6
 36.011 2312 Alaska-slab2-v3                                                                  192.8841   52.4317 16.0
 19.183 2313 Alaska-slab2-v3                                                                  192.8274   52.5130 18.0
 83.611 2321 Alaska-slab2-v3                                                                  192.9351   51.9779  7.7
 49.373 2322 Alaska-slab2-v3                                                                  192.8611   52.0507 10.5
 26.789 2323 Alaska-slab2-v3                                                                  192.7969   52.1296 12.4
 12.854 2324 Alaska-slab2-v3                                                                  192.7344   52.2105 13.6
 36.007 2326 Alaska-slab2-v3                                                                  192.6135   52.3730 16.1
 18.915 2327 Alaska-slab2-v3                                                                  192.5579   52.4546 18.1
 83.690 2335 Alaska-slab2-v3                                                                  192.6588   51.9199  7.6
 50.457 2336 Alaska-slab2-v3                                                                  192.5868   51.9938 10.3
 28.018 2337 Alaska-slab2-v3                                                                  192.5234   52.0730 12.2
 13.463 2338 Alaska-slab2-v3                                                                  192.4622   52.1542 13.4
 36.669 2340 Alaska-slab2-v3                                                                  192.3430   52.3171 16.0
 19.290 2341 Alaska-slab2-v3                                                                  192.2883   52.3988 18.0
 83.333 2349 Alaska-slab2-v3                                                                  192.3835   51.8632  7.4
 51.866 2350 Alaska-slab2-v3                                                                  192.3141   51.9389 10.0
 29.478 2351 Alaska-slab2-v3                                                                  192.2517   52.0185 11.8
 14.179 2352 Alaska-slab2-v3                                                                  192.1922   52.1001 13.0
 37.976 2354 Alaska-slab2-v3                                                                  192.0749   52.2635 15.6
 20.266 2355 Alaska-slab2-v3                                                                  192.0201   52.3451 17.7
 82.656 2363 Alaska-slab2-v3                                                                  192.1090   51.8066  7.2
 53.688 2364 Alaska-slab2-v3                                                                  192.0433   51.8843  9.5
 31.543 2365 Alaska-slab2-v3                                                                  191.9823   51.9645 11.2
 15.064 2366 Alaska-slab2-v3                                                                  191.9245   52.0465 12.5
 54.774 2368 Alaska-slab2-v3                                                                  191.8094   52.2105 15.1
 39.296 2369 Alaska-slab2-v3                                                                  191.7544   52.2923 17.0
 20.610 2370 Alaska-slab2-v3                                                                  191.7002   52.3734 19.4
153.887 2377 Alaska-slab2-v3                                                                  191.8351   51.7486  7.1
117.317 2378 Alaska-slab2-v3                                                                  191.7736   51.8283  9.0
 82.862 2379 Alaska-slab2-v3                                                                  191.7145   51.9093 10.6
 54.959 2380 Alaska-slab2-v3                                                                  191.6577   51.9915 12.0
 29.382 2381 Alaska-slab2-v3                                                                  191.6008   52.0738 13.2
 40.764 2383 Alaska-slab2-v3                                                                  191.4894   52.2379 16.3
 22.160 2384 Alaska-slab2-v3                                                                  191.4364   52.3195 18.6
219.838 2391 Alaska-slab2-v3                                                                  191.5618   51.6883  6.9
172.142 2392 Alaska-slab2-v3                                                                  191.5042   51.7695  8.6
124.290 2393 Alaska-slab2-v3                                                                  191.4470   51.8512 10.1
 82.653 2394 Alaska-slab2-v3                                                                  191.3907   51.9335 11.5
 42.880 2395 Alaska-slab2-v3                                                                  191.3344   52.0158 12.8
 40.809 2397 Alaska-slab2-v3                                                                  191.2237   52.1804 15.8
 22.795 2398 Alaska-slab2-v3                                                                  191.1719   52.2625 17.9
285.789 2404 Alaska-slab2-v3                                                                  191.2896   51.6250  6.8
228.714 2405 Alaska-slab2-v3                                                                  191.2343   51.7071  8.3
168.960 2406 Alaska-slab2-v3                                                                  191.1788   51.7894  9.8
113.327 2407 Alaska-slab2-v3                                                                  191.1231   51.8718 11.1
 58.930 2408 Alaska-slab2-v3                                                                  191.0673   51.9542 12.4
 40.726 2410 Alaska-slab2-v3                                                                  190.9577   52.1189 15.5
 22.800 2411 Alaska-slab2-v3                                                                  190.9069   52.2013 17.6
351.741 2417 Alaska-slab2-v3                                                                  191.0187   51.5590  6.7
282.732 2418 Alaska-slab2-v3                                                                  190.9645   51.6415  8.2
211.662 2419 Alaska-slab2-v3                                                                  190.9099   51.7241  9.6
143.683 2420 Alaska-slab2-v3                                                                  190.8552   51.8068 10.9
 75.189 2421 Alaska-slab2-v3                                                                  190.8003   51.8894 12.2
 41.546 2423 Alaska-slab2-v3                                                                  190.6924   52.0543 15.4
 23.042 2424 Alaska-slab2-v3                                                                  190.6429   52.1369 17.5
351.741 2430 Alaska-slab2-v3                                                                  190.7489   51.4914  6.7
281.289 2431 Alaska-slab2-v3                                                                  190.6952   51.5741  8.1
211.616 2432 Alaska-slab2-v3                                                                  190.6413   51.6569  9.5
144.544 2433 Alaska-slab2-v3                                                                  190.5875   51.7398 10.8
 76.431 2434 Alaska-slab2-v3                                                                  190.5337   51.8227 12.1
 42.796 2436 Alaska-slab2-v3                                                                  190.4282   51.9881 15.3
 23.438 2437 Alaska-slab2-v3                                                                  190.3804   52.0708 17.6
351.741 2443 Alaska-slab2-v3                                                                  190.4797   51.4236  6.7
280.561 2444 Alaska-slab2-v3                                                                  190.4265   51.5064  8.1
209.901 2445 Alaska-slab2-v3                                                                  190.3732   51.5893  9.5
143.398 2446 Alaska-slab2-v3                                                                  190.3203   51.6724 10.8
 76.375 2447 Alaska-slab2-v3                                                                  190.2676   51.7556 12.1
 43.385 2449 Alaska-slab2-v3                                                                  190.1648   51.9215 15.4
 23.720 2450 Alaska-slab2-v3                                                                  190.1187   52.0044 17.6
351.741 2456 Alaska-slab2-v3                                                                  190.2103   51.3567  6.8
280.161 2457 Alaska-slab2-v3                                                                  190.1579   51.4396  8.2
208.325 2458 Alaska-slab2-v3                                                                  190.1055   51.5226  9.6
141.620 2459 Alaska-slab2-v3                                                                  190.0536   51.6059 10.9
 74.915 2460 Alaska-slab2-v3                                                                  190.0020   51.6893 12.2
 42.962 2462 Alaska-slab2-v3                                                                  189.9018   51.8558 15.5
 23.621 2463 Alaska-slab2-v3                                                                  189.8574   51.9391 17.8
351.741 2469 Alaska-slab2-v3                                                                  189.9402   51.2920  6.8
281.192 2470 Alaska-slab2-v3                                                                  189.8891   51.3750  8.4
207.142 2471 Alaska-slab2-v3                                                                  189.8380   51.4582  9.9
140.096 2472 Alaska-slab2-v3                                                                  189.7873   51.5417 11.3
 74.051 2473 Alaska-slab2-v3                                                                  189.7369   51.6254 12.6
 42.327 2475 Alaska-slab2-v3                                                                  189.6395   51.7924 15.9
 23.309 2476 Alaska-slab2-v3                                                                  189.5966   51.8761 18.1
351.741 2482 Alaska-slab2-v3                                                                  189.6688   51.2307  6.9
281.006 2483 Alaska-slab2-v3                                                                  189.6196   51.3137  8.8
203.754 2484 Alaska-slab2-v3                                                                  189.5703   51.3972 10.4
137.123 2485 Alaska-slab2-v3                                                                  189.5211   51.4810 11.7
 72.907 2486 Alaska-slab2-v3                                                                  189.4718   51.5649 13.1
 41.994 2488 Alaska-slab2-v3                                                                  189.3786   51.7326 16.5
 22.950 2489 Alaska-slab2-v3                                                                  189.3368   51.8163 18.8
336.022 2495 Alaska-slab2-v3                                                                  189.3958   51.1735  7.1
227.794 2496 Alaska-slab2-v3                                                                  189.3493   51.2566  9.2
139.666 2497 Alaska-slab2-v3                                                                  189.3020   51.3403 10.9
 68.544 2498 Alaska-slab2-v3                                                                  189.2542   51.4244 12.3
 40.367 2500 Alaska-slab2-v3                                                                  189.1606   51.5928 15.2
 22.228 2501 Alaska-slab2-v3                                                                  189.1191   51.6771 17.3
340.442 2508 Alaska-slab2-v3                                                                  189.1215   51.1204  7.4
219.101 2509 Alaska-slab2-v3                                                                  189.0781   51.2032  9.9
129.692 2510 Alaska-slab2-v3                                                                  189.0329   51.2871 11.7
 64.355 2511 Alaska-slab2-v3                                                                  188.9866   51.3716 13.0
 41.347 2513 Alaska-slab2-v3                                                                  188.8984   51.5409 16.0
 22.393 2514 Alaska-slab2-v3                                                                  188.8598   51.6253 18.3
307.356 2521 Alaska-slab2-v3                                                                  188.8463   51.0704  7.7
158.040 2522 Alaska-slab2-v3                                                                  188.8060   51.1527 10.6
 62.087 2523 Alaska-slab2-v3                                                                  188.7626   51.2368 12.5
 39.163 2525 Alaska-slab2-v3                                                                  188.6752   51.4069 15.0
 22.132 2526 Alaska-slab2-v3                                                                  188.6360   51.4919 16.9
306.759 2534 Alaska-slab2-v3                                                                  188.5701   51.0230  8.1
143.548 2535 Alaska-slab2-v3                                                                  188.5329   51.1043 11.4
 52.110 2536 Alaska-slab2-v3                                                                  188.4913   51.1887 13.2
 39.442 2538 Alaska-slab2-v3                                                                  188.4086   51.3599 15.6
 22.038 2539 Alaska-slab2-v3                                                                  188.3715   51.4450 17.6
304.906 2546 Alaska-slab2-v3                                                                  188.2929   50.9776  8.3
130.469 2547 Alaska-slab2-v3                                                                  188.2584   51.0580 12.0
 43.968 2548 Alaska-slab2-v3                                                                  188.2186   51.1427 13.8
 39.347 2550 Alaska-slab2-v3                                                                  188.1402   51.3148 16.0
 21.462 2551 Alaska-slab2-v3                                                                  188.1045   51.3999 18.1
303.915 2558 Alaska-slab2-v3                                                                  188.0151   50.9341  8.5
125.336 2559 Alaska-slab2-v3                                                                  187.9829   51.0142 12.3
 42.407 2560 Alaska-slab2-v3                                                                  187.9448   51.0992 14.0
 39.481 2562 Alaska-slab2-v3                                                                  187.8701   51.2717 16.3
 21.118 2563 Alaska-slab2-v3                                                                  187.8356   51.3569 18.5
307.392 2570 Alaska-slab2-v3                                                                  187.7371   50.8920  8.4
131.873 2571 Alaska-slab2-v3                                                                  187.7070   50.9726 12.2
 48.338 2572 Alaska-slab2-v3                                                                  187.6702   51.0578 14.0
 40.012 2574 Alaska-slab2-v3                                                                  187.5990   51.2306 16.6
 21.072 2575 Alaska-slab2-v3                                                                  187.5659   51.3157 18.9
314.281 2582 Alaska-slab2-v3                                                                  187.4593   50.8505  8.3
147.010 2583 Alaska-slab2-v3                                                                  187.4311   50.9322 11.8
 58.427 2584 Alaska-slab2-v3                                                                  187.3957   51.0176 13.7
 40.866 2586 Alaska-slab2-v3                                                                  187.3276   51.1904 16.6
 21.487 2587 Alaska-slab2-v3                                                                  187.2958   51.2756 19.0
321.237 2594 Alaska-slab2-v3                                                                  187.1815   50.8091  8.0
164.432 2595 Alaska-slab2-v3                                                                  187.1553   50.8921 11.3
 68.632 2596 Alaska-slab2-v3                                                                  187.1217   50.9776 13.3
 40.987 2598 Alaska-slab2-v3                                                                  187.0563   51.1506 16.5
 21.963 2599 Alaska-slab2-v3                                                                  187.0262   51.2361 18.9
325.731 2606 Alaska-slab2-v3                                                                  186.9034   50.7677  7.8
178.423 2607 Alaska-slab2-v3                                                                  186.8792   50.8520 10.8
 76.328 2608 Alaska-slab2-v3                                                                  186.8480   50.9377 12.9
 39.298 2610 Alaska-slab2-v3                                                                  186.7857   51.1111 16.2
 21.466 2611 Alaska-slab2-v3                                                                  186.7578   51.1974 18.3
324.684 2618 Alaska-slab2-v3                                                                  186.6250   50.7270  7.6
186.393 2619 Alaska-slab2-v3                                                                  186.6029   50.8123 10.3
 81.171 2620 Alaska-slab2-v3                                                                  186.5747   50.8985 12.4
 63.586 2622 Alaska-slab2-v3                                                                  186.5161   51.0725 15.6
 34.839 2623 Alaska-slab2-v3                                                                  186.4904   51.1595 17.5
351.741 2631 Alaska-slab2-v3                                                                  186.3462   50.6875  7.4
236.532 2632 Alaska-slab2-v3                                                                  186.3261   50.7736  9.9
142.953 2633 Alaska-slab2-v3                                                                  186.3013   50.8604 11.9
 69.126 2634 Alaska-slab2-v3                                                                  186.2741   50.9477 13.5
 89.326 2636 Alaska-slab2-v3                                                                  186.2236   51.1228 16.6
 48.034 2637 Alaska-slab2-v3                                                                  186.2002   51.2099 18.6
342.836 2644 Alaska-slab2-v3                                                                  186.0671   50.6497  7.3
226.084 2645 Alaska-slab2-v3                                                                  186.0487   50.7365  9.6
134.562 2646 Alaska-slab2-v3                                                                  186.0271   50.8239 11.5
 64.807 2647 Alaska-slab2-v3                                                                  186.0035   50.9118 12.9
114.200 2649 Alaska-slab2-v3                                                                  185.9571   51.0878 15.7
 60.441 2650 Alaska-slab2-v3                                                                  185.9348   51.1752 17.6
351.741 2657 Alaska-slab2-v3                                                                  185.7873   50.6143  7.2
256.026 2658 Alaska-slab2-v3                                                                  185.7703   50.7014  9.5
174.456 2659 Alaska-slab2-v3                                                                  185.7512   50.7892 11.2
115.047 2660 Alaska-slab2-v3                                                                  185.7307   50.8777 12.5
 62.710 2661 Alaska-slab2-v3                                                                  185.7100   50.9662 13.6
142.847 2663 Alaska-slab2-v3                                                                  185.6675   51.1422 16.7
 73.608 2664 Alaska-slab2-v3                                                                  185.6451   51.2292 18.7
284.397 2671 Alaska-slab2-v3                                                                  185.5072   50.5812  7.2
196.493 2672 Alaska-slab2-v3                                                                  185.4912   50.6685  9.4
129.669 2673 Alaska-slab2-v3                                                                  185.4736   50.7566 11.1
 83.529 2674 Alaska-slab2-v3                                                                  185.4549   50.8453 12.3
 45.344 2675 Alaska-slab2-v3                                                                  185.4362   50.9342 13.2
147.936 2677 Alaska-slab2-v3                                                                  185.3969   51.1109 16.0
 76.927 2678 Alaska-slab2-v3                                                                  185.3752   51.1980 18.0
216.594 2685 Alaska-slab2-v3                                                                  185.2267   50.5503  7.2
148.310 2686 Alaska-slab2-v3                                                                  185.2117   50.6377  9.4
 96.401 2687 Alaska-slab2-v3                                                                  185.1952   50.7258 11.1
 60.560 2688 Alaska-slab2-v3                                                                  185.1776   50.8146 12.3
 31.825 2689 Alaska-slab2-v3                                                                  185.1598   50.9036 13.2
144.981 2691 Alaska-slab2-v3                                                                  185.1230   51.0809 15.6
 78.204 2692 Alaska-slab2-v3                                                                  185.1026   51.1684 17.5
153.673 2700 Alaska-slab2-v3                                                                  184.9459   50.5211  7.2
106.224 2701 Alaska-slab2-v3                                                                  184.9321   50.6085  9.4
 69.249 2702 Alaska-slab2-v3                                                                  184.9167   50.6967 11.2
 42.533 2703 Alaska-slab2-v3                                                                  184.9002   50.7854 12.4
 21.373 2704 Alaska-slab2-v3                                                                  184.8836   50.8745 13.4
195.249 2706 Alaska-slab2-v3                                                                  184.8487   51.0521 15.7
142.059 2707 Alaska-slab2-v3                                                                  184.8291   51.1401 17.3
 76.219 2708 Alaska-slab2-v3                                                                  184.8091   51.2274 19.3
 87.935 2715 Alaska-slab2-v3                                                                  184.6650   50.4933  7.2
 62.553 2716 Alaska-slab2-v3                                                                  184.6522   50.5808  9.4
 41.141 2717 Alaska-slab2-v3                                                                  184.6381   50.6690 11.2
 25.142 2718 Alaska-slab2-v3                                                                  184.6230   50.7578 12.5
 12.270 2719 Alaska-slab2-v3                                                                  184.6078   50.8468 13.6
183.359 2721 Alaska-slab2-v3                                                                  184.5748   51.0247 15.8
134.639 2722 Alaska-slab2-v3                                                                  184.5556   51.1130 17.3
 74.068 2723 Alaska-slab2-v3                                                                  184.5363   51.2007 19.1
 87.935 2730 Alaska-slab2-v3                                                                  184.3837   50.4670  7.2
 63.681 2731 Alaska-slab2-v3                                                                  184.3720   50.5546  9.4
 42.295 2732 Alaska-slab2-v3                                                                  184.3591   50.6428 11.2
 25.807 2733 Alaska-slab2-v3                                                                  184.3452   50.7316 12.6
 12.545 2734 Alaska-slab2-v3                                                                  184.3312   50.8207 13.7
175.704 2736 Alaska-slab2-v3                                                                  184.2999   50.9987 15.9
128.872 2737 Alaska-slab2-v3                                                                  184.2813   51.0871 17.3
 71.079 2738 Alaska-slab2-v3                                                                  184.2627   51.1751 19.0
 87.935 2745 Alaska-slab2-v3                                                                  184.1023   50.4426  7.2
 63.745 2746 Alaska-slab2-v3                                                                  184.0914   50.5302  9.3
 42.497 2747 Alaska-slab2-v3                                                                  184.0794   50.6186 11.1
 26.170 2748 Alaska-slab2-v3                                                                  184.0666   50.7074 12.5
 12.845 2749 Alaska-slab2-v3                                                                  184.0536   50.7966 13.6
175.621 2751 Alaska-slab2-v3                                                                  184.0244   50.9747 15.9
127.059 2752 Alaska-slab2-v3                                                                  184.0065   51.0631 17.3
 69.184 2753 Alaska-slab2-v3                                                                  183.9887   51.1511 19.1
 87.935 2760 Alaska-slab2-v3                                                                  183.8205   50.4203  7.2
 63.036 2761 Alaska-slab2-v3                                                                  183.8105   50.5081  9.3
 42.146 2762 Alaska-slab2-v3                                                                  183.7994   50.5965 11.0
 26.235 2763 Alaska-slab2-v3                                                                  183.7875   50.6855 12.3
 13.239 2764 Alaska-slab2-v3                                                                  183.7755   50.7748 13.4
182.885 2766 Alaska-slab2-v3                                                                  183.7487   50.9529 15.8
130.727 2767 Alaska-slab2-v3                                                                  183.7317   51.0412 17.4
 69.325 2768 Alaska-slab2-v3                                                                  183.7146   51.1291 19.2
 87.935 2775 Alaska-slab2-v3                                                                  183.5384   50.4006  7.1
 62.275 2776 Alaska-slab2-v3                                                                  183.5292   50.4885  9.2
 41.598 2777 Alaska-slab2-v3                                                                  183.5191   50.5771 10.9
 26.214 2778 Alaska-slab2-v3                                                                  183.5081   50.6662 12.2
 13.415 2779 Alaska-slab2-v3                                                                  183.4970   50.7555 13.2
194.490 2781 Alaska-slab2-v3                                                                  183.4725   50.9336 15.6
138.225 2782 Alaska-slab2-v3                                                                  183.4566   51.0218 17.4
 72.852 2783 Alaska-slab2-v3                                                                  183.4403   51.1095 19.4
 87.749 2790 Alaska-slab2-v3                                                                  183.2559   50.3839  7.1
 62.342 2791 Alaska-slab2-v3                                                                  183.2476   50.4719  9.2
 41.892 2792 Alaska-slab2-v3                                                                  183.2383   50.5605 10.8
 26.523 2793 Alaska-slab2-v3                                                                  183.2282   50.6497 12.1
 13.757 2794 Alaska-slab2-v3                                                                  183.2180   50.7391 13.1
204.195 2796 Alaska-slab2-v3                                                                  183.1956   50.9172 15.6
145.945 2797 Alaska-slab2-v3                                                                  183.1809   51.0053 17.4
 76.813 2798 Alaska-slab2-v3                                                                  183.1656   51.0928 19.6
 87.935 2805 Alaska-slab2-v3                                                                  182.9730   50.3703  7.1
 63.502 2806 Alaska-slab2-v3                                                                  182.9656   50.4585  9.1
 43.161 2807 Alaska-slab2-v3                                                                  182.9573   50.5472 10.7
 27.534 2808 Alaska-slab2-v3                                                                  182.9481   50.6364 12.0
 14.139 2809 Alaska-slab2-v3                                                                  182.9388   50.7258 13.0
145.486 2811 Alaska-slab2-v3                                                                  182.9181   50.9039 15.6
 79.714 2812 Alaska-slab2-v3                                                                  182.9046   50.9921 17.5
 87.935 2820 Alaska-slab2-v3                                                                  182.6899   50.3603  7.0
 65.518 2821 Alaska-slab2-v3                                                                  182.6836   50.4486  8.9
 45.454 2822 Alaska-slab2-v3                                                                  182.6763   50.5374 10.5
 29.229 2823 Alaska-slab2-v3                                                                  182.6679   50.6266 11.8
 14.862 2824 Alaska-slab2-v3                                                                  182.6593   50.7159 13.0
144.414 2826 Alaska-slab2-v3                                                                  182.6403   50.8941 15.6
 80.071 2827 Alaska-slab2-v3                                                                  182.6279   50.9823 17.4
 87.935 2834 Alaska-slab2-v3                                                                  182.4069   50.3538  6.9
 67.738 2835 Alaska-slab2-v3                                                                  182.4019   50.4425  8.7
 48.225 2836 Alaska-slab2-v3                                                                  182.3958   50.5313 10.3
 31.321 2837 Alaska-slab2-v3                                                                  182.3882   50.6205 11.6
 15.909 2838 Alaska-slab2-v3                                                                  182.3801   50.7097 12.9
144.487 2840 Alaska-slab2-v3                                                                  182.3624   50.8878 15.6
 79.754 2841 Alaska-slab2-v3                                                                  182.3512   50.9762 17.4
 87.935 2848 Alaska-slab2-v3                                                                  182.1236   50.3512  6.8
 69.621 2849 Alaska-slab2-v3                                                                  182.1201   50.4400  8.5
 50.679 2850 Alaska-slab2-v3                                                                  182.1156   50.5291 10.0
 33.619 2851 Alaska-slab2-v3                                                                  182.1090   50.6182 11.3
 17.186 2852 Alaska-slab2-v3                                                                  182.1013   50.7074 12.6
147.895 2854 Alaska-slab2-v3                                                                  182.0847   50.8853 15.6
 80.897 2855 Alaska-slab2-v3                                                                  182.0745   50.9736 17.5
 87.935 2862 Alaska-slab2-v3                                                                  181.8402   50.3523  6.8
 70.703 2863 Alaska-slab2-v3                                                                  181.8380   50.4414  8.3
 52.457 2864 Alaska-slab2-v3                                                                  181.8349   50.5305  9.7
 35.351 2865 Alaska-slab2-v3                                                                  181.8294   50.6197 11.1
 18.499 2866 Alaska-slab2-v3                                                                  181.8222   50.7089 12.4
155.273 2868 Alaska-slab2-v3                                                                  181.8068   50.8865 15.6
 83.798 2869 Alaska-slab2-v3                                                                  181.7974   50.9745 17.6
 87.935 2876 Alaska-slab2-v3                                                                  181.5568   50.3573  6.8
 71.364 2877 Alaska-slab2-v3                                                                  181.5553   50.4465  8.2
 53.460 2878 Alaska-slab2-v3                                                                  181.5532   50.5356  9.6
 36.444 2879 Alaska-slab2-v3                                                                  181.5486   50.6249 11.0
 19.301 2880 Alaska-slab2-v3                                                                  181.5422   50.7140 12.3
163.560 2882 Alaska-slab2-v3                                                                  181.5284   50.8914 15.7
 87.806 2883 Alaska-slab2-v3                                                                  181.5199   50.9791 17.9
 87.935 2890 Alaska-slab2-v3                                                                  181.2734   50.3663  6.8
 72.049 2891 Alaska-slab2-v3                                                                  181.2723   50.4553  8.3
 54.037 2892 Alaska-slab2-v3                                                                  181.2705   50.5445  9.7
 37.025 2893 Alaska-slab2-v3                                                                  181.2666   50.6337 11.1
 19.764 2894 Alaska-slab2-v3                                                                  181.2612   50.7229 12.5
170.369 2896 Alaska-slab2-v3                                                                  181.2495   50.9001 16.0
 91.686 2897 Alaska-slab2-v3                                                                  181.2423   50.9875 18.4
 87.935 2903 Alaska-slab2-v3                                                                  180.9901   50.3788  6.8
 72.703 2904 Alaska-slab2-v3                                                                  180.9893   50.4677  8.5
 54.133 2905 Alaska-slab2-v3                                                                  180.9876   50.5567 10.0
 37.019 2906 Alaska-slab2-v3                                                                  180.9842   50.6459 11.4
 19.784 2907 Alaska-slab2-v3                                                                  180.9801   50.7350 12.9
173.945 2909 Alaska-slab2-v3                                                                  180.9708   50.9120 16.5
 94.675 2910 Alaska-slab2-v3                                                                  180.9650   50.9992 19.0
 87.935 2916 Alaska-slab2-v3                                                                  180.7071   50.3941  7.0
 72.859 2917 Alaska-slab2-v3                                                                  180.7065   50.4827  8.8
 53.618 2918 Alaska-slab2-v3                                                                  180.7050   50.5716 10.4
 36.605 2919 Alaska-slab2-v3                                                                  180.7024   50.6607 11.9
 19.711 2920 Alaska-slab2-v3                                                                  180.6995   50.7498 13.3
 92.272 2922 Alaska-slab2-v3                                                                  180.6925   50.9266 17.1
