 24.866 3349 Alaska-slab2-v3                                                                  170.7214   52.5414  6.8
 24.866 3350 Alaska-slab2-v3                                                                  170.8230   52.6053  8.5
 24.866 3351 Alaska-slab2-v3                                                                  170.9229   52.6706 10.0
 24.866 3352 Alaska-slab2-v3                                                                  171.0184   52.7386 11.2
 24.866 3353 Alaska-slab2-v3                                                                  171.1118   52.8079 12.4
 24.866 3354 Alaska-slab2-v3                                                                  171.2054   52.8771 13.7
 24.866 3355 Alaska-slab2-v3                                                                  171.3008   52.9451 15.2
 24.406 3356 Alaska-slab2-v3                                                                  171.3989   53.0108 17.1
 21.072 3357 Alaska-slab2-v3                                                                  171.4965   53.0760 19.3
 17.205 3358 Alaska-slab2-v3                                                                  171.5870   53.1437 22.0
 24.866 3363 Alaska-slab2-v3                                                                  170.4736   52.6431  6.8
 24.866 3364 Alaska-slab2-v3                                                                  170.5766   52.7064  8.4
 24.866 3365 Alaska-slab2-v3                                                                  170.6783   52.7708  9.8
 24.866 3366 Alaska-slab2-v3                                                                  170.7761   52.8378 11.1
 24.866 3367 Alaska-slab2-v3                                                                  170.8716   52.9063 12.2
 24.866 3368 Alaska-slab2-v3                                                                  170.9672   52.9746 13.5
 24.866 3369 Alaska-slab2-v3                                                                  171.0642   53.0419 15.0
 23.352 3370 Alaska-slab2-v3                                                                  171.1639   53.1070 16.8
 19.996 3371 Alaska-slab2-v3                                                                  171.2647   53.1709 19.0
 16.264 3372 Alaska-slab2-v3                                                                  171.3591   53.2375 21.3
 11.857 3373 Alaska-slab2-v3                                                                  171.4477   53.3058 24.1
 24.866 3377 Alaska-slab2-v3                                                                  170.2255   52.7452  6.8
 24.866 3378 Alaska-slab2-v3                                                                  170.3296   52.8082  8.3
 24.866 3379 Alaska-slab2-v3                                                                  170.4332   52.8718  9.7
 24.866 3380 Alaska-slab2-v3                                                                  170.5333   52.9376 10.9
 24.866 3381 Alaska-slab2-v3                                                                  170.6308   53.0051 12.1
 24.866 3382 Alaska-slab2-v3                                                                  170.7285   53.0725 13.4
 24.866 3383 Alaska-slab2-v3                                                                  170.8273   53.1389 14.8
 24.866 3384 Alaska-slab2-v3                                                                  170.9288   53.2033 16.6
 22.630 3385 Alaska-slab2-v3                                                                  171.0319   53.2662 18.7
 19.259 3386 Alaska-slab2-v3                                                                  171.1289   53.3317 21.1
 15.497 3387 Alaska-slab2-v3                                                                  171.2194   53.3998 23.7
 24.866 3392 Alaska-slab2-v3                                                                  169.9768   52.8474  6.7
 24.866 3393 Alaska-slab2-v3                                                                  170.0819   52.9101  8.1
 24.866 3394 Alaska-slab2-v3                                                                  170.1869   52.9731  9.5
 24.866 3395 Alaska-slab2-v3                                                                  170.2892   53.0378 10.8
 24.866 3396 Alaska-slab2-v3                                                                  170.3890   53.1042 12.0
 24.866 3397 Alaska-slab2-v3                                                                  170.4890   53.1704 13.3
 24.866 3398 Alaska-slab2-v3                                                                  170.5899   53.2358 14.8
 24.866 3399 Alaska-slab2-v3                                                                  170.6933   53.2993 16.5
 22.033 3400 Alaska-slab2-v3                                                                  170.7981   53.3614 18.6
 18.530 3401 Alaska-slab2-v3                                                                  170.8972   53.4258 20.9
 14.684 3402 Alaska-slab2-v3                                                                  170.9897   53.4932 23.5
 24.866 3407 Alaska-slab2-v3                                                                  169.7243   52.9548  6.7
 24.866 3408 Alaska-slab2-v3                                                                  169.8281   53.0187  8.0
 24.866 3409 Alaska-slab2-v3                                                                  169.9321   53.0825  9.3
 21.699 3410 Alaska-slab2-v3                                                                  170.0337   53.1478 10.5
 18.412 3411 Alaska-slab2-v3                                                                  170.1322   53.2149 11.7
 14.831 3412 Alaska-slab2-v3                                                                  170.2304   53.2821 13.1
 10.636 3413 Alaska-slab2-v3                                                                  170.3293   53.3486 14.6
  5.639 3414 Alaska-slab2-v3                                                                  170.4308   53.4131 16.5
 43.515 3416 Alaska-slab2-v3                                                                  169.4675   53.0673  6.6
 43.515 3417 Alaska-slab2-v3                                                                  169.5679   53.1334  7.8
 43.515 3418 Alaska-slab2-v3                                                                  169.6686   53.1994  9.0
 39.201 3419 Alaska-slab2-v3                                                                  169.7667   53.2668 10.2
 33.434 3420 Alaska-slab2-v3                                                                  169.8603   53.3365 11.4
 27.056 3421 Alaska-slab2-v3                                                                  169.9523   53.4068 12.8
 19.507 3422 Alaska-slab2-v3                                                                  170.0447   53.4766 14.4
 10.363 3423 Alaska-slab2-v3                                                                  170.1399   53.5444 16.4
 62.165 3425 Alaska-slab2-v3                                                                  169.2101   53.1793  6.6
 62.165 3426 Alaska-slab2-v3                                                                  169.3074   53.2473  7.7
 62.165 3427 Alaska-slab2-v3                                                                  169.4050   53.3152  8.8
 56.501 3428 Alaska-slab2-v3                                                                  169.4998   53.3843 10.0
 48.362 3429 Alaska-slab2-v3                                                                  169.5885   53.4564 11.2
 39.273 3430 Alaska-slab2-v3                                                                  169.6739   53.5297 12.5
 28.352 3431 Alaska-slab2-v3                                                                  169.7594   53.6027 14.1
 15.194 3432 Alaska-slab2-v3                                                                  169.8477   53.6738 16.1
 80.814 3434 Alaska-slab2-v3                                                                  168.9521   53.2912  6.6
 80.814 3435 Alaska-slab2-v3                                                                  169.0464   53.3608  7.6
 80.814 3436 Alaska-slab2-v3                                                                  169.1410   53.4303  8.7
 72.638 3437 Alaska-slab2-v3                                                                  169.2331   53.5010  9.9
 62.067 3438 Alaska-slab2-v3                                                                  169.3171   53.5750 11.0
 50.232 3439 Alaska-slab2-v3                                                                  169.3959   53.6511 12.3
 36.319 3440 Alaska-slab2-v3                                                                  169.4747   53.7269 13.9
 19.515 3441 Alaska-slab2-v3                                                                  169.5560   53.8011 15.7
 99.463 3443 Alaska-slab2-v3                                                                  168.6937   53.4032  6.5
 99.463 3444 Alaska-slab2-v3                                                                  168.7853   53.4742  7.5
 99.463 3445 Alaska-slab2-v3                                                                  168.8772   53.5452  8.6
 87.721 3446 Alaska-slab2-v3                                                                  168.9678   53.6168  9.7
 74.713 3447 Alaska-slab2-v3                                                                  169.0484   53.6922 10.8
 60.208 3448 Alaska-slab2-v3                                                                  169.1204   53.7707 12.1
 43.515 3449 Alaska-slab2-v3                                                                  169.1926   53.8490 13.5
 23.369 3450 Alaska-slab2-v3                                                                  169.2666   53.9261 15.2
 99.463 3452 Alaska-slab2-v3                                                                  168.4354   53.5154  6.5
 99.463 3453 Alaska-slab2-v3                                                                  168.5250   53.5876  7.4
 97.956 3454 Alaska-slab2-v3                                                                  168.6148   53.6597  8.4
 85.892 3455 Alaska-slab2-v3                                                                  168.7047   53.7319  9.4
 72.984 3456 Alaska-slab2-v3                                                                  168.7843   53.8076 10.4
 58.870 3457 Alaska-slab2-v3                                                                  168.8518   53.8876 11.6
 42.584 3458 Alaska-slab2-v3                                                                  168.9174   53.9681 13.0
 23.041 3459 Alaska-slab2-v3                                                                  168.9837   54.0479 14.6
 99.463 3461 Alaska-slab2-v3                                                                  168.1774   53.6281  6.4
 99.463 3462 Alaska-slab2-v3                                                                  168.2654   53.7012  7.3
 99.463 3463 Alaska-slab2-v3                                                                  168.3536   53.7742  8.2
 96.189 3464 Alaska-slab2-v3                                                                  168.4421   53.8471  9.1
 85.351 3465 Alaska-slab2-v3                                                                  168.5235   53.9225 10.1
 73.723 3466 Alaska-slab2-v3                                                                  168.5906   54.0025 11.1
 60.175 3467 Alaska-slab2-v3                                                                  168.6510   54.0846 12.3
 43.805 3468 Alaska-slab2-v3                                                                  168.7115   54.1664 13.7
 23.709 3469 Alaska-slab2-v3                                                                  168.7728   54.2474 15.5
 99.463 3471 Alaska-slab2-v3                                                                  167.9197   53.7416  6.4
 99.463 3472 Alaska-slab2-v3                                                                  168.0058   53.8156  7.3
 99.463 3473 Alaska-slab2-v3                                                                  168.0922   53.8895  8.1
 91.480 3474 Alaska-slab2-v3                                                                  168.1790   53.9633  8.9
 81.035 3475 Alaska-slab2-v3                                                                  168.2618   54.0384  9.8
 70.231 3476 Alaska-slab2-v3                                                                  168.3297   54.1182 10.7
 57.985 3477 Alaska-slab2-v3                                                                  168.3866   54.2014 11.7
 42.979 3478 Alaska-slab2-v3                                                                  168.4436   54.2844 13.0
 23.770 3479 Alaska-slab2-v3                                                                  168.5002   54.3669 14.6
 99.463 3481 Alaska-slab2-v3                                                                  167.6621   53.8559  6.4
 99.463 3482 Alaska-slab2-v3                                                                  167.7460   53.9309  7.3
 99.463 3483 Alaska-slab2-v3                                                                  167.8302   54.0058  8.1
 99.463 3484 Alaska-slab2-v3                                                                  167.9147   54.0806  8.9
 90.935 3485 Alaska-slab2-v3                                                                  167.9964   54.1563  9.8
 81.409 3486 Alaska-slab2-v3                                                                  168.0623   54.2367 10.6
 71.109 3487 Alaska-slab2-v3                                                                  168.1154   54.3209 11.5
 58.703 3488 Alaska-slab2-v3                                                                  168.1686   54.4048 12.7
 43.086 3489 Alaska-slab2-v3                                                                  168.2219   54.4885 14.1
 23.371 3490 Alaska-slab2-v3                                                                  168.2713   54.5723 15.9
 99.463 3492 Alaska-slab2-v3                                                                  167.4045   53.9710  6.4
 99.463 3493 Alaska-slab2-v3                                                                  167.4858   54.0470  7.2
 99.463 3494 Alaska-slab2-v3                                                                  167.5675   54.1229  8.1
 96.893 3495 Alaska-slab2-v3                                                                  167.6494   54.1988  8.9
 87.181 3496 Alaska-slab2-v3                                                                  167.7277   54.2757  9.8
 77.126 3497 Alaska-slab2-v3                                                                  167.7888   54.3573 10.7
 66.271 3498 Alaska-slab2-v3                                                                  167.8365   54.4426 11.6
 53.931 3499 Alaska-slab2-v3                                                                  167.8844   54.5277 12.7
 38.963 3500 Alaska-slab2-v3                                                                  167.9324   54.6126 14.0
 21.024 3501 Alaska-slab2-v3                                                                  167.9794   54.6973 15.6
 99.463 3503 Alaska-slab2-v3                                                                  167.1467   54.0865  6.4
 99.463 3504 Alaska-slab2-v3                                                                  167.2254   54.1636  7.2
 99.463 3505 Alaska-slab2-v3                                                                  167.3044   54.2406  8.1
 99.463 3506 Alaska-slab2-v3                                                                  167.3837   54.3175  8.9
 95.070 3507 Alaska-slab2-v3                                                                  167.4581   54.3956  9.8
 85.436 3508 Alaska-slab2-v3                                                                  167.5138   54.4785 10.7
 75.061 3509 Alaska-slab2-v3                                                                  167.5557   54.5648 11.7
 63.521 3510 Alaska-slab2-v3                                                                  167.5977   54.6510 12.8
 50.499 3511 Alaska-slab2-v3                                                                  167.6398   54.7370 14.0
 35.360 3512 Alaska-slab2-v3                                                                  167.6835   54.8225 15.4
 18.315 3513 Alaska-slab2-v3                                                                  167.7293   54.9074 17.1
 99.463 3515 Alaska-slab2-v3                                                                  166.8888   54.2024  6.4
 99.463 3516 Alaska-slab2-v3                                                                  166.9648   54.2805  7.3
 99.463 3517 Alaska-slab2-v3                                                                  167.0410   54.3585  8.1
 99.463 3518 Alaska-slab2-v3                                                                  167.1176   54.4364  9.0
 92.021 3519 Alaska-slab2-v3                                                                  167.1884   54.5156  9.8
 82.135 3520 Alaska-slab2-v3                                                                  167.2394   54.5995 10.8
 71.705 3521 Alaska-slab2-v3                                                                  167.2765   54.6866 11.7
 60.297 3522 Alaska-slab2-v3                                                                  167.3137   54.7736 12.8
 47.586 3523 Alaska-slab2-v3                                                                  167.3511   54.8604 13.9
 33.245 3524 Alaska-slab2-v3                                                                  167.3907   54.9467 15.2
 17.274 3525 Alaska-slab2-v3                                                                  167.4339   55.0323 16.7
 79.571 3527 Alaska-slab2-v3                                                                  166.6302   54.3186  6.4
 79.571 3528 Alaska-slab2-v3                                                                  166.7030   54.3977  7.3
 79.571 3529 Alaska-slab2-v3                                                                  166.7761   54.4767  8.2
 78.640 3530 Alaska-slab2-v3                                                                  166.8495   54.5557  9.1
 70.927 3531 Alaska-slab2-v3                                                                  166.9145   54.6365  9.9
 63.036 3532 Alaska-slab2-v3                                                                  166.9596   54.7217 10.8
 54.879 3533 Alaska-slab2-v3                                                                  166.9933   54.8092 11.8
 46.102 3534 Alaska-slab2-v3                                                                  167.0272   54.8967 12.8
 36.350 3535 Alaska-slab2-v3                                                                  167.0612   54.9841 13.9
 25.445 3536 Alaska-slab2-v3                                                                  167.0971   55.0711 15.1
 13.210 3537 Alaska-slab2-v3                                                                  167.1367   55.1574 16.5
 59.678 3539 Alaska-slab2-v3                                                                  166.3705   54.4349  6.5
 59.678 3540 Alaska-slab2-v3                                                                  166.4394   54.5152  7.5
 59.678 3541 Alaska-slab2-v3                                                                  166.5086   54.5954  8.4
 56.734 3542 Alaska-slab2-v3                                                                  166.5778   54.6756  9.4
 50.646 3543 Alaska-slab2-v3                                                                  166.6319   54.7588 10.3
 44.692 3544 Alaska-slab2-v3                                                                  166.6665   54.8459 11.2
 38.670 3545 Alaska-slab2-v3                                                                  166.6966   54.9340 12.1
 32.314 3546 Alaska-slab2-v3                                                                  166.7269   55.0220 13.0
 25.423 3547 Alaska-slab2-v3                                                                  166.7572   55.1099 14.0
 17.796 3548 Alaska-slab2-v3                                                                  166.7907   55.1973 15.2
  9.233 3549 Alaska-slab2-v3                                                                  166.8288   55.2839 16.5
 32.326 3551 Alaska-slab2-v3                                                                  166.1096   54.5512  6.6
 32.326 3552 Alaska-slab2-v3                                                                  166.1735   54.6327  7.7
 32.326 3553 Alaska-slab2-v3                                                                  166.2376   54.7142  8.8
 29.413 3554 Alaska-slab2-v3                                                                  166.2954   54.7968  9.9
 25.982 3555 Alaska-slab2-v3                                                                  166.3336   54.8830 10.8
 22.730 3556 Alaska-slab2-v3                                                                  166.3587   54.9715 11.7
 19.549 3557 Alaska-slab2-v3                                                                  166.3840   55.0601 12.6
 16.261 3558 Alaska-slab2-v3                                                                  166.4093   55.1486 13.5
 12.723 3559 Alaska-slab2-v3                                                                  166.4358   55.2369 14.5
  8.792 3560 Alaska-slab2-v3                                                                  166.4681   55.3245 15.6
  4.539 3561 Alaska-slab2-v3                                                                  166.5055   55.4114 16.8
 12.433 3563 Alaska-slab2-v3                                                                  165.8466   54.6675  6.7
 12.433 3564 Alaska-slab2-v3                                                                  165.9035   54.7504  8.1
 12.433 3565 Alaska-slab2-v3                                                                  165.9582   54.8337  9.4
 10.944 3566 Alaska-slab2-v3                                                                  165.9972   54.9195 10.5
  9.621 3567 Alaska-slab2-v3                                                                  166.0196   55.0079 11.5
  8.417 3568 Alaska-slab2-v3                                                                  166.0385   55.0969 12.4
  7.252 3569 Alaska-slab2-v3                                                                  166.0575   55.1860 13.3
  6.048 3570 Alaska-slab2-v3                                                                  166.0767   55.2751 14.2
  4.724 3571 Alaska-slab2-v3                                                                  166.1011   55.3636 15.2
  3.255 3572 Alaska-slab2-v3                                                                  166.1329   55.4512 16.3
  1.667 3573 Alaska-slab2-v3                                                                  166.1671   55.5385 17.5
