 30.646 2160 Alaska-slab2-v3                                                                  195.9164   52.7538  8.8
  9.852 2161 Alaska-slab2-v3                                                                  195.8277   52.8066 13.0
  1.634 2162 Alaska-slab2-v3                                                                  195.7503   52.8815 14.6
 15.272 2164 Alaska-slab2-v3                                                                  195.5985   53.0359 15.8
  8.381 2165 Alaska-slab2-v3                                                                  195.5310   53.1146 17.7
 31.146 2175 Alaska-slab2-v3                                                                  195.6419   52.6846  8.7
 11.127 2176 Alaska-slab2-v3                                                                  195.5535   52.7408 12.7
  2.633 2177 Alaska-slab2-v3                                                                  195.4769   52.8160 14.4
 20.567 2179 Alaska-slab2-v3                                                                  195.3277   52.9711 15.9
 14.387 2180 Alaska-slab2-v3                                                                  195.2615   53.0502 17.7
  7.025 2181 Alaska-slab2-v3                                                                  195.1957   53.1287 19.9
 31.921 2190 Alaska-slab2-v3                                                                  195.3701   52.6129  8.4
 13.029 2191 Alaska-slab2-v3                                                                  195.2821   52.6730 12.2
  3.959 2192 Alaska-slab2-v3                                                                  195.2065   52.7485 14.0
 20.065 2194 Alaska-slab2-v3                                                                  195.0595   52.9040 15.9
 13.967 2195 Alaska-slab2-v3                                                                  194.9946   52.9835 17.7
  6.882 2196 Alaska-slab2-v3                                                                  194.9299   53.0626 19.8
 32.520 2205 Alaska-slab2-v3                                                                  195.1009   52.5389  8.2
 14.833 2206 Alaska-slab2-v3                                                                  195.0141   52.6025 11.6
  5.148 2207 Alaska-slab2-v3                                                                  194.9402   52.6785 13.5
 19.853 2209 Alaska-slab2-v3                                                                  194.7952   52.8344 15.7
 13.845 2210 Alaska-slab2-v3                                                                  194.7309   52.9142 17.5
  6.871 2211 Alaska-slab2-v3                                                                  194.6671   52.9936 19.5
 32.753 2220 Alaska-slab2-v3                                                                  194.8340   52.4634  7.9
 16.064 2221 Alaska-slab2-v3                                                                  194.7491   52.5299 11.1
  5.998 2222 Alaska-slab2-v3                                                                  194.6767   52.6063 13.1
 20.051 2224 Alaska-slab2-v3                                                                  194.5343   52.7630 15.4
 14.152 2225 Alaska-slab2-v3                                                                  194.4699   52.8428 17.1
  7.128 2226 Alaska-slab2-v3                                                                  194.4069   52.9224 19.1
 32.564 2235 Alaska-slab2-v3                                                                  194.5680   52.3876  7.8
 16.576 2236 Alaska-slab2-v3                                                                  194.4852   52.4562 10.8
  6.363 2237 Alaska-slab2-v3                                                                  194.4138   52.5328 12.7
 20.340 2239 Alaska-slab2-v3                                                                  194.2746   52.6905 15.0
 14.611 2240 Alaska-slab2-v3                                                                  194.2100   52.7703 16.6
  7.520 2241 Alaska-slab2-v3                                                                  194.1478   52.8502 18.6
 35.496 2250 Alaska-slab2-v3                                                                  194.3010   52.3122  7.7
 21.096 2251 Alaska-slab2-v3                                                                  194.2199   52.3821 10.5
 11.580 2252 Alaska-slab2-v3                                                                  194.1497   52.4592 12.4
  5.538 2253 Alaska-slab2-v3                                                                  194.0814   52.5384 13.6
 14.964 2255 Alaska-slab2-v3                                                                  193.9493   52.6979 16.2
  7.847 2256 Alaska-slab2-v3                                                                  193.8879   52.7780 18.2
 35.221 2265 Alaska-slab2-v3                                                                  194.0320   52.2386  7.6
 20.949 2266 Alaska-slab2-v3                                                                  193.9525   52.3094 10.4
 11.367 2267 Alaska-slab2-v3                                                                  193.8835   52.3869 12.3
  5.352 2268 Alaska-slab2-v3                                                                  193.8169   52.4665 13.5
 15.121 2270 Alaska-slab2-v3                                                                  193.6866   52.6267 16.0
  8.097 2271 Alaska-slab2-v3                                                                  193.6262   52.7072 17.9
 35.087 2279 Alaska-slab2-v3                                                                  193.7606   52.1681  7.6
 20.715 2280 Alaska-slab2-v3                                                                  193.6826   52.2395 10.4
 11.150 2281 Alaska-slab2-v3                                                                  193.6149   52.3174 12.3
  5.217 2282 Alaska-slab2-v3                                                                  193.5495   52.3974 13.5
 15.219 2284 Alaska-slab2-v3                                                                  193.4213   52.5583 15.9
  8.203 2285 Alaska-slab2-v3                                                                  193.3621   52.6391 17.8
 35.042 2293 Alaska-slab2-v3                                                                  193.4869   52.1014  7.7
 20.556 2294 Alaska-slab2-v3                                                                  193.4102   52.1732 10.5
 10.966 2295 Alaska-slab2-v3                                                                  193.3439   52.2515 12.4
  5.101 2296 Alaska-slab2-v3                                                                  193.2795   52.3318 13.5
 15.210 2298 Alaska-slab2-v3                                                                  193.1537   52.4933 15.9
  8.179 2299 Alaska-slab2-v3                                                                  193.0957   52.5744 17.8
 35.154 2307 Alaska-slab2-v3                                                                  193.2114   52.0382  7.7
 20.545 2308 Alaska-slab2-v3                                                                  193.1360   52.1104 10.6
 11.008 2309 Alaska-slab2-v3                                                                  193.0709   52.1890 12.4
  5.225 2310 Alaska-slab2-v3                                                                  193.0074   52.2696 13.6
 15.186 2312 Alaska-slab2-v3                                                                  192.8841   52.4317 16.0
  8.089 2313 Alaska-slab2-v3                                                                  192.8274   52.5130 18.0
 35.258 2321 Alaska-slab2-v3                                                                  192.9351   51.9779  7.7
 20.821 2322 Alaska-slab2-v3                                                                  192.8611   52.0507 10.5
 11.297 2323 Alaska-slab2-v3                                                                  192.7969   52.1296 12.4
  5.420 2324 Alaska-slab2-v3                                                                  192.7344   52.2105 13.6
 15.184 2326 Alaska-slab2-v3                                                                  192.6135   52.3730 16.1
  7.976 2327 Alaska-slab2-v3                                                                  192.5579   52.4546 18.1
 35.292 2335 Alaska-slab2-v3                                                                  192.6588   51.9199  7.6
 21.277 2336 Alaska-slab2-v3                                                                  192.5868   51.9938 10.3
 11.815 2337 Alaska-slab2-v3                                                                  192.5234   52.0730 12.2
  5.677 2338 Alaska-slab2-v3                                                                  192.4622   52.1542 13.4
 15.463 2340 Alaska-slab2-v3                                                                  192.3430   52.3171 16.0
  8.135 2341 Alaska-slab2-v3                                                                  192.2883   52.3988 18.0
 35.141 2349 Alaska-slab2-v3                                                                  192.3835   51.8632  7.4
 21.872 2350 Alaska-slab2-v3                                                                  192.3141   51.9389 10.0
 12.431 2351 Alaska-slab2-v3                                                                  192.2517   52.0185 11.8
  5.979 2352 Alaska-slab2-v3                                                                  192.1922   52.1001 13.0
 16.014 2354 Alaska-slab2-v3                                                                  192.0749   52.2635 15.6
  8.546 2355 Alaska-slab2-v3                                                                  192.0201   52.3451 17.7
 34.856 2363 Alaska-slab2-v3                                                                  192.1090   51.8066  7.2
 22.640 2364 Alaska-slab2-v3                                                                  192.0433   51.8843  9.5
 13.302 2365 Alaska-slab2-v3                                                                  191.9823   51.9645 11.2
  6.352 2366 Alaska-slab2-v3                                                                  191.9245   52.0465 12.5
 23.098 2368 Alaska-slab2-v3                                                                  191.8094   52.2105 15.1
 16.571 2369 Alaska-slab2-v3                                                                  191.7544   52.2923 17.0
  8.691 2370 Alaska-slab2-v3                                                                  191.7002   52.3734 19.4
 64.893 2377 Alaska-slab2-v3                                                                  191.8351   51.7486  7.1
 49.472 2378 Alaska-slab2-v3                                                                  191.7736   51.8283  9.0
 34.943 2379 Alaska-slab2-v3                                                                  191.7145   51.9093 10.6
 23.176 2380 Alaska-slab2-v3                                                                  191.6577   51.9915 12.0
 12.390 2381 Alaska-slab2-v3                                                                  191.6008   52.0738 13.2
 17.190 2383 Alaska-slab2-v3                                                                  191.4894   52.2379 16.3
  9.345 2384 Alaska-slab2-v3                                                                  191.4364   52.3195 18.6
 92.705 2391 Alaska-slab2-v3                                                                  191.5618   51.6883  6.9
 72.592 2392 Alaska-slab2-v3                                                                  191.5042   51.7695  8.6
 52.413 2393 Alaska-slab2-v3                                                                  191.4470   51.8512 10.1
 34.854 2394 Alaska-slab2-v3                                                                  191.3907   51.9335 11.5
 18.082 2395 Alaska-slab2-v3                                                                  191.3344   52.0158 12.8
 17.209 2397 Alaska-slab2-v3                                                                  191.2237   52.1804 15.8
  9.613 2398 Alaska-slab2-v3                                                                  191.1719   52.2625 17.9
120.516 2404 Alaska-slab2-v3                                                                  191.2896   51.6250  6.8
 96.448 2405 Alaska-slab2-v3                                                                  191.2343   51.7071  8.3
 71.250 2406 Alaska-slab2-v3                                                                  191.1788   51.7894  9.8
 47.789 2407 Alaska-slab2-v3                                                                  191.1231   51.8718 11.1
 24.851 2408 Alaska-slab2-v3                                                                  191.0673   51.9542 12.4
 17.174 2410 Alaska-slab2-v3                                                                  190.9577   52.1189 15.5
  9.615 2411 Alaska-slab2-v3                                                                  190.9069   52.2013 17.6
148.328 2417 Alaska-slab2-v3                                                                  191.0187   51.5590  6.7
119.227 2418 Alaska-slab2-v3                                                                  190.9645   51.6415  8.2
 89.257 2419 Alaska-slab2-v3                                                                  190.9099   51.7241  9.6
 60.591 2420 Alaska-slab2-v3                                                                  190.8552   51.8068 10.9
 31.707 2421 Alaska-slab2-v3                                                                  190.8003   51.8894 12.2
 17.520 2423 Alaska-slab2-v3                                                                  190.6924   52.0543 15.4
  9.717 2424 Alaska-slab2-v3                                                                  190.6429   52.1369 17.5
148.328 2430 Alaska-slab2-v3                                                                  190.7489   51.4914  6.7
118.618 2431 Alaska-slab2-v3                                                                  190.6952   51.5741  8.1
 89.238 2432 Alaska-slab2-v3                                                                  190.6413   51.6569  9.5
 60.954 2433 Alaska-slab2-v3                                                                  190.5875   51.7398 10.8
 32.231 2434 Alaska-slab2-v3                                                                  190.5337   51.8227 12.1
 18.047 2436 Alaska-slab2-v3                                                                  190.4282   51.9881 15.3
  9.884 2437 Alaska-slab2-v3                                                                  190.3804   52.0708 17.6
148.328 2443 Alaska-slab2-v3                                                                  190.4797   51.4236  6.7
118.312 2444 Alaska-slab2-v3                                                                  190.4265   51.5064  8.1
 88.515 2445 Alaska-slab2-v3                                                                  190.3732   51.5893  9.5
 60.470 2446 Alaska-slab2-v3                                                                  190.3203   51.6724 10.8
 32.207 2447 Alaska-slab2-v3                                                                  190.2676   51.7556 12.1
 18.295 2449 Alaska-slab2-v3                                                                  190.1648   51.9215 15.4
 10.002 2450 Alaska-slab2-v3                                                                  190.1187   52.0044 17.6
148.328 2456 Alaska-slab2-v3                                                                  190.2103   51.3567  6.8
118.143 2457 Alaska-slab2-v3                                                                  190.1579   51.4396  8.2
 87.850 2458 Alaska-slab2-v3                                                                  190.1055   51.5226  9.6
 59.721 2459 Alaska-slab2-v3                                                                  190.0536   51.6059 10.9
 31.591 2460 Alaska-slab2-v3                                                                  190.0020   51.6893 12.2
 18.117 2462 Alaska-slab2-v3                                                                  189.9018   51.8558 15.5
  9.961 2463 Alaska-slab2-v3                                                                  189.8574   51.9391 17.8
148.328 2469 Alaska-slab2-v3                                                                  189.9402   51.2920  6.8
118.578 2470 Alaska-slab2-v3                                                                  189.8891   51.3750  8.4
 87.351 2471 Alaska-slab2-v3                                                                  189.8380   51.4582  9.9
 59.078 2472 Alaska-slab2-v3                                                                  189.7873   51.5417 11.3
 31.227 2473 Alaska-slab2-v3                                                                  189.7369   51.6254 12.6
 17.849 2475 Alaska-slab2-v3                                                                  189.6395   51.7924 15.9
  9.829 2476 Alaska-slab2-v3                                                                  189.5966   51.8761 18.1
148.328 2482 Alaska-slab2-v3                                                                  189.6688   51.2307  6.9
118.499 2483 Alaska-slab2-v3                                                                  189.6196   51.3137  8.8
 85.922 2484 Alaska-slab2-v3                                                                  189.5703   51.3972 10.4
 57.824 2485 Alaska-slab2-v3                                                                  189.5211   51.4810 11.7
 30.745 2486 Alaska-slab2-v3                                                                  189.4718   51.5649 13.1
 17.709 2488 Alaska-slab2-v3                                                                  189.3786   51.7326 16.5
  9.678 2489 Alaska-slab2-v3                                                                  189.3368   51.8163 18.8
141.699 2495 Alaska-slab2-v3                                                                  189.3958   51.1735  7.1
 96.060 2496 Alaska-slab2-v3                                                                  189.3493   51.2566  9.2
 58.896 2497 Alaska-slab2-v3                                                                  189.3020   51.3403 10.9
 28.905 2498 Alaska-slab2-v3                                                                  189.2542   51.4244 12.3
 17.022 2500 Alaska-slab2-v3                                                                  189.1606   51.5928 15.2
  9.374 2501 Alaska-slab2-v3                                                                  189.1191   51.6771 17.3
143.563 2508 Alaska-slab2-v3                                                                  189.1215   51.1204  7.4
 92.394 2509 Alaska-slab2-v3                                                                  189.0781   51.2032  9.9
 54.691 2510 Alaska-slab2-v3                                                                  189.0329   51.2871 11.7
 27.138 2511 Alaska-slab2-v3                                                                  188.9866   51.3716 13.0
 17.436 2513 Alaska-slab2-v3                                                                  188.8984   51.5409 16.0
  9.443 2514 Alaska-slab2-v3                                                                  188.8598   51.6253 18.3
129.611 2521 Alaska-slab2-v3                                                                  188.8463   51.0704  7.7
 66.645 2522 Alaska-slab2-v3                                                                  188.8060   51.1527 10.6
 26.182 2523 Alaska-slab2-v3                                                                  188.7626   51.2368 12.5
 16.515 2525 Alaska-slab2-v3                                                                  188.6752   51.4069 15.0
  9.333 2526 Alaska-slab2-v3                                                                  188.6360   51.4919 16.9
129.359 2534 Alaska-slab2-v3                                                                  188.5701   51.0230  8.1
 60.534 2535 Alaska-slab2-v3                                                                  188.5329   51.1043 11.4
 21.974 2536 Alaska-slab2-v3                                                                  188.4913   51.1887 13.2
 16.632 2538 Alaska-slab2-v3                                                                  188.4086   51.3599 15.6
  9.294 2539 Alaska-slab2-v3                                                                  188.3715   51.4450 17.6
128.578 2546 Alaska-slab2-v3                                                                  188.2929   50.9776  8.3
 55.018 2547 Alaska-slab2-v3                                                                  188.2584   51.0580 12.0
 18.541 2548 Alaska-slab2-v3                                                                  188.2186   51.1427 13.8
 16.593 2550 Alaska-slab2-v3                                                                  188.1402   51.3148 16.0
  9.051 2551 Alaska-slab2-v3                                                                  188.1045   51.3999 18.1
128.160 2558 Alaska-slab2-v3                                                                  188.0151   50.9341  8.5
 52.854 2559 Alaska-slab2-v3                                                                  187.9829   51.0142 12.3
 17.883 2560 Alaska-slab2-v3                                                                  187.9448   51.0992 14.0
 16.649 2562 Alaska-slab2-v3                                                                  187.8701   51.2717 16.3
  8.905 2563 Alaska-slab2-v3                                                                  187.8356   51.3569 18.5
129.626 2570 Alaska-slab2-v3                                                                  187.7371   50.8920  8.4
 55.611 2571 Alaska-slab2-v3                                                                  187.7070   50.9726 12.2
 20.384 2572 Alaska-slab2-v3                                                                  187.6702   51.0578 14.0
 16.873 2574 Alaska-slab2-v3                                                                  187.5990   51.2306 16.6
  8.886 2575 Alaska-slab2-v3                                                                  187.5659   51.3157 18.9
132.531 2582 Alaska-slab2-v3                                                                  187.4593   50.8505  8.3
 61.994 2583 Alaska-slab2-v3                                                                  187.4311   50.9322 11.8
 24.639 2584 Alaska-slab2-v3                                                                  187.3957   51.0176 13.7
 17.233 2586 Alaska-slab2-v3                                                                  187.3276   51.1904 16.6
  9.061 2587 Alaska-slab2-v3                                                                  187.2958   51.2756 19.0
135.465 2594 Alaska-slab2-v3                                                                  187.1815   50.8091  8.0
 69.340 2595 Alaska-slab2-v3                                                                  187.1553   50.8921 11.3
 28.942 2596 Alaska-slab2-v3                                                                  187.1217   50.9776 13.3
 17.284 2598 Alaska-slab2-v3                                                                  187.0563   51.1506 16.5
  9.262 2599 Alaska-slab2-v3                                                                  187.0262   51.2361 18.9
137.360 2606 Alaska-slab2-v3                                                                  186.9034   50.7677  7.8
 75.240 2607 Alaska-slab2-v3                                                                  186.8792   50.8520 10.8
 32.187 2608 Alaska-slab2-v3                                                                  186.8480   50.9377 12.9
 16.572 2610 Alaska-slab2-v3                                                                  186.7857   51.1111 16.2
  9.052 2611 Alaska-slab2-v3                                                                  186.7578   51.1974 18.3
136.918 2618 Alaska-slab2-v3                                                                  186.6250   50.7270  7.6
 78.601 2619 Alaska-slab2-v3                                                                  186.6029   50.8123 10.3
 34.229 2620 Alaska-slab2-v3                                                                  186.5747   50.8985 12.4
 26.814 2622 Alaska-slab2-v3                                                                  186.5161   51.0725 15.6
 14.692 2623 Alaska-slab2-v3                                                                  186.4904   51.1595 17.5
148.328 2631 Alaska-slab2-v3                                                                  186.3462   50.6875  7.4
 99.745 2632 Alaska-slab2-v3                                                                  186.3261   50.7736  9.9
 60.283 2633 Alaska-slab2-v3                                                                  186.3013   50.8604 11.9
 29.150 2634 Alaska-slab2-v3                                                                  186.2741   50.9477 13.5
 37.668 2636 Alaska-slab2-v3                                                                  186.2236   51.1228 16.6
 20.256 2637 Alaska-slab2-v3                                                                  186.2002   51.2099 18.6
144.573 2644 Alaska-slab2-v3                                                                  186.0671   50.6497  7.3
 95.339 2645 Alaska-slab2-v3                                                                  186.0487   50.7365  9.6
 56.744 2646 Alaska-slab2-v3                                                                  186.0271   50.8239 11.5
 27.329 2647 Alaska-slab2-v3                                                                  186.0035   50.9118 12.9
 48.158 2649 Alaska-slab2-v3                                                                  185.9571   51.0878 15.7
 25.488 2650 Alaska-slab2-v3                                                                  185.9348   51.1752 17.6
148.328 2657 Alaska-slab2-v3                                                                  185.7873   50.6143  7.2
107.965 2658 Alaska-slab2-v3                                                                  185.7703   50.7014  9.5
 73.567 2659 Alaska-slab2-v3                                                                  185.7512   50.7892 11.2
 48.515 2660 Alaska-slab2-v3                                                                  185.7307   50.8777 12.5
 26.445 2661 Alaska-slab2-v3                                                                  185.7100   50.9662 13.6
 60.238 2663 Alaska-slab2-v3                                                                  185.6675   51.1422 16.7
 31.040 2664 Alaska-slab2-v3                                                                  185.6451   51.2292 18.7
119.929 2671 Alaska-slab2-v3                                                                  185.5072   50.5812  7.2
 82.860 2672 Alaska-slab2-v3                                                                  185.4912   50.6685  9.4
 54.681 2673 Alaska-slab2-v3                                                                  185.4736   50.7566 11.1
 35.224 2674 Alaska-slab2-v3                                                                  185.4549   50.8453 12.3
 19.122 2675 Alaska-slab2-v3                                                                  185.4362   50.9342 13.2
 62.384 2677 Alaska-slab2-v3                                                                  185.3969   51.1109 16.0
 32.440 2678 Alaska-slab2-v3                                                                  185.3752   51.1980 18.0
 91.337 2685 Alaska-slab2-v3                                                                  185.2267   50.5503  7.2
 62.542 2686 Alaska-slab2-v3                                                                  185.2117   50.6377  9.4
 40.652 2687 Alaska-slab2-v3                                                                  185.1952   50.7258 11.1
 25.538 2688 Alaska-slab2-v3                                                                  185.1776   50.8146 12.3
 13.420 2689 Alaska-slab2-v3                                                                  185.1598   50.9036 13.2
 61.138 2691 Alaska-slab2-v3                                                                  185.1230   51.0809 15.6
 32.978 2692 Alaska-slab2-v3                                                                  185.1026   51.1684 17.5
 64.803 2700 Alaska-slab2-v3                                                                  184.9459   50.5211  7.2
 44.794 2701 Alaska-slab2-v3                                                                  184.9321   50.6085  9.4
 29.202 2702 Alaska-slab2-v3                                                                  184.9167   50.6967 11.2
 17.936 2703 Alaska-slab2-v3                                                                  184.9002   50.7854 12.4
  9.013 2704 Alaska-slab2-v3                                                                  184.8836   50.8745 13.4
 82.336 2706 Alaska-slab2-v3                                                                  184.8487   51.0521 15.7
 59.906 2707 Alaska-slab2-v3                                                                  184.8291   51.1401 17.3
 32.141 2708 Alaska-slab2-v3                                                                  184.8091   51.2274 19.3
 37.082 2715 Alaska-slab2-v3                                                                  184.6650   50.4933  7.2
 26.378 2716 Alaska-slab2-v3                                                                  184.6522   50.5808  9.4
 17.349 2717 Alaska-slab2-v3                                                                  184.6381   50.6690 11.2
 10.602 2718 Alaska-slab2-v3                                                                  184.6230   50.7578 12.5
  5.174 2719 Alaska-slab2-v3                                                                  184.6078   50.8468 13.6
 77.322 2721 Alaska-slab2-v3                                                                  184.5748   51.0247 15.8
 56.777 2722 Alaska-slab2-v3                                                                  184.5556   51.1130 17.3
 31.234 2723 Alaska-slab2-v3                                                                  184.5363   51.2007 19.1
 37.082 2730 Alaska-slab2-v3                                                                  184.3837   50.4670  7.2
 26.854 2731 Alaska-slab2-v3                                                                  184.3720   50.5546  9.4
 17.836 2732 Alaska-slab2-v3                                                                  184.3591   50.6428 11.2
 10.883 2733 Alaska-slab2-v3                                                                  184.3452   50.7316 12.6
  5.290 2734 Alaska-slab2-v3                                                                  184.3312   50.8207 13.7
 74.094 2736 Alaska-slab2-v3                                                                  184.2999   50.9987 15.9
 54.345 2737 Alaska-slab2-v3                                                                  184.2813   51.0871 17.3
 29.974 2738 Alaska-slab2-v3                                                                  184.2627   51.1751 19.0
 37.082 2745 Alaska-slab2-v3                                                                  184.1023   50.4426  7.2
 26.881 2746 Alaska-slab2-v3                                                                  184.0914   50.5302  9.3
 17.921 2747 Alaska-slab2-v3                                                                  184.0794   50.6186 11.1
 11.036 2748 Alaska-slab2-v3                                                                  184.0666   50.7074 12.5
  5.417 2749 Alaska-slab2-v3                                                                  184.0536   50.7966 13.6
 74.059 2751 Alaska-slab2-v3                                                                  184.0244   50.9747 15.9
 53.580 2752 Alaska-slab2-v3                                                                  184.0065   51.0631 17.3
 29.175 2753 Alaska-slab2-v3                                                                  183.9887   51.1511 19.1
 37.082 2760 Alaska-slab2-v3                                                                  183.8205   50.4203  7.2
 26.582 2761 Alaska-slab2-v3                                                                  183.8105   50.5081  9.3
 17.773 2762 Alaska-slab2-v3                                                                  183.7994   50.5965 11.0
 11.063 2763 Alaska-slab2-v3                                                                  183.7875   50.6855 12.3
  5.583 2764 Alaska-slab2-v3                                                                  183.7755   50.7748 13.4
 77.122 2766 Alaska-slab2-v3                                                                  183.7487   50.9529 15.8
 55.127 2767 Alaska-slab2-v3                                                                  183.7317   51.0412 17.4
 29.234 2768 Alaska-slab2-v3                                                                  183.7146   51.1291 19.2
 37.082 2775 Alaska-slab2-v3                                                                  183.5384   50.4006  7.1
 26.261 2776 Alaska-slab2-v3                                                                  183.5292   50.4885  9.2
 17.542 2777 Alaska-slab2-v3                                                                  183.5191   50.5771 10.9
 11.055 2778 Alaska-slab2-v3                                                                  183.5081   50.6662 12.2
  5.657 2779 Alaska-slab2-v3                                                                  183.4970   50.7555 13.2
 82.016 2781 Alaska-slab2-v3                                                                  183.4725   50.9336 15.6
 58.289 2782 Alaska-slab2-v3                                                                  183.4566   51.0218 17.4
 30.722 2783 Alaska-slab2-v3                                                                  183.4403   51.1095 19.4
 37.004 2790 Alaska-slab2-v3                                                                  183.2559   50.3839  7.1
 26.289 2791 Alaska-slab2-v3                                                                  183.2476   50.4719  9.2
 17.666 2792 Alaska-slab2-v3                                                                  183.2383   50.5605 10.8
 11.185 2793 Alaska-slab2-v3                                                                  183.2282   50.6497 12.1
  5.801 2794 Alaska-slab2-v3                                                                  183.2180   50.7391 13.1
 86.108 2796 Alaska-slab2-v3                                                                  183.1956   50.9172 15.6
 61.545 2797 Alaska-slab2-v3                                                                  183.1809   51.0053 17.4
 32.392 2798 Alaska-slab2-v3                                                                  183.1656   51.0928 19.6
 37.082 2805 Alaska-slab2-v3                                                                  182.9730   50.3703  7.1
 26.779 2806 Alaska-slab2-v3                                                                  182.9656   50.4585  9.1
 18.201 2807 Alaska-slab2-v3                                                                  182.9573   50.5472 10.7
 11.611 2808 Alaska-slab2-v3                                                                  182.9481   50.6364 12.0
  5.962 2809 Alaska-slab2-v3                                                                  182.9388   50.7258 13.0
 61.351 2811 Alaska-slab2-v3                                                                  182.9181   50.9039 15.6
 33.615 2812 Alaska-slab2-v3                                                                  182.9046   50.9921 17.5
 37.082 2820 Alaska-slab2-v3                                                                  182.6899   50.3603  7.0
 27.629 2821 Alaska-slab2-v3                                                                  182.6836   50.4486  8.9
 19.168 2822 Alaska-slab2-v3                                                                  182.6763   50.5374 10.5
 12.326 2823 Alaska-slab2-v3                                                                  182.6679   50.6266 11.8
  6.267 2824 Alaska-slab2-v3                                                                  182.6593   50.7159 13.0
 60.899 2826 Alaska-slab2-v3                                                                  182.6403   50.8941 15.6
 33.766 2827 Alaska-slab2-v3                                                                  182.6279   50.9823 17.4
 37.082 2834 Alaska-slab2-v3                                                                  182.4069   50.3538  6.9
 28.565 2835 Alaska-slab2-v3                                                                  182.4019   50.4425  8.7
 20.336 2836 Alaska-slab2-v3                                                                  182.3958   50.5313 10.3
 13.208 2837 Alaska-slab2-v3                                                                  182.3882   50.6205 11.6
  6.709 2838 Alaska-slab2-v3                                                                  182.3801   50.7097 12.9
 60.930 2840 Alaska-slab2-v3                                                                  182.3624   50.8878 15.6
 33.632 2841 Alaska-slab2-v3                                                                  182.3512   50.9762 17.4
 37.082 2848 Alaska-slab2-v3                                                                  182.1236   50.3512  6.8
 29.359 2849 Alaska-slab2-v3                                                                  182.1201   50.4400  8.5
 21.371 2850 Alaska-slab2-v3                                                                  182.1156   50.5291 10.0
 14.177 2851 Alaska-slab2-v3                                                                  182.1090   50.6182 11.3
  7.247 2852 Alaska-slab2-v3                                                                  182.1013   50.7074 12.6
 62.367 2854 Alaska-slab2-v3                                                                  182.0847   50.8853 15.6
 34.114 2855 Alaska-slab2-v3                                                                  182.0745   50.9736 17.5
 37.082 2862 Alaska-slab2-v3                                                                  181.8402   50.3523  6.8
 29.815 2863 Alaska-slab2-v3                                                                  181.8380   50.4414  8.3
 22.121 2864 Alaska-slab2-v3                                                                  181.8349   50.5305  9.7
 14.908 2865 Alaska-slab2-v3                                                                  181.8294   50.6197 11.1
  7.801 2866 Alaska-slab2-v3                                                                  181.8222   50.7089 12.4
 65.478 2868 Alaska-slab2-v3                                                                  181.8068   50.8865 15.6
 35.337 2869 Alaska-slab2-v3                                                                  181.7974   50.9745 17.6
 37.082 2876 Alaska-slab2-v3                                                                  181.5568   50.3573  6.8
 30.094 2877 Alaska-slab2-v3                                                                  181.5553   50.4465  8.2
 22.544 2878 Alaska-slab2-v3                                                                  181.5532   50.5356  9.6
 15.368 2879 Alaska-slab2-v3                                                                  181.5486   50.6249 11.0
  8.139 2880 Alaska-slab2-v3                                                                  181.5422   50.7140 12.3
 68.973 2882 Alaska-slab2-v3                                                                  181.5284   50.8914 15.7
 37.028 2883 Alaska-slab2-v3                                                                  181.5199   50.9791 17.9
 37.082 2890 Alaska-slab2-v3                                                                  181.2734   50.3663  6.8
 30.383 2891 Alaska-slab2-v3                                                                  181.2723   50.4553  8.3
 22.787 2892 Alaska-slab2-v3                                                                  181.2705   50.5445  9.7
 15.613 2893 Alaska-slab2-v3                                                                  181.2666   50.6337 11.1
  8.334 2894 Alaska-slab2-v3                                                                  181.2612   50.7229 12.5
 71.844 2896 Alaska-slab2-v3                                                                  181.2495   50.9001 16.0
 38.664 2897 Alaska-slab2-v3                                                                  181.2423   50.9875 18.4
 37.082 2903 Alaska-slab2-v3                                                                  180.9901   50.3788  6.8
 30.659 2904 Alaska-slab2-v3                                                                  180.9893   50.4677  8.5
 22.828 2905 Alaska-slab2-v3                                                                  180.9876   50.5567 10.0
 15.611 2906 Alaska-slab2-v3                                                                  180.9842   50.6459 11.4
  8.343 2907 Alaska-slab2-v3                                                                  180.9801   50.7350 12.9
 73.352 2909 Alaska-slab2-v3                                                                  180.9708   50.9120 16.5
 39.924 2910 Alaska-slab2-v3                                                                  180.9650   50.9992 19.0
 37.082 2916 Alaska-slab2-v3                                                                  180.7071   50.3941  7.0
 30.724 2917 Alaska-slab2-v3                                                                  180.7065   50.4827  8.8
 22.610 2918 Alaska-slab2-v3                                                                  180.7050   50.5716 10.4
 15.436 2919 Alaska-slab2-v3                                                                  180.7024   50.6607 11.9
  8.312 2920 Alaska-slab2-v3                                                                  180.6995   50.7498 13.3
 38.911 2922 Alaska-slab2-v3                                                                  180.6925   50.9266 17.1
