  7.777 2164 Alaska-slab2-v3                                                                  195.5985   53.0359 15.8
  4.268 2165 Alaska-slab2-v3                                                                  195.5310   53.1146 17.7
 10.473 2179 Alaska-slab2-v3                                                                  195.3277   52.9711 15.9
  7.326 2180 Alaska-slab2-v3                                                                  195.2615   53.0502 17.7
  3.577 2181 Alaska-slab2-v3                                                                  195.1957   53.1287 19.9
 10.218 2194 Alaska-slab2-v3                                                                  195.0595   52.9040 15.9
  7.113 2195 Alaska-slab2-v3                                                                  194.9946   52.9835 17.7
  3.504 2196 Alaska-slab2-v3                                                                  194.9299   53.0626 19.8
 10.110 2209 Alaska-slab2-v3                                                                  194.7952   52.8344 15.7
  7.050 2210 Alaska-slab2-v3                                                                  194.7309   52.9142 17.5
  3.499 2211 Alaska-slab2-v3                                                                  194.6671   52.9936 19.5
 10.210 2224 Alaska-slab2-v3                                                                  194.5343   52.7630 15.4
  7.206 2225 Alaska-slab2-v3                                                                  194.4699   52.8428 17.1
  3.630 2226 Alaska-slab2-v3                                                                  194.4069   52.9224 19.1
 10.358 2239 Alaska-slab2-v3                                                                  194.2746   52.6905 15.0
  7.440 2240 Alaska-slab2-v3                                                                  194.2100   52.7703 16.6
  3.829 2241 Alaska-slab2-v3                                                                  194.1478   52.8502 18.6
  7.620 2255 Alaska-slab2-v3                                                                  193.9493   52.6979 16.2
  3.996 2256 Alaska-slab2-v3                                                                  193.8879   52.7780 18.2
  7.700 2270 Alaska-slab2-v3                                                                  193.6866   52.6267 16.0
  4.123 2271 Alaska-slab2-v3                                                                  193.6262   52.7072 17.9
  7.750 2284 Alaska-slab2-v3                                                                  193.4213   52.5583 15.9
  4.177 2285 Alaska-slab2-v3                                                                  193.3621   52.6391 17.8
  7.745 2298 Alaska-slab2-v3                                                                  193.1537   52.4933 15.9
  4.165 2299 Alaska-slab2-v3                                                                  193.0957   52.5744 17.8
  7.733 2312 Alaska-slab2-v3                                                                  192.8841   52.4317 16.0
  4.119 2313 Alaska-slab2-v3                                                                  192.8274   52.5130 18.0
  7.732 2326 Alaska-slab2-v3                                                                  192.6135   52.3730 16.1
  4.062 2327 Alaska-slab2-v3                                                                  192.5579   52.4546 18.1
  7.874 2340 Alaska-slab2-v3                                                                  192.3430   52.3171 16.0
  4.142 2341 Alaska-slab2-v3                                                                  192.2883   52.3988 18.0
  8.155 2354 Alaska-slab2-v3                                                                  192.0749   52.2635 15.6
  4.352 2355 Alaska-slab2-v3                                                                  192.0201   52.3451 17.7
 11.762 2368 Alaska-slab2-v3                                                                  191.8094   52.2105 15.1
  8.438 2369 Alaska-slab2-v3                                                                  191.7544   52.2923 17.0
  4.426 2370 Alaska-slab2-v3                                                                  191.7002   52.3734 19.4
 15.319 2383 Alaska-slab2-v3                                                                  191.4894   52.2379 16.3
  8.327 2384 Alaska-slab2-v3                                                                  191.4364   52.3195 18.6
 21.908 2397 Alaska-slab2-v3                                                                  191.2237   52.1804 15.8
 12.237 2398 Alaska-slab2-v3                                                                  191.1719   52.2625 17.9
 28.423 2410 Alaska-slab2-v3                                                                  190.9577   52.1189 15.5
 15.912 2411 Alaska-slab2-v3                                                                  190.9069   52.2013 17.6
 35.686 2423 Alaska-slab2-v3                                                                  190.6924   52.0543 15.4
 19.792 2424 Alaska-slab2-v3                                                                  190.6429   52.1369 17.5
 36.760 2436 Alaska-slab2-v3                                                                  190.4282   51.9881 15.3
 20.132 2437 Alaska-slab2-v3                                                                  190.3804   52.0708 17.6
 37.266 2449 Alaska-slab2-v3                                                                  190.1648   51.9215 15.4
 20.374 2450 Alaska-slab2-v3                                                                  190.1187   52.0044 17.6
 36.902 2462 Alaska-slab2-v3                                                                  189.9018   51.8558 15.5
 20.289 2463 Alaska-slab2-v3                                                                  189.8574   51.9391 17.8
 36.357 2475 Alaska-slab2-v3                                                                  189.6395   51.7924 15.9
 20.021 2476 Alaska-slab2-v3                                                                  189.5966   51.8761 18.1
 36.071 2488 Alaska-slab2-v3                                                                  189.3786   51.7326 16.5
 19.713 2489 Alaska-slab2-v3                                                                  189.3368   51.8163 18.8
 34.673 2500 Alaska-slab2-v3                                                                  189.1606   51.5928 15.2
 19.093 2501 Alaska-slab2-v3                                                                  189.1191   51.6771 17.3
 35.515 2513 Alaska-slab2-v3                                                                  188.8984   51.5409 16.0
 19.234 2514 Alaska-slab2-v3                                                                  188.8598   51.6253 18.3
 33.639 2525 Alaska-slab2-v3                                                                  188.6752   51.4069 15.0
 19.010 2526 Alaska-slab2-v3                                                                  188.6360   51.4919 16.9
 33.879 2538 Alaska-slab2-v3                                                                  188.4086   51.3599 15.6
 18.930 2539 Alaska-slab2-v3                                                                  188.3715   51.4450 17.6
 33.797 2550 Alaska-slab2-v3                                                                  188.1402   51.3148 16.0
 18.435 2551 Alaska-slab2-v3                                                                  188.1045   51.3999 18.1
 33.912 2562 Alaska-slab2-v3                                                                  187.8701   51.2717 16.3
 18.139 2563 Alaska-slab2-v3                                                                  187.8356   51.3569 18.5
 34.368 2574 Alaska-slab2-v3                                                                  187.5990   51.2306 16.6
 18.100 2575 Alaska-slab2-v3                                                                  187.5659   51.3157 18.9
 35.102 2586 Alaska-slab2-v3                                                                  187.3276   51.1904 16.6
 18.456 2587 Alaska-slab2-v3                                                                  187.2958   51.2756 19.0
 35.206 2598 Alaska-slab2-v3                                                                  187.0563   51.1506 16.5
 18.866 2599 Alaska-slab2-v3                                                                  187.0262   51.2361 18.9
 33.755 2610 Alaska-slab2-v3                                                                  186.7857   51.1111 16.2
 18.438 2611 Alaska-slab2-v3                                                                  186.7578   51.1974 18.3
 31.210 2622 Alaska-slab2-v3                                                                  186.5161   51.0725 15.6
 17.100 2623 Alaska-slab2-v3                                                                  186.4904   51.1595 17.5
 30.691 2636 Alaska-slab2-v3                                                                  186.2236   51.1228 16.6
 16.503 2637 Alaska-slab2-v3                                                                  186.2002   51.2099 18.6
 30.182 2649 Alaska-slab2-v3                                                                  185.9571   51.0878 15.7
 15.974 2650 Alaska-slab2-v3                                                                  185.9348   51.1752 17.6
 30.675 2663 Alaska-slab2-v3                                                                  185.6675   51.1422 16.7
 15.807 2664 Alaska-slab2-v3                                                                  185.6451   51.2292 18.7
 25.811 2677 Alaska-slab2-v3                                                                  185.3969   51.1109 16.0
 13.422 2678 Alaska-slab2-v3                                                                  185.3752   51.1980 18.0
 19.458 2691 Alaska-slab2-v3                                                                  185.1230   51.0809 15.6
 10.496 2692 Alaska-slab2-v3                                                                  185.1026   51.1684 17.5
 18.343 2706 Alaska-slab2-v3                                                                  184.8487   51.0521 15.7
 13.346 2707 Alaska-slab2-v3                                                                  184.8291   51.1401 17.3
  7.161 2708 Alaska-slab2-v3                                                                  184.8091   51.2274 19.3
  9.844 2721 Alaska-slab2-v3                                                                  184.5748   51.0247 15.8
  7.228 2722 Alaska-slab2-v3                                                                  184.5556   51.1130 17.3
  3.976 2723 Alaska-slab2-v3                                                                  184.5363   51.2007 19.1
  9.433 2736 Alaska-slab2-v3                                                                  184.2999   50.9987 15.9
  6.918 2737 Alaska-slab2-v3                                                                  184.2813   51.0871 17.3
  3.816 2738 Alaska-slab2-v3                                                                  184.2627   51.1751 19.0
  9.428 2751 Alaska-slab2-v3                                                                  184.0244   50.9747 15.9
  6.821 2752 Alaska-slab2-v3                                                                  184.0065   51.0631 17.3
  3.714 2753 Alaska-slab2-v3                                                                  183.9887   51.1511 19.1
  9.818 2766 Alaska-slab2-v3                                                                  183.7487   50.9529 15.8
  7.018 2767 Alaska-slab2-v3                                                                  183.7317   51.0412 17.4
  3.722 2768 Alaska-slab2-v3                                                                  183.7146   51.1291 19.2
 10.441 2781 Alaska-slab2-v3                                                                  183.4725   50.9336 15.6
  7.421 2782 Alaska-slab2-v3                                                                  183.4566   51.0218 17.4
  3.911 2783 Alaska-slab2-v3                                                                  183.4403   51.1095 19.4
 10.962 2796 Alaska-slab2-v3                                                                  183.1956   50.9172 15.6
  7.835 2797 Alaska-slab2-v3                                                                  183.1809   51.0053 17.4
  4.124 2798 Alaska-slab2-v3                                                                  183.1656   51.0928 19.6
  7.810 2811 Alaska-slab2-v3                                                                  182.9181   50.9039 15.6
  4.279 2812 Alaska-slab2-v3                                                                  182.9046   50.9921 17.5
  7.753 2826 Alaska-slab2-v3                                                                  182.6403   50.8941 15.6
  4.299 2827 Alaska-slab2-v3                                                                  182.6279   50.9823 17.4
  7.757 2840 Alaska-slab2-v3                                                                  182.3624   50.8878 15.6
  4.282 2841 Alaska-slab2-v3                                                                  182.3512   50.9762 17.4
  7.940 2854 Alaska-slab2-v3                                                                  182.0847   50.8853 15.6
  4.343 2855 Alaska-slab2-v3                                                                  182.0745   50.9736 17.5
  8.336 2868 Alaska-slab2-v3                                                                  181.8068   50.8865 15.6
  4.499 2869 Alaska-slab2-v3                                                                  181.7974   50.9745 17.6
  8.781 2882 Alaska-slab2-v3                                                                  181.5284   50.8914 15.7
  4.714 2883 Alaska-slab2-v3                                                                  181.5199   50.9791 17.9
  9.146 2896 Alaska-slab2-v3                                                                  181.2495   50.9001 16.0
  4.922 2897 Alaska-slab2-v3                                                                  181.2423   50.9875 18.4
  9.338 2909 Alaska-slab2-v3                                                                  180.9708   50.9120 16.5
  5.083 2910 Alaska-slab2-v3                                                                  180.9650   50.9992 19.0
  4.954 2922 Alaska-slab2-v3                                                                  180.6925   50.9266 17.1
