 14.383 0010 Alaska-slab2-v3                                                                  220.6551   61.0581  8.4
 14.383 0011 Alaska-slab2-v3                                                                  220.6343   61.1471  9.3
 14.383 0012 Alaska-slab2-v3                                                                  220.6074   61.2353 10.4
 14.383 0013 Alaska-slab2-v3                                                                  220.5693   61.3225 11.6
 12.952 0014 Alaska-slab2-v3                                                                  220.5225   61.4090 12.9
 11.228 0015 Alaska-slab2-v3                                                                  220.4743   61.4951 14.3
 28.766 0034 Alaska-slab2-v3                                                                  220.2091   61.0718  8.6
 28.766 0035 Alaska-slab2-v3                                                                  220.1755   61.1598  9.7
 28.766 0036 Alaska-slab2-v3                                                                  220.1353   61.2470 10.8
 28.036 0037 Alaska-slab2-v3                                                                  220.0881   61.3334 12.1
 24.723 0038 Alaska-slab2-v3                                                                  220.0377   61.4193 13.5
 21.240 0039 Alaska-slab2-v3                                                                  219.9860   61.5050 14.9
 43.150 0057 Alaska-slab2-v3                                                                  219.7710   61.0555  8.5
 43.150 0058 Alaska-slab2-v3                                                                  219.7270   61.1425  9.6
 43.150 0059 Alaska-slab2-v3                                                                  219.6794   61.2289 10.8
 43.150 0060 Alaska-slab2-v3                                                                  219.6278   61.3148 12.0
 40.147 0061 Alaska-slab2-v3                                                                  219.5751   61.4004 13.4
 35.348 0062 Alaska-slab2-v3                                                                  219.5215   61.4859 14.8
 57.533 0079 Alaska-slab2-v3                                                                  219.3506   61.0087  8.2
 57.533 0080 Alaska-slab2-v3                                                                  219.2976   61.0947  9.1
 57.533 0081 Alaska-slab2-v3                                                                  219.2445   61.1805 10.2
 57.533 0082 Alaska-slab2-v3                                                                  219.1907   61.2661 11.4
 55.875 0083 Alaska-slab2-v3                                                                  219.1363   61.3516 12.7
 49.614 0084 Alaska-slab2-v3                                                                  219.0817   61.4369 14.0
 71.916 0101 Alaska-slab2-v3                                                                  218.8900   61.0211  8.6
 71.916 0102 Alaska-slab2-v3                                                                  218.8295   61.1059  9.4
 71.916 0103 Alaska-slab2-v3                                                                  218.7707   61.1909 10.5
 71.916 0104 Alaska-slab2-v3                                                                  218.7137   61.2761 11.6
 67.865 0105 Alaska-slab2-v3                                                                  218.6566   61.3611 12.9
 59.823 0106 Alaska-slab2-v3                                                                  218.5991   61.4460 14.3
 71.916 0121 Alaska-slab2-v3                                                                  218.5043   60.9250  8.0
 71.916 0122 Alaska-slab2-v3                                                                  218.4369   61.0086  8.8
 71.916 0123 Alaska-slab2-v3                                                                  218.3694   61.0923  9.6
 71.916 0124 Alaska-slab2-v3                                                                  218.3052   61.1764 10.6
 71.916 0125 Alaska-slab2-v3                                                                  218.2444   61.2609 11.7
 67.079 0126 Alaska-slab2-v3                                                                  218.1834   61.3453 13.1
 57.932 0127 Alaska-slab2-v3                                                                  218.1209   61.4290 14.6
 71.916 0140 Alaska-slab2-v3                                                                  218.0664   60.8965  8.1
 71.916 0141 Alaska-slab2-v3                                                                  217.9921   60.9788  8.8
 71.916 0142 Alaska-slab2-v3                                                                  217.9176   61.0610  9.6
 71.916 0143 Alaska-slab2-v3                                                                  217.8476   61.1440 10.6
 71.916 0144 Alaska-slab2-v3                                                                  217.7819   61.2275 11.9
 62.822 0145 Alaska-slab2-v3                                                                  217.7163   61.3106 13.5
 71.916 0158 Alaska-slab2-v3                                                                  217.6334   60.8554  8.1
 71.916 0159 Alaska-slab2-v3                                                                  217.5520   60.9361  8.8
 71.916 0160 Alaska-slab2-v3                                                                  217.4711   61.0168  9.6
 71.916 0161 Alaska-slab2-v3                                                                  217.3959   61.0984 10.9
 65.327 0162 Alaska-slab2-v3                                                                  217.3259   61.1805 12.5
 52.337 0163 Alaska-slab2-v3                                                                  217.2545   61.2616 14.6
 71.916 0176 Alaska-slab2-v3                                                                  217.2052   60.8027  8.5
 71.916 0177 Alaska-slab2-v3                                                                  217.1176   60.8817  9.3
 71.916 0178 Alaska-slab2-v3                                                                  217.0329   60.9613 10.2
 71.916 0179 Alaska-slab2-v3                                                                  216.9532   61.0417 11.6
 61.194 0180 Alaska-slab2-v3                                                                  216.8765   61.1221 13.4
 71.916 0193 Alaska-slab2-v3                                                                  216.8900   60.6628  8.8
 71.916 0194 Alaska-slab2-v3                                                                  216.7993   60.7407  9.6
 71.916 0195 Alaska-slab2-v3                                                                  216.7064   60.8182 10.4
 71.916 0196 Alaska-slab2-v3                                                                  216.6152   60.8960 11.4
 69.687 0197 Alaska-slab2-v3                                                                  216.5257   60.9741 12.6
 59.950 0198 Alaska-slab2-v3                                                                  216.4367   61.0516 14.3
 71.916 0211 Alaska-slab2-v3                                                                  216.6061   60.5129  9.0
 71.916 0212 Alaska-slab2-v3                                                                  216.5155   60.5902 10.2
 71.916 0213 Alaska-slab2-v3                                                                  216.4176   60.6658 11.1
 71.916 0214 Alaska-slab2-v3                                                                  216.3169   60.7408 12.0
 68.700 0215 Alaska-slab2-v3                                                                  216.2154   60.8156 12.9
 62.269 0216 Alaska-slab2-v3                                                                  216.1141   60.8903 13.9
 71.916 0231 Alaska-slab2-v3                                                                  216.3398   60.3457  8.9
 71.916 0232 Alaska-slab2-v3                                                                  216.2532   60.4228 10.7
 71.916 0233 Alaska-slab2-v3                                                                  216.1527   60.4968 11.9
 69.454 0234 Alaska-slab2-v3                                                                  216.0465   60.5698 12.8
 65.342 0235 Alaska-slab2-v3                                                                  215.9396   60.6428 13.6
 61.055 0236 Alaska-slab2-v3                                                                  215.8326   60.7157 14.3
 71.916 0255 Alaska-slab2-v3                                                                  216.0024   60.2336 10.4
 71.680 0256 Alaska-slab2-v3                                                                  215.9029   60.3067 12.2
 64.955 0257 Alaska-slab2-v3                                                                  215.7964   60.3790 13.4
 60.825 0258 Alaska-slab2-v3                                                                  215.6890   60.4516 14.1
 57.934 0259 Alaska-slab2-v3                                                                  215.5810   60.5242 14.6
 71.916 0281 Alaska-slab2-v3                                                                  215.7667   60.0238  8.5
 71.916 0282 Alaska-slab2-v3                                                                  215.6685   60.0957 10.9
 69.408 0283 Alaska-slab2-v3                                                                  215.5633   60.1673 12.6
 62.975 0284 Alaska-slab2-v3                                                                  215.4567   60.2395 13.7
 58.961 0285 Alaska-slab2-v3                                                                  215.3492   60.3119 14.4
 56.128 0286 Alaska-slab2-v3                                                                  215.2419   60.3845 14.9
 71.916 0311 Alaska-slab2-v3                                                                  215.4642   59.8739  8.3
 71.916 0312 Alaska-slab2-v3                                                                  215.3509   59.9410 10.4
 71.916 0313 Alaska-slab2-v3                                                                  215.2419   60.0111 11.9
 67.414 0314 Alaska-slab2-v3                                                                  215.1347   60.0828 13.1
 62.035 0315 Alaska-slab2-v3                                                                  215.0267   60.1546 14.0
 57.650 0316 Alaska-slab2-v3                                                                  214.9191   60.2267 14.7
 71.916 0344 Alaska-slab2-v3                                                                  215.1063   59.7707  9.3
 71.916 0345 Alaska-slab2-v3                                                                  214.9901   59.8370 11.1
 71.714 0346 Alaska-slab2-v3                                                                  214.8804   59.9071 12.5
 65.834 0347 Alaska-slab2-v3                                                                  214.7697   59.9775 13.5
 61.453 0348 Alaska-slab2-v3                                                                  214.6583   60.0480 14.3
 58.052 0349 Alaska-slab2-v3                                                                  214.5502   60.1198 14.9
 71.916 0386 Alaska-slab2-v3                                                                  214.8431   59.6356  9.5
 71.916 0387 Alaska-slab2-v3                                                                  214.7243   59.7004 11.4
 70.355 0388 Alaska-slab2-v3                                                                  214.6103   59.7687 12.7
 64.979 0389 Alaska-slab2-v3                                                                  214.4953   59.8373 13.6
 61.453 0390 Alaska-slab2-v3                                                                  214.3795   59.9059 14.2
 59.198 0391 Alaska-slab2-v3                                                                  214.2631   59.9745 14.6
 57.637 0392 Alaska-slab2-v3                                                                  214.1482   60.0437 14.9
125.853 0428 Alaska-slab2-v3                                                                  214.5858   59.4974  9.6
125.853 0429 Alaska-slab2-v3                                                                  214.4641   59.5605 11.5
121.868 0430 Alaska-slab2-v3                                                                  214.3463   59.6269 12.9
112.486 0431 Alaska-slab2-v3                                                                  214.2275   59.6935 13.8
106.736 0432 Alaska-slab2-v3                                                                  214.1078   59.7602 14.4
103.508 0433 Alaska-slab2-v3                                                                  213.9875   59.8269 14.7
101.994 0434 Alaska-slab2-v3                                                                  213.8667   59.8935 14.8
100.885 0435 Alaska-slab2-v3                                                                  213.7462   59.9604 14.9
179.791 0469 Alaska-slab2-v3                                                                  214.3377   59.3548  9.5
179.791 0470 Alaska-slab2-v3                                                                  214.2120   59.4156 11.4
173.831 0471 Alaska-slab2-v3                                                                  214.0899   59.4797 12.8
160.169 0472 Alaska-slab2-v3                                                                  213.9667   59.5441 13.7
151.739 0473 Alaska-slab2-v3                                                                  213.8427   59.6084 14.3
147.088 0474 Alaska-slab2-v3                                                                  213.7181   59.6728 14.6
144.908 0475 Alaska-slab2-v3                                                                  213.5930   59.7370 14.8
143.745 0476 Alaska-slab2-v3                                                                  213.4673   59.8012 14.9
142.437 0477 Alaska-slab2-v3                                                                  213.3418   59.8654 14.9
233.728 0510 Alaska-slab2-v3                                                                  214.1024   59.2073  9.3
233.728 0511 Alaska-slab2-v3                                                                  213.9719   59.2655 11.1
231.346 0512 Alaska-slab2-v3                                                                  213.8453   59.3270 12.4
213.242 0513 Alaska-slab2-v3                                                                  213.7176   59.3887 13.3
201.427 0514 Alaska-slab2-v3                                                                  213.5892   59.4504 14.0
193.995 0515 Alaska-slab2-v3                                                                  213.4601   59.5121 14.4
189.612 0516 Alaska-slab2-v3                                                                  213.3304   59.5737 14.6
186.944 0517 Alaska-slab2-v3                                                                  213.2003   59.6352 14.7
183.895 0518 Alaska-slab2-v3                                                                  213.0697   59.6965 14.9
287.665 0551 Alaska-slab2-v3                                                                  213.8813   59.0556  8.9
287.665 0552 Alaska-slab2-v3                                                                  213.7467   59.1112 10.6
287.665 0553 Alaska-slab2-v3                                                                  213.6158   59.1701 11.9
276.632 0554 Alaska-slab2-v3                                                                  213.4846   59.2294 12.9
260.141 0555 Alaska-slab2-v3                                                                  213.3527   59.2888 13.6
248.760 0556 Alaska-slab2-v3                                                                  213.2201   59.3481 14.1
240.631 0557 Alaska-slab2-v3                                                                  213.0869   59.4073 14.4
234.359 0558 Alaska-slab2-v3                                                                  212.9532   59.4664 14.7
228.553 0559 Alaska-slab2-v3                                                                  212.8188   59.5252 14.9
287.665 0591 Alaska-slab2-v3                                                                  213.6725   58.9003  8.7
287.665 0592 Alaska-slab2-v3                                                                  213.5347   58.9537 10.2
287.665 0593 Alaska-slab2-v3                                                                  213.4001   59.0099 11.5
284.412 0594 Alaska-slab2-v3                                                                  213.2660   59.0671 12.5
266.055 0595 Alaska-slab2-v3                                                                  213.1312   59.1243 13.3
251.881 0596 Alaska-slab2-v3                                                                  212.9957   59.1814 13.9
241.192 0597 Alaska-slab2-v3                                                                  212.8597   59.2385 14.4
232.363 0598 Alaska-slab2-v3                                                                  212.7232   59.2954 14.8
287.665 0629 Alaska-slab2-v3                                                                  213.4727   58.7421  8.6
287.665 0630 Alaska-slab2-v3                                                                  213.3324   58.7934 10.1
287.665 0631 Alaska-slab2-v3                                                                  213.1942   58.8468 11.4
286.155 0632 Alaska-slab2-v3                                                                  213.0564   58.9011 12.4
266.877 0633 Alaska-slab2-v3                                                                  212.9178   58.9554 13.3
251.547 0634 Alaska-slab2-v3                                                                  212.7787   59.0096 13.9
239.469 0635 Alaska-slab2-v3                                                                  212.6390   59.0637 14.5
229.714 0636 Alaska-slab2-v3                                                                  212.4985   59.1175 14.9
287.665 0665 Alaska-slab2-v3                                                                  213.2794   58.5822  8.7
287.665 0666 Alaska-slab2-v3                                                                  213.1372   58.6314 10.3
287.665 0667 Alaska-slab2-v3                                                                  212.9951   58.6814 11.6
284.213 0668 Alaska-slab2-v3                                                                  212.8525   58.7318 12.6
265.342 0669 Alaska-slab2-v3                                                                  212.7092   58.7822 13.5
250.844 0670 Alaska-slab2-v3                                                                  212.5653   58.8324 14.1
239.567 0671 Alaska-slab2-v3                                                                  212.4209   58.8826 14.6
230.822 0672 Alaska-slab2-v3                                                                  212.2756   58.9323 15.0
287.665 0700 Alaska-slab2-v3                                                                  213.0897   58.4261  9.1
287.665 0701 Alaska-slab2-v3                                                                  212.9473   58.4744 10.8
287.665 0702 Alaska-slab2-v3                                                                  212.8039   58.5229 12.1
271.343 0703 Alaska-slab2-v3                                                                  212.6595   58.5714 13.1
254.210 0704 Alaska-slab2-v3                                                                  212.5144   58.6199 13.9
242.403 0705 Alaska-slab2-v3                                                                  212.3686   58.6683 14.4
234.068 0706 Alaska-slab2-v3                                                                  212.2224   58.7166 14.7
287.665 0735 Alaska-slab2-v3                                                                  212.8990   58.2742  9.5
287.665 0736 Alaska-slab2-v3                                                                  212.7582   58.3227 11.3
277.219 0737 Alaska-slab2-v3                                                                  212.6163   58.3719 12.7
254.685 0738 Alaska-slab2-v3                                                                  212.4734   58.4212 13.7
239.897 0739 Alaska-slab2-v3                                                                  212.3297   58.4705 14.3
231.212 0740 Alaska-slab2-v3                                                                  212.1853   58.5196 14.7
226.282 0741 Alaska-slab2-v3                                                                  212.0405   58.5687 14.9
287.665 0770 Alaska-slab2-v3                                                                  212.7037   58.1232  9.6
287.665 0771 Alaska-slab2-v3                                                                  212.5640   58.1721 11.5
269.961 0772 Alaska-slab2-v3                                                                  212.4241   58.2223 12.9
247.622 0773 Alaska-slab2-v3                                                                  212.2830   58.2726 13.8
233.602 0774 Alaska-slab2-v3                                                                  212.1411   58.3229 14.4
225.759 0775 Alaska-slab2-v3                                                                  211.9987   58.3731 14.7
221.719 0776 Alaska-slab2-v3                                                                  211.8558   58.4231 14.9
219.343 0777 Alaska-slab2-v3                                                                  211.7126   58.4732 15.0
287.665 0804 Alaska-slab2-v3                                                                  212.5018   57.9757  9.3
287.665 0805 Alaska-slab2-v3                                                                  212.3630   58.0250 11.1
286.855 0806 Alaska-slab2-v3                                                                  212.2250   58.0764 12.5
264.629 0807 Alaska-slab2-v3                                                                  212.0860   58.1278 13.4
250.043 0808 Alaska-slab2-v3                                                                  211.9461   58.1791 14.1
240.550 0809 Alaska-slab2-v3                                                                  211.8057   58.2304 14.5
234.994 0810 Alaska-slab2-v3                                                                  211.6649   58.2816 14.7
230.595 0811 Alaska-slab2-v3                                                                  211.5236   58.3327 14.9
287.665 0838 Alaska-slab2-v3                                                                  212.2938   57.8339  8.9
287.665 0839 Alaska-slab2-v3                                                                  212.1557   57.8839 10.5
287.665 0840 Alaska-slab2-v3                                                                  212.0188   57.9358 11.8
277.141 0841 Alaska-slab2-v3                                                                  211.8814   57.9880 12.8
260.536 0842 Alaska-slab2-v3                                                                  211.7432   58.0402 13.5
248.374 0843 Alaska-slab2-v3                                                                  211.6045   58.0922 14.0
239.487 0844 Alaska-slab2-v3                                                                  211.4652   58.1442 14.4
231.769 0845 Alaska-slab2-v3                                                                  211.3256   58.1960 14.7
287.665 0872 Alaska-slab2-v3                                                                  212.0783   57.6978  8.4
287.665 0873 Alaska-slab2-v3                                                                  211.9416   57.7490  9.9
287.665 0874 Alaska-slab2-v3                                                                  211.8053   57.8010 11.1
287.665 0875 Alaska-slab2-v3                                                                  211.6687   57.8535 12.1
271.828 0876 Alaska-slab2-v3                                                                  211.5314   57.9059 12.8
257.173 0877 Alaska-slab2-v3                                                                  211.3937   57.9582 13.5
244.645 0878 Alaska-slab2-v3                                                                  211.2554   58.0104 14.0
233.772 0879 Alaska-slab2-v3                                                                  211.1167   58.0625 14.4
222.663 0880 Alaska-slab2-v3                                                                  210.9789   58.1152 14.9
