  1.673 0000 Alaska-slab2-v3                                                                  220.4681   60.1734  0.4
  1.673 0001 Alaska-slab2-v3                                                                  220.5024   60.2615  1.3
  1.673 0002 Alaska-slab2-v3                                                                  220.5366   60.3496  2.1
  1.673 0003 Alaska-slab2-v3                                                                  220.5709   60.4377  3.0
  1.673 0004 Alaska-slab2-v3                                                                  220.6056   60.5257  3.8
  1.673 0005 Alaska-slab2-v3                                                                  220.6418   60.6139  4.6
  1.673 0006 Alaska-slab2-v3                                                                  220.6782   60.7021  5.3
  1.673 0007 Alaska-slab2-v3                                                                  220.6972   60.7904  6.1
  1.673 0008 Alaska-slab2-v3                                                                  220.6900   60.8794  6.8
  1.673 0009 Alaska-slab2-v3                                                                  220.6726   60.9687  7.6
  1.673 0010 Alaska-slab2-v3                                                                  220.6551   61.0581  8.4
  1.673 0011 Alaska-slab2-v3                                                                  220.6343   61.1471  9.3
  1.484 0012 Alaska-slab2-v3                                                                  220.6074   61.2353 10.4
  1.267 0013 Alaska-slab2-v3                                                                  220.5693   61.3225 11.6
  1.029 0014 Alaska-slab2-v3                                                                  220.5225   61.4090 12.9
  0.776 0015 Alaska-slab2-v3                                                                  220.4743   61.4951 14.3
  3.346 0025 Alaska-slab2-v3                                                                  220.1533   60.2734  0.5
  3.346 0026 Alaska-slab2-v3                                                                  220.1770   60.3623  1.4
  3.346 0027 Alaska-slab2-v3                                                                  220.2007   60.4512  2.3
  3.346 0028 Alaska-slab2-v3                                                                  220.2247   60.5401  3.3
  3.346 0029 Alaska-slab2-v3                                                                  220.2487   60.6290  4.2
  3.346 0030 Alaska-slab2-v3                                                                  220.2729   60.7179  5.1
  3.346 0031 Alaska-slab2-v3                                                                  220.2856   60.8066  6.0
  3.346 0032 Alaska-slab2-v3                                                                  220.2708   60.8950  6.8
  3.346 0033 Alaska-slab2-v3                                                                  220.2400   60.9835  7.7
  3.346 0034 Alaska-slab2-v3                                                                  220.2091   61.0718  8.6
  3.325 0035 Alaska-slab2-v3                                                                  220.1755   61.1598  9.7
  2.925 0036 Alaska-slab2-v3                                                                  220.1353   61.2470 10.8
  2.480 0037 Alaska-slab2-v3                                                                  220.0881   61.3334 12.1
  2.007 0038 Alaska-slab2-v3                                                                  220.0377   61.4193 13.5
  1.509 0039 Alaska-slab2-v3                                                                  219.9860   61.5050 14.9
  5.018 0049 Alaska-slab2-v3                                                                  219.8109   60.3467  0.5
  5.018 0050 Alaska-slab2-v3                                                                  219.8248   60.4360  1.6
  5.018 0051 Alaska-slab2-v3                                                                  219.8386   60.5254  2.7
  5.018 0052 Alaska-slab2-v3                                                                  219.8526   60.6147  3.7
  5.018 0053 Alaska-slab2-v3                                                                  219.8667   60.7040  4.7
  5.018 0054 Alaska-slab2-v3                                                                  219.8736   60.7931  5.7
  5.018 0055 Alaska-slab2-v3                                                                  219.8548   60.8811  6.6
  5.018 0056 Alaska-slab2-v3                                                                  219.8144   60.9683  7.6
  5.018 0057 Alaska-slab2-v3                                                                  219.7710   61.0555  8.5
  4.955 0058 Alaska-slab2-v3                                                                  219.7270   61.1425  9.6
  4.335 0059 Alaska-slab2-v3                                                                  219.6794   61.2289 10.8
  3.662 0060 Alaska-slab2-v3                                                                  219.6278   61.3148 12.0
  2.952 0061 Alaska-slab2-v3                                                                  219.5751   61.4004 13.4
  2.215 0062 Alaska-slab2-v3                                                                  219.5215   61.4859 14.8
  6.691 0072 Alaska-slab2-v3                                                                  219.4474   60.3908  0.6
  6.691 0073 Alaska-slab2-v3                                                                  219.4526   60.4801  1.9
  6.691 0074 Alaska-slab2-v3                                                                  219.4578   60.5695  3.1
  6.691 0075 Alaska-slab2-v3                                                                  219.4631   60.6590  4.2
  6.691 0076 Alaska-slab2-v3                                                                  219.4664   60.7483  5.3
  6.691 0077 Alaska-slab2-v3                                                                  219.4483   60.8364  6.3
  6.691 0078 Alaska-slab2-v3                                                                  219.4033   60.9228  7.2
  6.691 0079 Alaska-slab2-v3                                                                  219.3506   61.0087  8.2
  6.691 0080 Alaska-slab2-v3                                                                  219.2976   61.0947  9.1
  6.386 0081 Alaska-slab2-v3                                                                  219.2445   61.1805 10.2
  5.569 0082 Alaska-slab2-v3                                                                  219.1907   61.2661 11.4
  4.683 0083 Alaska-slab2-v3                                                                  219.1363   61.3516 12.7
  3.763 0084 Alaska-slab2-v3                                                                  219.0817   61.4369 14.0
  8.364 0094 Alaska-slab2-v3                                                                  219.0747   60.4088  0.7
  8.364 0095 Alaska-slab2-v3                                                                  219.0718   60.4979  2.1
  8.364 0096 Alaska-slab2-v3                                                                  219.0689   60.5872  3.5
  8.364 0097 Alaska-slab2-v3                                                                  219.0659   60.6765  4.8
  8.364 0098 Alaska-slab2-v3                                                                  219.0522   60.7651  5.9
  8.364 0099 Alaska-slab2-v3                                                                  219.0101   60.8513  6.8
  8.364 0100 Alaska-slab2-v3                                                                  218.9502   60.9362  7.7
  8.364 0101 Alaska-slab2-v3                                                                  218.8900   61.0211  8.6
  8.279 0102 Alaska-slab2-v3                                                                  218.8295   61.1059  9.4
  7.357 0103 Alaska-slab2-v3                                                                  218.7707   61.1909 10.5
  6.301 0104 Alaska-slab2-v3                                                                  218.7137   61.2761 11.6
  5.146 0105 Alaska-slab2-v3                                                                  218.6566   61.3611 12.9
  3.920 0106 Alaska-slab2-v3                                                                  218.5991   61.4460 14.3
  8.364 0115 Alaska-slab2-v3                                                                  218.6998   60.4034  0.8
  8.364 0116 Alaska-slab2-v3                                                                  218.6885   60.4922  2.4
  8.364 0117 Alaska-slab2-v3                                                                  218.6771   60.5811  3.8
  8.364 0118 Alaska-slab2-v3                                                                  218.6656   60.6702  5.2
  8.364 0119 Alaska-slab2-v3                                                                  218.6323   60.7571  6.3
  8.364 0120 Alaska-slab2-v3                                                                  218.5713   60.8413  7.2
  8.364 0121 Alaska-slab2-v3                                                                  218.5043   60.9250  8.0
  8.364 0122 Alaska-slab2-v3                                                                  218.4369   61.0086  8.8
  7.924 0123 Alaska-slab2-v3                                                                  218.3694   61.0923  9.6
  7.043 0124 Alaska-slab2-v3                                                                  218.3052   61.1764 10.6
  5.979 0125 Alaska-slab2-v3                                                                  218.2444   61.2609 11.7
  4.723 0126 Alaska-slab2-v3                                                                  218.1834   61.3453 13.1
  3.292 0127 Alaska-slab2-v3                                                                  218.1209   61.4290 14.6
  8.364 0134 Alaska-slab2-v3                                                                  218.3264   60.3816  0.9
  8.364 0135 Alaska-slab2-v3                                                                  218.3057   60.4698  2.5
  8.364 0136 Alaska-slab2-v3                                                                  218.2849   60.5582  4.1
  8.364 0137 Alaska-slab2-v3                                                                  218.2619   60.6465  5.5
  8.364 0138 Alaska-slab2-v3                                                                  218.2133   60.7318  6.6
  8.364 0139 Alaska-slab2-v3                                                                  218.1403   60.8141  7.4
  8.364 0140 Alaska-slab2-v3                                                                  218.0664   60.8965  8.1
  8.364 0141 Alaska-slab2-v3                                                                  217.9921   60.9788  8.8
  8.364 0142 Alaska-slab2-v3                                                                  217.9176   61.0610  9.6
  7.805 0143 Alaska-slab2-v3                                                                  217.8476   61.1440 10.6
  6.730 0144 Alaska-slab2-v3                                                                  217.7819   61.2275 11.9
  5.352 0145 Alaska-slab2-v3                                                                  217.7163   61.3106 13.5
 14.637 0152 Alaska-slab2-v3                                                                  217.9560   60.3487  0.9
 14.637 0153 Alaska-slab2-v3                                                                  217.9251   60.4360  2.7
 14.637 0154 Alaska-slab2-v3                                                                  217.8940   60.5236  4.3
 14.637 0155 Alaska-slab2-v3                                                                  217.8567   60.6105  5.7
 14.637 0156 Alaska-slab2-v3                                                                  217.7950   60.6939  6.7
 14.637 0157 Alaska-slab2-v3                                                                  217.7144   60.7747  7.4
 14.637 0158 Alaska-slab2-v3                                                                  217.6334   60.8554  8.1
 14.637 0159 Alaska-slab2-v3                                                                  217.5520   60.9361  8.8
 14.637 0160 Alaska-slab2-v3                                                                  217.4711   61.0168  9.6
 12.803 0161 Alaska-slab2-v3                                                                  217.3959   61.0984 10.9
 10.319 0162 Alaska-slab2-v3                                                                  217.3259   61.1805 12.5
  7.182 0163 Alaska-slab2-v3                                                                  217.2545   61.2616 14.6
 20.910 0170 Alaska-slab2-v3                                                                  217.5897   60.3064  1.0
 20.910 0171 Alaska-slab2-v3                                                                  217.5486   60.3925  2.8
 20.910 0172 Alaska-slab2-v3                                                                  217.5071   60.4789  4.5
 20.910 0173 Alaska-slab2-v3                                                                  217.4550   60.5637  5.9
 20.910 0174 Alaska-slab2-v3                                                                  217.3802   60.6447  7.0
 20.910 0175 Alaska-slab2-v3                                                                  217.2929   60.7237  7.8
 20.910 0176 Alaska-slab2-v3                                                                  217.2052   60.8027  8.5
 20.436 0177 Alaska-slab2-v3                                                                  217.1176   60.8817  9.3
 18.150 0178 Alaska-slab2-v3                                                                  217.0329   60.9613 10.2
 15.033 0179 Alaska-slab2-v3                                                                  216.9532   61.0417 11.6
 10.853 0180 Alaska-slab2-v3                                                                  216.8765   61.1221 13.4
 27.183 0188 Alaska-slab2-v3                                                                  217.2301   60.2536  1.0
 27.183 0189 Alaska-slab2-v3                                                                  217.1792   60.3381  3.0
 27.183 0190 Alaska-slab2-v3                                                                  217.1277   60.4229  4.9
 27.183 0191 Alaska-slab2-v3                                                                  217.0622   60.5053  6.5
 27.183 0192 Alaska-slab2-v3                                                                  216.9785   60.5843  7.7
 27.183 0193 Alaska-slab2-v3                                                                  216.8900   60.6628  8.8
 26.443 0194 Alaska-slab2-v3                                                                  216.7993   60.7407  9.6
 24.033 0195 Alaska-slab2-v3                                                                  216.7064   60.8182 10.4
 21.247 0196 Alaska-slab2-v3                                                                  216.6152   60.8960 11.4
 17.677 0197 Alaska-slab2-v3                                                                  216.5257   60.9741 12.6
 12.858 0198 Alaska-slab2-v3                                                                  216.4367   61.0516 14.3
 33.456 0207 Alaska-slab2-v3                                                                  216.8806   60.1876  1.2
 33.456 0208 Alaska-slab2-v3                                                                  216.8211   60.2702  3.5
 33.456 0209 Alaska-slab2-v3                                                                  216.7599   60.3528  5.6
 33.456 0210 Alaska-slab2-v3                                                                  216.6886   60.4338  7.4
 33.456 0211 Alaska-slab2-v3                                                                  216.6061   60.5129  9.0
 31.190 0212 Alaska-slab2-v3                                                                  216.5155   60.5902 10.2
 27.818 0213 Alaska-slab2-v3                                                                  216.4176   60.6658 11.1
 24.868 0214 Alaska-slab2-v3                                                                  216.3169   60.7408 12.0
 21.777 0215 Alaska-slab2-v3                                                                  216.2154   60.8156 12.9
 17.913 0216 Alaska-slab2-v3                                                                  216.1141   60.8903 13.9
 33.456 0228 Alaska-slab2-v3                                                                  216.5462   60.1055  1.4
 33.456 0229 Alaska-slab2-v3                                                                  216.4789   60.1854  4.1
 33.456 0230 Alaska-slab2-v3                                                                  216.4121   60.2658  6.7
 33.456 0231 Alaska-slab2-v3                                                                  216.3398   60.3457  8.9
 29.265 0232 Alaska-slab2-v3                                                                  216.2532   60.4228 10.7
 24.828 0233 Alaska-slab2-v3                                                                  216.1527   60.4968 11.9
 21.693 0234 Alaska-slab2-v3                                                                  216.0465   60.5698 12.8
 19.193 0235 Alaska-slab2-v3                                                                  215.9396   60.6428 13.6
 16.587 0236 Alaska-slab2-v3                                                                  215.8326   60.7157 14.3
 33.456 0252 Alaska-slab2-v3                                                                  216.2342   60.0034  1.6
 33.456 0253 Alaska-slab2-v3                                                                  216.1579   60.0796  4.9
 33.456 0254 Alaska-slab2-v3                                                                  216.0843   60.1571  7.9
 30.993 0255 Alaska-slab2-v3                                                                  216.0024   60.2336 10.4
 24.795 0256 Alaska-slab2-v3                                                                  215.9029   60.3067 12.2
 20.869 0257 Alaska-slab2-v3                                                                  215.7964   60.3790 13.4
 18.458 0258 Alaska-slab2-v3                                                                  215.6890   60.4516 14.1
 16.771 0259 Alaska-slab2-v3                                                                  215.5810   60.5242 14.6
 33.456 0279 Alaska-slab2-v3                                                                  215.9496   59.8812  1.8
 33.456 0280 Alaska-slab2-v3                                                                  215.8586   59.9519  5.4
 33.456 0281 Alaska-slab2-v3                                                                  215.7667   60.0238  8.5
 30.154 0282 Alaska-slab2-v3                                                                  215.6685   60.0957 10.9
 24.426 0283 Alaska-slab2-v3                                                                  215.5633   60.1673 12.6
 20.754 0284 Alaska-slab2-v3                                                                  215.4567   60.2395 13.7
 18.463 0285 Alaska-slab2-v3                                                                  215.3492   60.3119 14.4
 16.846 0286 Alaska-slab2-v3                                                                  215.2419   60.3845 14.9
 33.456 0309 Alaska-slab2-v3                                                                  215.6867   59.7457  1.9
 33.456 0310 Alaska-slab2-v3                                                                  215.5774   59.8092  5.5
 33.456 0311 Alaska-slab2-v3                                                                  215.4642   59.8739  8.3
 31.988 0312 Alaska-slab2-v3                                                                  215.3509   59.9410 10.4
 26.792 0313 Alaska-slab2-v3                                                                  215.2419   60.0111 11.9
 22.810 0314 Alaska-slab2-v3                                                                  215.1347   60.0828 13.1
 19.706 0315 Alaska-slab2-v3                                                                  215.0267   60.1546 14.0
 17.175 0316 Alaska-slab2-v3                                                                  214.9191   60.2267 14.7
 33.456 0343 Alaska-slab2-v3                                                                  215.2307   59.7091  7.2
 33.456 0344 Alaska-slab2-v3                                                                  215.1063   59.7707  9.3
 29.123 0345 Alaska-slab2-v3                                                                  214.9901   59.8370 11.1
 24.399 0346 Alaska-slab2-v3                                                                  214.8804   59.9071 12.5
 20.933 0347 Alaska-slab2-v3                                                                  214.7697   59.9775 13.5
 18.351 0348 Alaska-slab2-v3                                                                  214.6583   60.0480 14.3
 16.346 0349 Alaska-slab2-v3                                                                  214.5502   60.1198 14.9
 33.456 0385 Alaska-slab2-v3                                                                  214.9690   59.5755  7.2
 33.456 0386 Alaska-slab2-v3                                                                  214.8431   59.6356  9.5
 28.715 0387 Alaska-slab2-v3                                                                  214.7243   59.7004 11.4
 24.176 0388 Alaska-slab2-v3                                                                  214.6103   59.7687 12.7
 21.049 0389 Alaska-slab2-v3                                                                  214.4953   59.8373 13.6
 18.997 0390 Alaska-slab2-v3                                                                  214.3795   59.9059 14.2
 17.686 0391 Alaska-slab2-v3                                                                  214.2631   59.9745 14.6
 16.778 0392 Alaska-slab2-v3                                                                  214.1482   60.0437 14.9
 33.456 0427 Alaska-slab2-v3                                                                  214.7141   59.4391  7.3
 33.456 0428 Alaska-slab2-v3                                                                  214.5858   59.4974  9.6
 28.322 0429 Alaska-slab2-v3                                                                  214.4641   59.5605 11.5
 23.724 0430 Alaska-slab2-v3                                                                  214.3463   59.6269 12.9
 20.604 0431 Alaska-slab2-v3                                                                  214.2275   59.6935 13.8
 18.691 0432 Alaska-slab2-v3                                                                  214.1078   59.7602 14.4
 17.617 0433 Alaska-slab2-v3                                                                  213.9875   59.8269 14.7
 17.114 0434 Alaska-slab2-v3                                                                  213.8667   59.8935 14.8
 16.745 0435 Alaska-slab2-v3                                                                  213.7462   59.9604 14.9
 33.456 0468 Alaska-slab2-v3                                                                  214.4693   59.2986  7.2
 33.456 0469 Alaska-slab2-v3                                                                  214.3377   59.3548  9.5
 27.558 0470 Alaska-slab2-v3                                                                  214.2120   59.4156 11.4
 22.833 0471 Alaska-slab2-v3                                                                  214.0899   59.4797 12.8
 19.591 0472 Alaska-slab2-v3                                                                  213.9667   59.5441 13.7
 17.590 0473 Alaska-slab2-v3                                                                  213.8427   59.6084 14.3
 16.486 0474 Alaska-slab2-v3                                                                  213.7181   59.6728 14.6
 15.969 0475 Alaska-slab2-v3                                                                  213.5930   59.7370 14.8
 15.693 0476 Alaska-slab2-v3                                                                  213.4673   59.8012 14.9
 15.383 0477 Alaska-slab2-v3                                                                  213.3418   59.8654 14.9
 33.456 0509 Alaska-slab2-v3                                                                  214.2376   59.1532  7.1
 33.456 0510 Alaska-slab2-v3                                                                  214.1024   59.2073  9.3
 28.627 0511 Alaska-slab2-v3                                                                  213.9719   59.2655 11.1
 24.023 0512 Alaska-slab2-v3                                                                  213.8453   59.3270 12.4
 20.735 0513 Alaska-slab2-v3                                                                  213.7176   59.3887 13.3
 18.588 0514 Alaska-slab2-v3                                                                  213.5892   59.4504 14.0
 17.238 0515 Alaska-slab2-v3                                                                  213.4601   59.5121 14.4
 16.442 0516 Alaska-slab2-v3                                                                  213.3304   59.5737 14.6
 15.958 0517 Alaska-slab2-v3                                                                  213.2003   59.6352 14.7
 15.404 0518 Alaska-slab2-v3                                                                  213.0697   59.6965 14.9
 33.456 0550 Alaska-slab2-v3                                                                  214.0194   59.0030  7.0
 33.456 0551 Alaska-slab2-v3                                                                  213.8813   59.0556  8.9
 30.480 0552 Alaska-slab2-v3                                                                  213.7467   59.1112 10.6
 26.008 0553 Alaska-slab2-v3                                                                  213.6158   59.1701 11.9
 22.671 0554 Alaska-slab2-v3                                                                  213.4846   59.2294 12.9
 20.228 0555 Alaska-slab2-v3                                                                  213.3527   59.2888 13.6
 18.543 0556 Alaska-slab2-v3                                                                  213.2201   59.3481 14.1
 17.338 0557 Alaska-slab2-v3                                                                  213.0869   59.4073 14.4
 16.410 0558 Alaska-slab2-v3                                                                  212.9532   59.4664 14.7
 15.550 0559 Alaska-slab2-v3                                                                  212.8188   59.5252 14.9
 27.183 0590 Alaska-slab2-v3                                                                  213.8124   58.8490  6.9
 27.183 0591 Alaska-slab2-v3                                                                  213.6725   58.9003  8.7
 26.516 0592 Alaska-slab2-v3                                                                  213.5347   58.9537 10.2
 23.031 0593 Alaska-slab2-v3                                                                  213.4001   59.0099 11.5
 20.282 0594 Alaska-slab2-v3                                                                  213.2660   59.0671 12.5
 18.131 0595 Alaska-slab2-v3                                                                  213.1312   59.1243 13.3
 16.470 0596 Alaska-slab2-v3                                                                  212.9957   59.1814 13.9
 15.218 0597 Alaska-slab2-v3                                                                  212.8597   59.2385 14.4
 14.183 0598 Alaska-slab2-v3                                                                  212.7232   59.2954 14.8
 20.910 0628 Alaska-slab2-v3                                                                  213.6139   58.6921  6.9
 20.910 0629 Alaska-slab2-v3                                                                  213.4727   58.7421  8.6
 20.542 0630 Alaska-slab2-v3                                                                  213.3324   58.7934 10.1
 17.854 0631 Alaska-slab2-v3                                                                  213.1942   58.8468 11.4
 15.669 0632 Alaska-slab2-v3                                                                  213.0564   58.9011 12.4
 13.926 0633 Alaska-slab2-v3                                                                  212.9178   58.9554 13.3
 12.540 0634 Alaska-slab2-v3                                                                  212.7787   59.0096 13.9
 11.447 0635 Alaska-slab2-v3                                                                  212.6390   59.0637 14.5
 10.565 0636 Alaska-slab2-v3                                                                  212.4985   59.1175 14.9
 14.637 0664 Alaska-slab2-v3                                                                  213.4216   58.5336  6.9
 14.637 0665 Alaska-slab2-v3                                                                  213.2794   58.5822  8.7
 13.835 0666 Alaska-slab2-v3                                                                  213.1372   58.6314 10.3
 11.871 0667 Alaska-slab2-v3                                                                  212.9951   58.6814 11.6
 10.313 0668 Alaska-slab2-v3                                                                  212.8525   58.7318 12.6
  9.083 0669 Alaska-slab2-v3                                                                  212.7092   58.7822 13.5
  8.139 0670 Alaska-slab2-v3                                                                  212.5653   58.8324 14.1
  7.405 0671 Alaska-slab2-v3                                                                  212.4209   58.8826 14.6
  6.835 0672 Alaska-slab2-v3                                                                  212.2756   58.9323 15.0
  8.364 0699 Alaska-slab2-v3                                                                  213.2312   58.3782  7.1
  8.364 0700 Alaska-slab2-v3                                                                  213.0897   58.4261  9.1
  7.629 0701 Alaska-slab2-v3                                                                  212.9473   58.4744 10.8
  6.488 0702 Alaska-slab2-v3                                                                  212.8039   58.5229 12.1
  5.635 0703 Alaska-slab2-v3                                                                  212.6595   58.5714 13.1
  5.010 0704 Alaska-slab2-v3                                                                  212.5144   58.6199 13.9
  4.579 0705 Alaska-slab2-v3                                                                  212.3686   58.6683 14.4
  4.275 0706 Alaska-slab2-v3                                                                  212.2224   58.7166 14.7
  8.364 0734 Alaska-slab2-v3                                                                  213.0391   58.2265  7.2
  8.364 0735 Alaska-slab2-v3                                                                  212.8990   58.2742  9.5
  7.135 0736 Alaska-slab2-v3                                                                  212.7582   58.3227 11.3
  5.966 0737 Alaska-slab2-v3                                                                  212.6163   58.3719 12.7
  5.152 0738 Alaska-slab2-v3                                                                  212.4734   58.4212 13.7
  4.618 0739 Alaska-slab2-v3                                                                  212.3297   58.4705 14.3
  4.305 0740 Alaska-slab2-v3                                                                  212.1853   58.5196 14.7
  4.127 0741 Alaska-slab2-v3                                                                  212.0405   58.5687 14.9
  8.364 0769 Alaska-slab2-v3                                                                  212.8435   58.0761  7.3
  8.364 0770 Alaska-slab2-v3                                                                  212.7037   58.1232  9.6
  6.983 0771 Alaska-slab2-v3                                                                  212.5640   58.1721 11.5
  5.811 0772 Alaska-slab2-v3                                                                  212.4241   58.2223 12.9
  5.012 0773 Alaska-slab2-v3                                                                  212.2830   58.2726 13.8
  4.511 0774 Alaska-slab2-v3                                                                  212.1411   58.3229 14.4
  4.231 0775 Alaska-slab2-v3                                                                  211.9987   58.3731 14.7
  4.086 0776 Alaska-slab2-v3                                                                  211.8558   58.4231 14.9
  4.001 0777 Alaska-slab2-v3                                                                  211.7126   58.4732 15.0
  8.364 0803 Alaska-slab2-v3                                                                  212.6419   57.9286  7.2
  8.364 0804 Alaska-slab2-v3                                                                  212.5018   57.9757  9.3
  7.256 0805 Alaska-slab2-v3                                                                  212.3630   58.0250 11.1
  6.105 0806 Alaska-slab2-v3                                                                  212.2250   58.0764 12.5
  5.286 0807 Alaska-slab2-v3                                                                  212.0860   58.1278 13.4
  4.749 0808 Alaska-slab2-v3                                                                  211.9461   58.1791 14.1
  4.399 0809 Alaska-slab2-v3                                                                  211.8057   58.2304 14.5
  4.195 0810 Alaska-slab2-v3                                                                  211.6649   58.2816 14.7
  4.033 0811 Alaska-slab2-v3                                                                  211.5236   58.3327 14.9
  8.364 0837 Alaska-slab2-v3                                                                  212.4328   57.7855  7.0
  8.364 0838 Alaska-slab2-v3                                                                  212.2938   57.8339  8.9
  7.734 0839 Alaska-slab2-v3                                                                  212.1557   57.8839 10.5
  6.638 0840 Alaska-slab2-v3                                                                  212.0188   57.9358 11.8
  5.807 0841 Alaska-slab2-v3                                                                  211.8814   57.9880 12.8
  5.199 0842 Alaska-slab2-v3                                                                  211.7432   58.0402 13.5
  4.754 0843 Alaska-slab2-v3                                                                  211.6045   58.0922 14.0
  4.428 0844 Alaska-slab2-v3                                                                  211.4652   58.1442 14.4
  4.146 0845 Alaska-slab2-v3                                                                  211.3256   58.1960 14.7
  8.364 0871 Alaska-slab2-v3                                                                  212.2148   57.6471  6.8
  8.364 0872 Alaska-slab2-v3                                                                  212.0783   57.6978  8.4
  8.169 0873 Alaska-slab2-v3                                                                  211.9416   57.7490  9.9
  7.122 0874 Alaska-slab2-v3                                                                  211.8053   57.8010 11.1
  6.283 0875 Alaska-slab2-v3                                                                  211.6687   57.8535 12.1
  5.616 0876 Alaska-slab2-v3                                                                  211.5314   57.9059 12.8
  5.080 0877 Alaska-slab2-v3                                                                  211.3937   57.9582 13.5
  4.621 0878 Alaska-slab2-v3                                                                  211.2554   58.0104 14.0
  4.223 0879 Alaska-slab2-v3                                                                  211.1167   58.0625 14.4
  3.816 0880 Alaska-slab2-v3                                                                  210.9789   58.1152 14.9
