v2.3
Alaska-slab2-v3
Alaska-slab2-v3
-2             : nTop
.50 .50        : wtTop
-3             : nBot
.25 .50 .25    : wtBot
13             : nLen
0   11  26  30  50  64  75  88  110 128 144 160 180 : iStart 
10  25  29  49  63  74  87  109 127 143 159 179 205 : iEnd
.53 .53 .53 .53 .53 .53 .53 .53 .53 .53 .53 .53 .53 : wtLen
57  59  61  63  66  68  69  71  70  66  59  51  47  : Rate
.5  1.  1.  1.  1.  .3  .02 .7  1.  .25 .5  .62 1.  : Coupling
0   0   0   0   0   0   0   0   14  0   0   0   0   : zTop 1
8   8   8   8   8   8   8   14  28  8   8   8   8   : zTop 2
32  20  15  20  30  15  15  16  35  25  25  24  10  : zBot 1
37  25  20  25  35  20  20  22  40  30  30  29  12  : zBot 2
42  35  25  30  40  30  25  30  42  35  35  34  17  : zBot 3
32.e9          : Mu = 320 kbar = 32 GPa - 1 bar = 1e5 Pa -> kbar = 1e8 PA = 0.1 GPa
3 2.0          : Asperity step, DmaxDav
