  2.007 2160 Alaska-slab2-v3                                                                  195.9164   52.7538  8.8
  2.007 2161 Alaska-slab2-v3                                                                  195.8277   52.8066 13.0
  1.925 2162 Alaska-slab2-v3                                                                  195.7503   52.8815 14.6
  1.878 2163 Alaska-slab2-v3                                                                  195.6716   52.9580 15.0
  1.760 2164 Alaska-slab2-v3                                                                  195.5985   53.0359 15.8
  2.007 2175 Alaska-slab2-v3                                                                  195.6419   52.6846  8.7
  2.007 2176 Alaska-slab2-v3                                                                  195.5535   52.7408 12.7
  1.960 2177 Alaska-slab2-v3                                                                  195.4769   52.8160 14.4
  1.884 2178 Alaska-slab2-v3                                                                  195.3993   52.8928 14.9
  1.750 2179 Alaska-slab2-v3                                                                  195.3277   52.9711 15.9
  2.007 2190 Alaska-slab2-v3                                                                  195.3701   52.6129  8.4
  2.007 2191 Alaska-slab2-v3                                                                  195.2821   52.6730 12.2
  2.005 2192 Alaska-slab2-v3                                                                  195.2065   52.7485 14.0
  1.892 2193 Alaska-slab2-v3                                                                  195.1300   52.8254 14.8
  1.737 2194 Alaska-slab2-v3                                                                  195.0595   52.9040 15.9
  2.007 2205 Alaska-slab2-v3                                                                  195.1009   52.5389  8.2
  2.007 2206 Alaska-slab2-v3                                                                  195.0141   52.6025 11.6
  2.007 2207 Alaska-slab2-v3                                                                  194.9402   52.6785 13.5
  1.911 2208 Alaska-slab2-v3                                                                  194.8651   52.7557 14.6
  1.740 2209 Alaska-slab2-v3                                                                  194.7952   52.8344 15.7
  2.007 2220 Alaska-slab2-v3                                                                  194.8340   52.4634  7.9
  2.007 2221 Alaska-slab2-v3                                                                  194.7491   52.5299 11.1
  2.007 2222 Alaska-slab2-v3                                                                  194.6767   52.6063 13.1
  1.941 2223 Alaska-slab2-v3                                                                  194.6038   52.6841 14.2
  1.768 2224 Alaska-slab2-v3                                                                  194.5343   52.7630 15.4
  2.007 2235 Alaska-slab2-v3                                                                  194.5680   52.3876  7.8
  2.007 2236 Alaska-slab2-v3                                                                  194.4852   52.4562 10.8
  2.007 2237 Alaska-slab2-v3                                                                  194.4138   52.5328 12.7
  1.982 2238 Alaska-slab2-v3                                                                  194.3434   52.6114 13.9
  1.812 2239 Alaska-slab2-v3                                                                  194.2746   52.6905 15.0
  2.007 2250 Alaska-slab2-v3                                                                  194.3010   52.3122  7.7
  2.007 2251 Alaska-slab2-v3                                                                  194.2199   52.3821 10.5
  2.007 2252 Alaska-slab2-v3                                                                  194.1497   52.4592 12.4
  2.007 2253 Alaska-slab2-v3                                                                  194.0814   52.5384 13.6
  1.854 2254 Alaska-slab2-v3                                                                  194.0136   52.6179 14.7
  2.007 2265 Alaska-slab2-v3                                                                  194.0320   52.2386  7.6
  2.007 2266 Alaska-slab2-v3                                                                  193.9525   52.3094 10.4
  2.007 2267 Alaska-slab2-v3                                                                  193.8835   52.3869 12.3
  2.007 2268 Alaska-slab2-v3                                                                  193.8169   52.4665 13.5
  1.890 2269 Alaska-slab2-v3                                                                  193.7501   52.5464 14.6
  1.682 2270 Alaska-slab2-v3                                                                  193.6866   52.6267 16.0
  2.007 2279 Alaska-slab2-v3                                                                  193.7606   52.1681  7.6
  2.007 2280 Alaska-slab2-v3                                                                  193.6826   52.2395 10.4
  2.007 2281 Alaska-slab2-v3                                                                  193.6149   52.3174 12.3
  2.007 2282 Alaska-slab2-v3                                                                  193.5495   52.3974 13.5
  1.915 2283 Alaska-slab2-v3                                                                  193.4838   52.4776 14.5
  1.716 2284 Alaska-slab2-v3                                                                  193.4213   52.5583 15.9
  2.007 2293 Alaska-slab2-v3                                                                  193.4869   52.1014  7.7
  2.007 2294 Alaska-slab2-v3                                                                  193.4102   52.1732 10.5
  2.007 2295 Alaska-slab2-v3                                                                  193.3439   52.2515 12.4
  2.007 2296 Alaska-slab2-v3                                                                  193.2795   52.3318 13.5
  1.934 2297 Alaska-slab2-v3                                                                  193.2149   52.4124 14.5
  1.735 2298 Alaska-slab2-v3                                                                  193.1537   52.4933 15.9
  2.007 2307 Alaska-slab2-v3                                                                  193.2114   52.0382  7.7
  2.007 2308 Alaska-slab2-v3                                                                  193.1360   52.1104 10.6
  2.007 2309 Alaska-slab2-v3                                                                  193.0709   52.1890 12.4
  2.007 2310 Alaska-slab2-v3                                                                  193.0074   52.2696 13.6
  1.944 2311 Alaska-slab2-v3                                                                  192.9440   52.3504 14.6
  2.007 2321 Alaska-slab2-v3                                                                  192.9351   51.9779  7.7
  2.007 2322 Alaska-slab2-v3                                                                  192.8611   52.0507 10.5
  2.007 2323 Alaska-slab2-v3                                                                  192.7969   52.1296 12.4
  2.007 2324 Alaska-slab2-v3                                                                  192.7344   52.2105 13.6
  1.948 2325 Alaska-slab2-v3                                                                  192.6722   52.2915 14.6
  2.007 2335 Alaska-slab2-v3                                                                  192.6588   51.9199  7.6
  2.007 2336 Alaska-slab2-v3                                                                  192.5868   51.9938 10.3
  2.007 2337 Alaska-slab2-v3                                                                  192.5234   52.0730 12.2
  2.007 2338 Alaska-slab2-v3                                                                  192.4622   52.1542 13.4
  1.959 2339 Alaska-slab2-v3                                                                  192.4010   52.2355 14.5
  2.007 2349 Alaska-slab2-v3                                                                  192.3835   51.8632  7.4
  2.007 2350 Alaska-slab2-v3                                                                  192.3141   51.9389 10.0
  2.007 2351 Alaska-slab2-v3                                                                  192.2517   52.0185 11.8
  2.007 2352 Alaska-slab2-v3                                                                  192.1922   52.1001 13.0
  1.990 2353 Alaska-slab2-v3                                                                  192.1325   52.1817 14.1
  1.774 2354 Alaska-slab2-v3                                                                  192.0749   52.2635 15.6
  2.007 2363 Alaska-slab2-v3                                                                  192.1090   51.8066  7.2
  2.007 2364 Alaska-slab2-v3                                                                  192.0433   51.8843  9.5
  2.007 2365 Alaska-slab2-v3                                                                  191.9823   51.9645 11.2
  2.007 2366 Alaska-slab2-v3                                                                  191.9245   52.0465 12.5
  2.007 2367 Alaska-slab2-v3                                                                  191.8665   52.1286 13.7
  1.829 2368 Alaska-slab2-v3                                                                  191.8094   52.2105 15.1
  3.513 2377 Alaska-slab2-v3                                                                  191.8351   51.7486  7.1
  3.513 2378 Alaska-slab2-v3                                                                  191.7736   51.8283  9.0
  3.513 2379 Alaska-slab2-v3                                                                  191.7145   51.9093 10.6
  3.513 2380 Alaska-slab2-v3                                                                  191.6577   51.9915 12.0
  3.513 2381 Alaska-slab2-v3                                                                  191.6008   52.0738 13.2
  3.310 2382 Alaska-slab2-v3                                                                  191.5442   52.1559 14.6
  5.019 2391 Alaska-slab2-v3                                                                  191.5618   51.6883  6.9
  5.019 2392 Alaska-slab2-v3                                                                  191.5042   51.7695  8.6
  5.019 2393 Alaska-slab2-v3                                                                  191.4470   51.8512 10.1
  5.019 2394 Alaska-slab2-v3                                                                  191.3907   51.9335 11.5
  5.019 2395 Alaska-slab2-v3                                                                  191.3344   52.0158 12.8
  4.858 2396 Alaska-slab2-v3                                                                  191.2780   52.0980 14.1
  4.246 2397 Alaska-slab2-v3                                                                  191.2237   52.1804 15.8
  6.524 2404 Alaska-slab2-v3                                                                  191.2896   51.6250  6.8
  6.524 2405 Alaska-slab2-v3                                                                  191.2343   51.7071  8.3
  6.524 2406 Alaska-slab2-v3                                                                  191.1788   51.7894  9.8
  6.524 2407 Alaska-slab2-v3                                                                  191.1231   51.8718 11.1
  6.524 2408 Alaska-slab2-v3                                                                  191.0673   51.9542 12.4
  6.436 2409 Alaska-slab2-v3                                                                  191.0114   52.0365 13.9
  5.645 2410 Alaska-slab2-v3                                                                  190.9577   52.1189 15.5
  8.030 2417 Alaska-slab2-v3                                                                  191.0187   51.5590  6.7
  8.030 2418 Alaska-slab2-v3                                                                  190.9645   51.6415  8.2
  8.030 2419 Alaska-slab2-v3                                                                  190.9099   51.7241  9.6
  8.030 2420 Alaska-slab2-v3                                                                  190.8552   51.8068 10.9
  8.030 2421 Alaska-slab2-v3                                                                  190.8003   51.8894 12.2
  8.030 2422 Alaska-slab2-v3                                                                  190.7453   51.9718 13.7
  7.039 2423 Alaska-slab2-v3                                                                  190.6924   52.0543 15.4
  8.030 2430 Alaska-slab2-v3                                                                  190.7489   51.4914  6.7
  8.030 2431 Alaska-slab2-v3                                                                  190.6952   51.5741  8.1
  8.030 2432 Alaska-slab2-v3                                                                  190.6413   51.6569  9.5
  8.030 2433 Alaska-slab2-v3                                                                  190.5875   51.7398 10.8
  8.030 2434 Alaska-slab2-v3                                                                  190.5337   51.8227 12.1
  8.030 2435 Alaska-slab2-v3                                                                  190.4798   51.9054 13.5
  7.101 2436 Alaska-slab2-v3                                                                  190.4282   51.9881 15.3
  8.030 2443 Alaska-slab2-v3                                                                  190.4797   51.4236  6.7
  8.030 2444 Alaska-slab2-v3                                                                  190.4265   51.5064  8.1
  8.030 2445 Alaska-slab2-v3                                                                  190.3732   51.5893  9.5
  8.030 2446 Alaska-slab2-v3                                                                  190.3203   51.6724 10.8
  8.030 2447 Alaska-slab2-v3                                                                  190.2676   51.7556 12.1
  8.030 2448 Alaska-slab2-v3                                                                  190.2149   51.8385 13.5
  7.122 2449 Alaska-slab2-v3                                                                  190.1648   51.9215 15.4
  8.030 2456 Alaska-slab2-v3                                                                  190.2103   51.3567  6.8
  8.030 2457 Alaska-slab2-v3                                                                  190.1579   51.4396  8.2
  8.030 2458 Alaska-slab2-v3                                                                  190.1055   51.5226  9.6
  8.030 2459 Alaska-slab2-v3                                                                  190.0536   51.6059 10.9
  8.030 2460 Alaska-slab2-v3                                                                  190.0020   51.6893 12.2
  8.030 2461 Alaska-slab2-v3                                                                  189.9504   51.7725 13.7
  7.095 2462 Alaska-slab2-v3                                                                  189.9018   51.8558 15.5
  8.030 2469 Alaska-slab2-v3                                                                  189.9402   51.2920  6.8
  8.030 2470 Alaska-slab2-v3                                                                  189.8891   51.3750  8.4
  8.030 2471 Alaska-slab2-v3                                                                  189.8380   51.4582  9.9
  8.030 2472 Alaska-slab2-v3                                                                  189.7873   51.5417 11.3
  8.030 2473 Alaska-slab2-v3                                                                  189.7369   51.6254 12.6
  8.030 2474 Alaska-slab2-v3                                                                  189.6864   51.7088 14.1
  7.028 2475 Alaska-slab2-v3                                                                  189.6395   51.7924 15.9
  8.030 2482 Alaska-slab2-v3                                                                  189.6688   51.2307  6.9
  8.030 2483 Alaska-slab2-v3                                                                  189.6196   51.3137  8.8
  8.030 2484 Alaska-slab2-v3                                                                  189.5703   51.3972 10.4
  8.030 2485 Alaska-slab2-v3                                                                  189.5211   51.4810 11.7
  8.030 2486 Alaska-slab2-v3                                                                  189.4718   51.5649 13.1
  7.971 2487 Alaska-slab2-v3                                                                  189.4233   51.6486 14.6
  8.030 2495 Alaska-slab2-v3                                                                  189.3958   51.1735  7.1
  8.030 2496 Alaska-slab2-v3                                                                  189.3493   51.2566  9.2
  8.030 2497 Alaska-slab2-v3                                                                  189.3020   51.3403 10.9
  8.030 2498 Alaska-slab2-v3                                                                  189.2542   51.4244 12.3
  8.030 2499 Alaska-slab2-v3                                                                  189.2063   51.5085 13.6
  7.893 2500 Alaska-slab2-v3                                                                  189.1606   51.5928 15.2
  8.030 2508 Alaska-slab2-v3                                                                  189.1215   51.1204  7.4
  8.030 2509 Alaska-slab2-v3                                                                  189.0781   51.2032  9.9
  8.030 2510 Alaska-slab2-v3                                                                  189.0329   51.2871 11.7
  8.030 2511 Alaska-slab2-v3                                                                  188.9866   51.3716 13.0
  7.629 2512 Alaska-slab2-v3                                                                  188.9407   51.4562 14.3
  8.030 2521 Alaska-slab2-v3                                                                  188.8463   51.0704  7.7
  8.030 2522 Alaska-slab2-v3                                                                  188.8060   51.1527 10.6
  8.030 2523 Alaska-slab2-v3                                                                  188.7626   51.2368 12.5
  8.030 2524 Alaska-slab2-v3                                                                  188.7182   51.3218 13.7
  7.596 2525 Alaska-slab2-v3                                                                  188.6752   51.4069 15.0
  8.030 2534 Alaska-slab2-v3                                                                  188.5701   51.0230  8.1
  8.030 2535 Alaska-slab2-v3                                                                  188.5329   51.1043 11.4
  8.030 2536 Alaska-slab2-v3                                                                  188.4913   51.1887 13.2
  8.030 2537 Alaska-slab2-v3                                                                  188.4488   51.2742 14.3
  7.558 2538 Alaska-slab2-v3                                                                  188.4086   51.3599 15.6
  8.030 2546 Alaska-slab2-v3                                                                  188.2929   50.9776  8.3
  8.030 2547 Alaska-slab2-v3                                                                  188.2584   51.0580 12.0
  7.728 2548 Alaska-slab2-v3                                                                  188.2186   51.1427 13.8
  7.172 2549 Alaska-slab2-v3                                                                  188.1783   51.2288 14.7
  8.030 2558 Alaska-slab2-v3                                                                  188.0151   50.9341  8.5
  8.030 2559 Alaska-slab2-v3                                                                  187.9829   51.0142 12.3
  7.714 2560 Alaska-slab2-v3                                                                  187.9448   51.0992 14.0
  7.179 2561 Alaska-slab2-v3                                                                  187.9064   51.1856 14.9
  8.030 2570 Alaska-slab2-v3                                                                  187.7371   50.8920  8.4
  8.030 2571 Alaska-slab2-v3                                                                  187.7070   50.9726 12.2
  7.838 2572 Alaska-slab2-v3                                                                  187.6702   51.0578 14.0
  7.232 2573 Alaska-slab2-v3                                                                  187.6335   51.1444 15.0
  8.030 2582 Alaska-slab2-v3                                                                  187.4593   50.8505  8.3
  8.030 2583 Alaska-slab2-v3                                                                  187.4311   50.9322 11.8
  8.030 2584 Alaska-slab2-v3                                                                  187.3957   51.0176 13.7
  7.315 2585 Alaska-slab2-v3                                                                  187.3605   51.1042 14.9
  8.030 2594 Alaska-slab2-v3                                                                  187.1815   50.8091  8.0
  8.030 2595 Alaska-slab2-v3                                                                  187.1553   50.8921 11.3
  8.030 2596 Alaska-slab2-v3                                                                  187.1217   50.9776 13.3
  7.374 2597 Alaska-slab2-v3                                                                  187.0879   51.0642 14.8
  8.030 2606 Alaska-slab2-v3                                                                  186.9034   50.7677  7.8
  8.030 2607 Alaska-slab2-v3                                                                  186.8792   50.8520 10.8
  8.030 2608 Alaska-slab2-v3                                                                  186.8480   50.9377 12.9
  7.353 2609 Alaska-slab2-v3                                                                  186.8157   51.0243 14.5
  8.030 2618 Alaska-slab2-v3                                                                  186.6250   50.7270  7.6
  8.030 2619 Alaska-slab2-v3                                                                  186.6029   50.8123 10.3
  8.030 2620 Alaska-slab2-v3                                                                  186.5747   50.8985 12.4
  8.030 2621 Alaska-slab2-v3                                                                  186.5444   50.9853 14.0
  7.380 2622 Alaska-slab2-v3                                                                  186.5161   51.0725 15.6
  8.030 2631 Alaska-slab2-v3                                                                  186.3462   50.6875  7.4
  8.030 2632 Alaska-slab2-v3                                                                  186.3261   50.7736  9.9
  8.030 2633 Alaska-slab2-v3                                                                  186.3013   50.8604 11.9
  8.030 2634 Alaska-slab2-v3                                                                  186.2741   50.9477 13.5
  7.178 2635 Alaska-slab2-v3                                                                  186.2478   51.0353 15.0
  8.030 2644 Alaska-slab2-v3                                                                  186.0671   50.6497  7.3
  8.030 2645 Alaska-slab2-v3                                                                  186.0487   50.7365  9.6
  8.030 2646 Alaska-slab2-v3                                                                  186.0271   50.8239 11.5
  8.030 2647 Alaska-slab2-v3                                                                  186.0035   50.9118 12.9
  8.030 2648 Alaska-slab2-v3                                                                  185.9799   50.9999 14.2
  7.267 2649 Alaska-slab2-v3                                                                  185.9571   51.0878 15.7
  8.030 2657 Alaska-slab2-v3                                                                  185.7873   50.6143  7.2
  8.030 2658 Alaska-slab2-v3                                                                  185.7703   50.7014  9.5
  8.030 2659 Alaska-slab2-v3                                                                  185.7512   50.7892 11.2
  8.030 2660 Alaska-slab2-v3                                                                  185.7307   50.8777 12.5
  7.913 2661 Alaska-slab2-v3                                                                  185.7100   50.9662 13.6
  7.116 2662 Alaska-slab2-v3                                                                  185.6891   51.0545 14.9
  6.524 2671 Alaska-slab2-v3                                                                  185.5072   50.5812  7.2
  6.524 2672 Alaska-slab2-v3                                                                  185.4912   50.6685  9.4
  6.524 2673 Alaska-slab2-v3                                                                  185.4736   50.7566 11.1
  6.524 2674 Alaska-slab2-v3                                                                  185.4549   50.8453 12.3
  6.524 2675 Alaska-slab2-v3                                                                  185.4362   50.9342 13.2
  6.524 2676 Alaska-slab2-v3                                                                  185.4172   51.0229 14.4
  5.847 2677 Alaska-slab2-v3                                                                  185.3969   51.1109 16.0
  5.019 2685 Alaska-slab2-v3                                                                  185.2267   50.5503  7.2
  5.019 2686 Alaska-slab2-v3                                                                  185.2117   50.6377  9.4
  5.019 2687 Alaska-slab2-v3                                                                  185.1952   50.7258 11.1
  5.019 2688 Alaska-slab2-v3                                                                  185.1776   50.8146 12.3
  5.019 2689 Alaska-slab2-v3                                                                  185.1598   50.9036 13.2
  4.910 2690 Alaska-slab2-v3                                                                  185.1420   50.9925 14.2
  4.403 2691 Alaska-slab2-v3                                                                  185.1230   51.0809 15.6
  3.513 2700 Alaska-slab2-v3                                                                  184.9459   50.5211  7.2
  3.513 2701 Alaska-slab2-v3                                                                  184.9321   50.6085  9.4
  3.513 2702 Alaska-slab2-v3                                                                  184.9167   50.6967 11.2
  3.513 2703 Alaska-slab2-v3                                                                  184.9002   50.7854 12.4
  3.513 2704 Alaska-slab2-v3                                                                  184.8836   50.8745 13.4
  3.316 2705 Alaska-slab2-v3                                                                  184.8668   50.9635 14.4
  2.989 2706 Alaska-slab2-v3                                                                  184.8487   51.0521 15.7
  2.007 2715 Alaska-slab2-v3                                                                  184.6650   50.4933  7.2
  2.007 2716 Alaska-slab2-v3                                                                  184.6522   50.5808  9.4
  2.007 2717 Alaska-slab2-v3                                                                  184.6381   50.6690 11.2
  2.007 2718 Alaska-slab2-v3                                                                  184.6230   50.7578 12.5
  1.988 2719 Alaska-slab2-v3                                                                  184.6078   50.8468 13.6
  1.836 2720 Alaska-slab2-v3                                                                  184.5923   50.9359 14.6
  1.660 2721 Alaska-slab2-v3                                                                  184.5748   51.0247 15.8
  2.007 2730 Alaska-slab2-v3                                                                  184.3837   50.4670  7.2
  2.007 2731 Alaska-slab2-v3                                                                  184.3720   50.5546  9.4
  2.007 2732 Alaska-slab2-v3                                                                  184.3591   50.6428 11.2
  2.007 2733 Alaska-slab2-v3                                                                  184.3452   50.7316 12.6
  1.965 2734 Alaska-slab2-v3                                                                  184.3312   50.8207 13.7
  1.807 2735 Alaska-slab2-v3                                                                  184.3167   50.9099 14.7
  1.632 2736 Alaska-slab2-v3                                                                  184.2999   50.9987 15.9
  2.007 2745 Alaska-slab2-v3                                                                  184.1023   50.4426  7.2
  2.007 2746 Alaska-slab2-v3                                                                  184.0914   50.5302  9.3
  2.007 2747 Alaska-slab2-v3                                                                  184.0794   50.6186 11.1
  2.007 2748 Alaska-slab2-v3                                                                  184.0666   50.7074 12.5
  1.978 2749 Alaska-slab2-v3                                                                  184.0536   50.7966 13.6
  1.818 2750 Alaska-slab2-v3                                                                  184.0402   50.8858 14.6
  1.635 2751 Alaska-slab2-v3                                                                  184.0244   50.9747 15.9
  2.007 2760 Alaska-slab2-v3                                                                  183.8205   50.4203  7.2
  2.007 2761 Alaska-slab2-v3                                                                  183.8105   50.5081  9.3
  2.007 2762 Alaska-slab2-v3                                                                  183.7994   50.5965 11.0
  2.007 2763 Alaska-slab2-v3                                                                  183.7875   50.6855 12.3
  2.007 2764 Alaska-slab2-v3                                                                  183.7755   50.7748 13.4
  1.860 2765 Alaska-slab2-v3                                                                  183.7633   50.8640 14.5
  1.668 2766 Alaska-slab2-v3                                                                  183.7487   50.9529 15.8
  2.007 2775 Alaska-slab2-v3                                                                  183.5384   50.4006  7.1
  2.007 2776 Alaska-slab2-v3                                                                  183.5292   50.4885  9.2
  2.007 2777 Alaska-slab2-v3                                                                  183.5191   50.5771 10.9
  2.007 2778 Alaska-slab2-v3                                                                  183.5081   50.6662 12.2
  2.007 2779 Alaska-slab2-v3                                                                  183.4970   50.7555 13.2
  1.919 2780 Alaska-slab2-v3                                                                  183.4859   50.8448 14.3
  1.719 2781 Alaska-slab2-v3                                                                  183.4725   50.9336 15.6
  2.007 2790 Alaska-slab2-v3                                                                  183.2559   50.3839  7.1
  2.007 2791 Alaska-slab2-v3                                                                  183.2476   50.4719  9.2
  2.007 2792 Alaska-slab2-v3                                                                  183.2383   50.5605 10.8
  2.007 2793 Alaska-slab2-v3                                                                  183.2282   50.6497 12.1
  2.007 2794 Alaska-slab2-v3                                                                  183.2180   50.7391 13.1
  1.968 2795 Alaska-slab2-v3                                                                  183.2078   50.8284 14.2
  1.764 2796 Alaska-slab2-v3                                                                  183.1956   50.9172 15.6
  2.007 2805 Alaska-slab2-v3                                                                  182.9730   50.3703  7.1
  2.007 2806 Alaska-slab2-v3                                                                  182.9656   50.4585  9.1
  2.007 2807 Alaska-slab2-v3                                                                  182.9573   50.5472 10.7
  2.007 2808 Alaska-slab2-v3                                                                  182.9481   50.6364 12.0
  2.007 2809 Alaska-slab2-v3                                                                  182.9388   50.7258 13.0
  1.999 2810 Alaska-slab2-v3                                                                  182.9294   50.8151 14.2
  1.796 2811 Alaska-slab2-v3                                                                  182.9181   50.9039 15.6
  2.007 2820 Alaska-slab2-v3                                                                  182.6899   50.3603  7.0
  2.007 2821 Alaska-slab2-v3                                                                  182.6836   50.4486  8.9
  2.007 2822 Alaska-slab2-v3                                                                  182.6763   50.5374 10.5
  2.007 2823 Alaska-slab2-v3                                                                  182.6679   50.6266 11.8
  2.007 2824 Alaska-slab2-v3                                                                  182.6593   50.7159 13.0
  2.007 2825 Alaska-slab2-v3                                                                  182.6507   50.8052 14.2
  1.819 2826 Alaska-slab2-v3                                                                  182.6403   50.8941 15.6
  2.007 2834 Alaska-slab2-v3                                                                  182.4069   50.3538  6.9
  2.007 2835 Alaska-slab2-v3                                                                  182.4019   50.4425  8.7
  2.007 2836 Alaska-slab2-v3                                                                  182.3958   50.5313 10.3
  2.007 2837 Alaska-slab2-v3                                                                  182.3882   50.6205 11.6
  2.007 2838 Alaska-slab2-v3                                                                  182.3801   50.7097 12.9
  2.007 2839 Alaska-slab2-v3                                                                  182.3720   50.7989 14.1
  1.845 2840 Alaska-slab2-v3                                                                  182.3624   50.8878 15.6
  2.007 2848 Alaska-slab2-v3                                                                  182.1236   50.3512  6.8
  2.007 2849 Alaska-slab2-v3                                                                  182.1201   50.4400  8.5
  2.007 2850 Alaska-slab2-v3                                                                  182.1156   50.5291 10.0
  2.007 2851 Alaska-slab2-v3                                                                  182.1090   50.6182 11.3
  2.007 2852 Alaska-slab2-v3                                                                  182.1013   50.7074 12.6
  2.007 2853 Alaska-slab2-v3                                                                  182.0936   50.7965 14.0
  1.879 2854 Alaska-slab2-v3                                                                  182.0847   50.8853 15.6
  2.007 2862 Alaska-slab2-v3                                                                  181.8402   50.3523  6.8
  2.007 2863 Alaska-slab2-v3                                                                  181.8380   50.4414  8.3
  2.007 2864 Alaska-slab2-v3                                                                  181.8349   50.5305  9.7
  2.007 2865 Alaska-slab2-v3                                                                  181.8294   50.6197 11.1
  2.007 2866 Alaska-slab2-v3                                                                  181.8222   50.7089 12.4
  2.007 2867 Alaska-slab2-v3                                                                  181.8150   50.7979 13.9
  1.921 2868 Alaska-slab2-v3                                                                  181.8068   50.8865 15.6
  2.007 2876 Alaska-slab2-v3                                                                  181.5568   50.3573  6.8
  2.007 2877 Alaska-slab2-v3                                                                  181.5553   50.4465  8.2
  2.007 2878 Alaska-slab2-v3                                                                  181.5532   50.5356  9.6
  2.007 2879 Alaska-slab2-v3                                                                  181.5486   50.6249 11.0
  2.007 2880 Alaska-slab2-v3                                                                  181.5422   50.7140 12.3
  1.938 2881 Alaska-slab2-v3                                                                  181.5358   50.8030 13.9
  1.663 2882 Alaska-slab2-v3                                                                  181.5284   50.8914 15.7
  2.007 2890 Alaska-slab2-v3                                                                  181.2734   50.3663  6.8
  2.007 2891 Alaska-slab2-v3                                                                  181.2723   50.4553  8.3
  2.007 2892 Alaska-slab2-v3                                                                  181.2705   50.5445  9.7
  2.007 2893 Alaska-slab2-v3                                                                  181.2666   50.6337 11.1
  2.007 2894 Alaska-slab2-v3                                                                  181.2612   50.7229 12.5
  1.988 2895 Alaska-slab2-v3                                                                  181.2558   50.8118 14.1
  1.710 2896 Alaska-slab2-v3                                                                  181.2495   50.9001 16.0
  2.007 2903 Alaska-slab2-v3                                                                  180.9901   50.3788  6.8
  2.007 2904 Alaska-slab2-v3                                                                  180.9893   50.4677  8.5
  2.007 2905 Alaska-slab2-v3                                                                  180.9876   50.5567 10.0
  2.007 2906 Alaska-slab2-v3                                                                  180.9842   50.6459 11.4
  2.007 2907 Alaska-slab2-v3                                                                  180.9801   50.7350 12.9
  2.007 2908 Alaska-slab2-v3                                                                  180.9758   50.8239 14.5
  2.007 2916 Alaska-slab2-v3                                                                  180.7071   50.3941  7.0
  2.007 2917 Alaska-slab2-v3                                                                  180.7065   50.4827  8.8
  2.007 2918 Alaska-slab2-v3                                                                  180.7050   50.5716 10.4
  2.007 2919 Alaska-slab2-v3                                                                  180.7024   50.6607 11.9
  1.995 2920 Alaska-slab2-v3                                                                  180.6995   50.7498 13.3
  1.740 2921 Alaska-slab2-v3                                                                  180.6963   50.8386 15.0
