  2.476 2162 Alaska-slab2-v3                                                                  195.7503   52.8815 14.6
  1.772 2163 Alaska-slab2-v3                                                                  195.6716   52.9580 15.0
  3.126 2177 Alaska-slab2-v3                                                                  195.4769   52.8160 14.4
  1.999 2178 Alaska-slab2-v3                                                                  195.3993   52.8928 14.9
  3.974 2192 Alaska-slab2-v3                                                                  195.2065   52.7485 14.0
  2.295 2193 Alaska-slab2-v3                                                                  195.1300   52.8254 14.8
  2.531 2208 Alaska-slab2-v3                                                                  194.8651   52.7557 14.6
  2.606 2223 Alaska-slab2-v3                                                                  194.6038   52.6841 14.2
  3.001 2269 Alaska-slab2-v3                                                                  193.7501   52.5464 14.6
  2.933 2283 Alaska-slab2-v3                                                                  193.4838   52.4776 14.5
  2.945 2297 Alaska-slab2-v3                                                                  193.2149   52.4124 14.5
  3.256 2353 Alaska-slab2-v3                                                                  192.1325   52.1817 14.1
  3.562 2396 Alaska-slab2-v3                                                                  191.2780   52.0980 14.1
  0.962 2474 Alaska-slab2-v3                                                                  189.6864   51.7088 14.1
  0.698 2537 Alaska-slab2-v3                                                                  188.4488   51.2742 14.3
  0.509 2560 Alaska-slab2-v3                                                                  187.9448   51.0992 14.0
  0.858 2621 Alaska-slab2-v3                                                                  186.5444   50.9853 14.0
  0.815 2648 Alaska-slab2-v3                                                                  185.9799   50.9999 14.2
  0.840 2676 Alaska-slab2-v3                                                                  185.4172   51.0229 14.4
  0.761 2690 Alaska-slab2-v3                                                                  185.1420   50.9925 14.2
  0.684 2705 Alaska-slab2-v3                                                                  184.8668   50.9635 14.4
  0.630 2720 Alaska-slab2-v3                                                                  184.5923   50.9359 14.6
  0.621 2735 Alaska-slab2-v3                                                                  184.3167   50.9099 14.7
  0.649 2750 Alaska-slab2-v3                                                                  184.0402   50.8858 14.6
  0.690 2765 Alaska-slab2-v3                                                                  183.7633   50.8640 14.5
  0.733 2780 Alaska-slab2-v3                                                                  183.4859   50.8448 14.3
  0.763 2795 Alaska-slab2-v3                                                                  183.2078   50.8284 14.2
  0.773 2810 Alaska-slab2-v3                                                                  182.9294   50.8151 14.2
  0.777 2825 Alaska-slab2-v3                                                                  182.6507   50.8052 14.2
  0.799 2839 Alaska-slab2-v3                                                                  182.3720   50.7989 14.1
  0.850 2853 Alaska-slab2-v3                                                                  182.0936   50.7965 14.0
  1.018 2895 Alaska-slab2-v3                                                                  181.2558   50.8118 14.1
