  0.870 0000 Alaska-slab2-v3                                                                  220.4681   60.1734  0.4
  0.870 0001 Alaska-slab2-v3                                                                  220.5024   60.2615  1.3
  0.870 0002 Alaska-slab2-v3                                                                  220.5366   60.3496  2.1
  0.870 0003 Alaska-slab2-v3                                                                  220.5709   60.4377  3.0
  0.870 0004 Alaska-slab2-v3                                                                  220.6056   60.5257  3.8
  0.870 0005 Alaska-slab2-v3                                                                  220.6418   60.6139  4.6
  0.870 0006 Alaska-slab2-v3                                                                  220.6782   60.7021  5.3
  0.870 0007 Alaska-slab2-v3                                                                  220.6972   60.7904  6.1
  0.870 0008 Alaska-slab2-v3                                                                  220.6900   60.8794  6.8
  0.819 0009 Alaska-slab2-v3                                                                  220.6726   60.9687  7.6
  0.719 0010 Alaska-slab2-v3                                                                  220.6551   61.0581  8.4
  0.608 0011 Alaska-slab2-v3                                                                  220.6343   61.1471  9.3
  0.479 0012 Alaska-slab2-v3                                                                  220.6074   61.2353 10.4
  0.332 0013 Alaska-slab2-v3                                                                  220.5693   61.3225 11.6
  0.171 0014 Alaska-slab2-v3                                                                  220.5225   61.4090 12.9
  1.739 0025 Alaska-slab2-v3                                                                  220.1533   60.2734  0.5
  1.739 0026 Alaska-slab2-v3                                                                  220.1770   60.3623  1.4
  1.739 0027 Alaska-slab2-v3                                                                  220.2007   60.4512  2.3
  1.739 0028 Alaska-slab2-v3                                                                  220.2247   60.5401  3.3
  1.739 0029 Alaska-slab2-v3                                                                  220.2487   60.6290  4.2
  1.739 0030 Alaska-slab2-v3                                                                  220.2729   60.7179  5.1
  1.739 0031 Alaska-slab2-v3                                                                  220.2856   60.8066  6.0
  1.739 0032 Alaska-slab2-v3                                                                  220.2708   60.8950  6.8
  1.678 0033 Alaska-slab2-v3                                                                  220.2400   60.9835  7.7
  1.461 0034 Alaska-slab2-v3                                                                  220.2091   61.0718  8.6
  1.219 0035 Alaska-slab2-v3                                                                  220.1755   61.1598  9.7
  0.950 0036 Alaska-slab2-v3                                                                  220.1353   61.2470 10.8
  0.651 0037 Alaska-slab2-v3                                                                  220.0881   61.3334 12.1
  0.334 0038 Alaska-slab2-v3                                                                  220.0377   61.4193 13.5
  2.609 0049 Alaska-slab2-v3                                                                  219.8109   60.3467  0.5
  2.609 0050 Alaska-slab2-v3                                                                  219.8248   60.4360  1.6
  2.609 0051 Alaska-slab2-v3                                                                  219.8386   60.5254  2.7
  2.609 0052 Alaska-slab2-v3                                                                  219.8526   60.6147  3.7
  2.609 0053 Alaska-slab2-v3                                                                  219.8667   60.7040  4.7
  2.609 0054 Alaska-slab2-v3                                                                  219.8736   60.7931  5.7
  2.609 0055 Alaska-slab2-v3                                                                  219.8548   60.8811  6.6
  2.541 0056 Alaska-slab2-v3                                                                  219.8144   60.9683  7.6
  2.199 0057 Alaska-slab2-v3                                                                  219.7710   61.0555  8.5
  1.827 0058 Alaska-slab2-v3                                                                  219.7270   61.1425  9.6
  1.414 0059 Alaska-slab2-v3                                                                  219.6794   61.2289 10.8
  0.965 0060 Alaska-slab2-v3                                                                  219.6278   61.3148 12.0
  0.491 0061 Alaska-slab2-v3                                                                  219.5751   61.4004 13.4
  3.478 0072 Alaska-slab2-v3                                                                  219.4474   60.3908  0.6
  3.478 0073 Alaska-slab2-v3                                                                  219.4526   60.4801  1.9
  3.478 0074 Alaska-slab2-v3                                                                  219.4578   60.5695  3.1
  3.478 0075 Alaska-slab2-v3                                                                  219.4631   60.6590  4.2
  3.478 0076 Alaska-slab2-v3                                                                  219.4664   60.7483  5.3
  3.478 0077 Alaska-slab2-v3                                                                  219.4483   60.8364  6.3
  3.361 0078 Alaska-slab2-v3                                                                  219.4033   60.9228  7.2
  2.905 0079 Alaska-slab2-v3                                                                  219.3506   61.0087  8.2
  2.428 0080 Alaska-slab2-v3                                                                  219.2976   61.0947  9.1
  1.897 0081 Alaska-slab2-v3                                                                  219.2445   61.1805 10.2
  1.306 0082 Alaska-slab2-v3                                                                  219.1907   61.2661 11.4
  0.665 0083 Alaska-slab2-v3                                                                  219.1363   61.3516 12.7
  4.348 0094 Alaska-slab2-v3                                                                  219.0747   60.4088  0.7
  4.348 0095 Alaska-slab2-v3                                                                  219.0718   60.4979  2.1
  4.348 0096 Alaska-slab2-v3                                                                  219.0689   60.5872  3.5
  4.348 0097 Alaska-slab2-v3                                                                  219.0659   60.6765  4.8
  4.348 0098 Alaska-slab2-v3                                                                  219.0522   60.7651  5.9
  4.348 0099 Alaska-slab2-v3                                                                  219.0101   60.8513  6.8
  4.010 0100 Alaska-slab2-v3                                                                  218.9502   60.9362  7.7
  3.500 0101 Alaska-slab2-v3                                                                  218.8900   61.0211  8.6
  2.959 0102 Alaska-slab2-v3                                                                  218.8295   61.1059  9.4
  2.333 0103 Alaska-slab2-v3                                                                  218.7707   61.1909 10.5
  1.616 0104 Alaska-slab2-v3                                                                  218.7137   61.2761 11.6
  0.832 0105 Alaska-slab2-v3                                                                  218.6566   61.3611 12.9
  4.348 0115 Alaska-slab2-v3                                                                  218.6998   60.4034  0.8
  4.348 0116 Alaska-slab2-v3                                                                  218.6885   60.4922  2.4
  4.348 0117 Alaska-slab2-v3                                                                  218.6771   60.5811  3.8
  4.348 0118 Alaska-slab2-v3                                                                  218.6656   60.6702  5.2
  4.348 0119 Alaska-slab2-v3                                                                  218.6323   60.7571  6.3
  4.348 0120 Alaska-slab2-v3                                                                  218.5713   60.8413  7.2
  3.935 0121 Alaska-slab2-v3                                                                  218.5043   60.9250  8.0
  3.484 0122 Alaska-slab2-v3                                                                  218.4369   61.0086  8.8
  2.997 0123 Alaska-slab2-v3                                                                  218.3694   61.0923  9.6
  2.428 0124 Alaska-slab2-v3                                                                  218.3052   61.1764 10.6
  1.739 0125 Alaska-slab2-v3                                                                  218.2444   61.2609 11.7
  0.926 0126 Alaska-slab2-v3                                                                  218.1834   61.3453 13.1
  4.348 0134 Alaska-slab2-v3                                                                  218.3264   60.3816  0.9
  4.348 0135 Alaska-slab2-v3                                                                  218.3057   60.4698  2.5
  4.348 0136 Alaska-slab2-v3                                                                  218.2849   60.5582  4.1
  4.348 0137 Alaska-slab2-v3                                                                  218.2619   60.6465  5.5
  4.348 0138 Alaska-slab2-v3                                                                  218.2133   60.7318  6.6
  3.937 0139 Alaska-slab2-v3                                                                  218.1403   60.8141  7.4
  3.474 0140 Alaska-slab2-v3                                                                  218.0664   60.8965  8.1
  3.025 0141 Alaska-slab2-v3                                                                  217.9921   60.9788  8.8
  2.517 0142 Alaska-slab2-v3                                                                  217.9176   61.0610  9.6
  1.875 0143 Alaska-slab2-v3                                                                  217.8476   61.1440 10.6
  1.053 0144 Alaska-slab2-v3                                                                  217.7819   61.2275 11.9
  7.608 0152 Alaska-slab2-v3                                                                  217.9560   60.3487  0.9
  7.608 0153 Alaska-slab2-v3                                                                  217.9251   60.4360  2.7
  7.608 0154 Alaska-slab2-v3                                                                  217.8940   60.5236  4.3
  7.608 0155 Alaska-slab2-v3                                                                  217.8567   60.6105  5.7
  7.608 0156 Alaska-slab2-v3                                                                  217.7950   60.6939  6.7
  7.441 0157 Alaska-slab2-v3                                                                  217.7144   60.7747  7.4
  6.773 0158 Alaska-slab2-v3                                                                  217.6334   60.8554  8.1
  6.074 0159 Alaska-slab2-v3                                                                  217.5520   60.9361  8.8
  5.145 0160 Alaska-slab2-v3                                                                  217.4711   61.0168  9.6
  3.872 0161 Alaska-slab2-v3                                                                  217.3959   61.0984 10.9
  2.160 0162 Alaska-slab2-v3                                                                  217.3259   61.1805 12.5
 10.869 0170 Alaska-slab2-v3                                                                  217.5897   60.3064  1.0
 10.869 0171 Alaska-slab2-v3                                                                  217.5486   60.3925  2.8
 10.869 0172 Alaska-slab2-v3                                                                  217.5071   60.4789  4.5
 10.869 0173 Alaska-slab2-v3                                                                  217.4550   60.5637  5.9
 10.375 0174 Alaska-slab2-v3                                                                  217.3802   60.6447  7.0
  9.078 0175 Alaska-slab2-v3                                                                  217.2929   60.7237  7.8
  7.959 0176 Alaska-slab2-v3                                                                  217.2052   60.8027  8.5
  6.727 0177 Alaska-slab2-v3                                                                  217.1176   60.8817  9.3
  5.123 0178 Alaska-slab2-v3                                                                  217.0329   60.9613 10.2
  2.934 0179 Alaska-slab2-v3                                                                  216.9532   61.0417 11.6
 14.130 0188 Alaska-slab2-v3                                                                  217.2301   60.2536  1.0
 14.130 0189 Alaska-slab2-v3                                                                  217.1792   60.3381  3.0
 14.130 0190 Alaska-slab2-v3                                                                  217.1277   60.4229  4.9
 14.130 0191 Alaska-slab2-v3                                                                  217.0622   60.5053  6.5
 12.984 0192 Alaska-slab2-v3                                                                  216.9785   60.5843  7.7
 10.968 0193 Alaska-slab2-v3                                                                  216.8900   60.6628  8.8
  9.249 0194 Alaska-slab2-v3                                                                  216.7993   60.7407  9.6
  7.608 0195 Alaska-slab2-v3                                                                  216.7064   60.8182 10.4
  5.711 0196 Alaska-slab2-v3                                                                  216.6152   60.8960 11.4
  3.281 0197 Alaska-slab2-v3                                                                  216.5257   60.9741 12.6
 17.391 0207 Alaska-slab2-v3                                                                  216.8806   60.1876  1.2
 17.391 0208 Alaska-slab2-v3                                                                  216.8211   60.2702  3.5
 17.391 0209 Alaska-slab2-v3                                                                  216.7599   60.3528  5.6
 16.231 0210 Alaska-slab2-v3                                                                  216.6886   60.4338  7.4
 12.417 0211 Alaska-slab2-v3                                                                  216.6061   60.5129  9.0
  9.425 0212 Alaska-slab2-v3                                                                  216.5155   60.5902 10.2
  7.031 0213 Alaska-slab2-v3                                                                  216.4176   60.6658 11.1
  4.937 0214 Alaska-slab2-v3                                                                  216.3169   60.7408 12.0
  2.743 0215 Alaska-slab2-v3                                                                  216.2154   60.8156 12.9
 17.391 0228 Alaska-slab2-v3                                                                  216.5462   60.1055  1.4
 17.391 0229 Alaska-slab2-v3                                                                  216.4789   60.1854  4.1
 17.391 0230 Alaska-slab2-v3                                                                  216.4121   60.2658  6.7
 13.022 0231 Alaska-slab2-v3                                                                  216.3398   60.3457  8.9
  8.762 0232 Alaska-slab2-v3                                                                  216.2532   60.4228 10.7
  5.695 0233 Alaska-slab2-v3                                                                  216.1527   60.4968 11.9
  3.529 0234 Alaska-slab2-v3                                                                  216.0465   60.5698 12.8
  1.801 0235 Alaska-slab2-v3                                                                  215.9396   60.6428 13.6
 17.391 0252 Alaska-slab2-v3                                                                  216.2342   60.0034  1.6
 17.391 0253 Alaska-slab2-v3                                                                  216.1579   60.0796  4.9
 15.910 0254 Alaska-slab2-v3                                                                  216.0843   60.1571  7.9
  9.866 0255 Alaska-slab2-v3                                                                  216.0024   60.2336 10.4
  5.566 0256 Alaska-slab2-v3                                                                  215.9029   60.3067 12.2
  2.843 0257 Alaska-slab2-v3                                                                  215.7964   60.3790 13.4
  1.171 0258 Alaska-slab2-v3                                                                  215.6890   60.4516 14.1
 17.391 0279 Alaska-slab2-v3                                                                  215.9496   59.8812  1.8
 17.391 0280 Alaska-slab2-v3                                                                  215.8586   59.9519  5.4
 14.956 0281 Alaska-slab2-v3                                                                  215.7667   60.0238  8.5
  9.245 0282 Alaska-slab2-v3                                                                  215.6685   60.0957 10.9
  5.266 0283 Alaska-slab2-v3                                                                  215.5633   60.1673 12.6
  2.715 0284 Alaska-slab2-v3                                                                  215.4567   60.2395 13.7
  1.123 0285 Alaska-slab2-v3                                                                  215.3492   60.3119 14.4
 17.391 0309 Alaska-slab2-v3                                                                  215.6867   59.7457  1.9
 17.391 0310 Alaska-slab2-v3                                                                  215.5774   59.8092  5.5
 15.243 0311 Alaska-slab2-v3                                                                  215.4642   59.8739  8.3
 10.359 0312 Alaska-slab2-v3                                                                  215.3509   59.9410 10.4
  6.725 0313 Alaska-slab2-v3                                                                  215.2419   60.0111 11.9
  3.941 0314 Alaska-slab2-v3                                                                  215.1347   60.0828 13.1
  1.770 0315 Alaska-slab2-v3                                                                  215.0267   60.1546 14.0
 17.391 0343 Alaska-slab2-v3                                                                  215.2307   59.7091  7.2
 12.996 0344 Alaska-slab2-v3                                                                  215.1063   59.7707  9.3
  8.789 0345 Alaska-slab2-v3                                                                  214.9901   59.8370 11.1
  5.540 0346 Alaska-slab2-v3                                                                  214.8804   59.9071 12.5
  3.156 0347 Alaska-slab2-v3                                                                  214.7697   59.9775 13.5
  1.379 0348 Alaska-slab2-v3                                                                  214.6583   60.0480 14.3
 17.391 0385 Alaska-slab2-v3                                                                  214.9690   59.5755  7.2
 12.620 0386 Alaska-slab2-v3                                                                  214.8431   59.6356  9.5
  8.281 0387 Alaska-slab2-v3                                                                  214.7243   59.7004 11.4
  5.132 0388 Alaska-slab2-v3                                                                  214.6103   59.7687 12.7
  2.963 0389 Alaska-slab2-v3                                                                  214.4953   59.8373 13.6
  1.540 0390 Alaska-slab2-v3                                                                  214.3795   59.9059 14.2
  0.630 0391 Alaska-slab2-v3                                                                  214.2631   59.9745 14.6
 17.391 0427 Alaska-slab2-v3                                                                  214.7141   59.4391  7.3
 12.447 0428 Alaska-slab2-v3                                                                  214.5858   59.4974  9.6
  8.026 0429 Alaska-slab2-v3                                                                  214.4641   59.5605 11.5
  4.839 0430 Alaska-slab2-v3                                                                  214.3463   59.6269 12.9
  2.675 0431 Alaska-slab2-v3                                                                  214.2275   59.6935 13.8
  1.349 0432 Alaska-slab2-v3                                                                  214.1078   59.7602 14.4
  0.605 0433 Alaska-slab2-v3                                                                  213.9875   59.8269 14.7
  0.256 0434 Alaska-slab2-v3                                                                  213.8667   59.8935 14.8
 17.391 0468 Alaska-slab2-v3                                                                  214.4693   59.2986  7.2
 12.572 0469 Alaska-slab2-v3                                                                  214.3377   59.3548  9.5
  8.218 0470 Alaska-slab2-v3                                                                  214.2120   59.4156 11.4
  5.029 0471 Alaska-slab2-v3                                                                  214.0899   59.4797 12.8
  2.840 0472 Alaska-slab2-v3                                                                  213.9667   59.5441 13.7
  1.490 0473 Alaska-slab2-v3                                                                  213.8427   59.6084 14.3
  0.745 0474 Alaska-slab2-v3                                                                  213.7181   59.6728 14.6
  0.396 0475 Alaska-slab2-v3                                                                  213.5930   59.7370 14.8
  0.210 0476 Alaska-slab2-v3                                                                  213.4673   59.8012 14.9
 17.391 0509 Alaska-slab2-v3                                                                  214.2376   59.1532  7.1
 13.090 0510 Alaska-slab2-v3                                                                  214.1024   59.2073  9.3
  8.929 0511 Alaska-slab2-v3                                                                  213.9719   59.2655 11.1
  5.820 0512 Alaska-slab2-v3                                                                  213.8453   59.3270 12.4
  3.600 0513 Alaska-slab2-v3                                                                  213.7176   59.3887 13.3
  2.150 0514 Alaska-slab2-v3                                                                  213.5892   59.4504 14.0
  1.239 0515 Alaska-slab2-v3                                                                  213.4601   59.5121 14.4
  0.701 0516 Alaska-slab2-v3                                                                  213.3304   59.5737 14.6
  0.374 0517 Alaska-slab2-v3                                                                  213.2003   59.6352 14.7
 17.391 0550 Alaska-slab2-v3                                                                  214.0194   59.0030  7.0
 13.954 0551 Alaska-slab2-v3                                                                  213.8813   59.0556  8.9
 10.111 0552 Alaska-slab2-v3                                                                  213.7467   59.1112 10.6
  7.082 0553 Alaska-slab2-v3                                                                  213.6158   59.1701 11.9
  4.822 0554 Alaska-slab2-v3                                                                  213.4846   59.2294 12.9
  3.168 0555 Alaska-slab2-v3                                                                  213.3527   59.2888 13.6
  2.027 0556 Alaska-slab2-v3                                                                  213.2201   59.3481 14.1
  1.211 0557 Alaska-slab2-v3                                                                  213.0869   59.4073 14.4
  0.582 0558 Alaska-slab2-v3                                                                  212.9532   59.4664 14.7
 14.130 0590 Alaska-slab2-v3                                                                  213.8124   58.8490  6.9
 11.660 0591 Alaska-slab2-v3                                                                  213.6725   58.9003  8.7
  8.673 0592 Alaska-slab2-v3                                                                  213.5347   58.9537 10.2
  6.223 0593 Alaska-slab2-v3                                                                  213.4001   59.0099 11.5
  4.289 0594 Alaska-slab2-v3                                                                  213.2660   59.0671 12.5
  2.776 0595 Alaska-slab2-v3                                                                  213.1312   59.1243 13.3
  1.608 0596 Alaska-slab2-v3                                                                  212.9957   59.1814 13.9
  0.728 0597 Alaska-slab2-v3                                                                  212.8597   59.2385 14.4
 10.869 0628 Alaska-slab2-v3                                                                  213.6139   58.6921  6.9
  9.175 0629 Alaska-slab2-v3                                                                  213.4727   58.7421  8.6
  6.939 0630 Alaska-slab2-v3                                                                  213.3324   58.7934 10.1
  5.069 0631 Alaska-slab2-v3                                                                  213.1942   58.8468 11.4
  3.550 0632 Alaska-slab2-v3                                                                  213.0564   58.9011 12.4
  2.337 0633 Alaska-slab2-v3                                                                  212.9178   58.9554 13.3
  1.373 0634 Alaska-slab2-v3                                                                  212.7787   59.0096 13.9
  0.614 0635 Alaska-slab2-v3                                                                  212.6390   59.0637 14.5
  7.608 0664 Alaska-slab2-v3                                                                  213.4216   58.5336  6.9
  6.363 0665 Alaska-slab2-v3                                                                  213.2794   58.5822  8.7
  4.747 0666 Alaska-slab2-v3                                                                  213.1372   58.6314 10.3
  3.415 0667 Alaska-slab2-v3                                                                  212.9951   58.6814 11.6
  2.358 0668 Alaska-slab2-v3                                                                  212.8525   58.7318 12.6
  1.525 0669 Alaska-slab2-v3                                                                  212.7092   58.7822 13.5
  0.884 0670 Alaska-slab2-v3                                                                  212.5653   58.8324 14.1
  0.386 0671 Alaska-slab2-v3                                                                  212.4209   58.8826 14.6
  4.348 0699 Alaska-slab2-v3                                                                  213.2312   58.3782  7.1
  3.351 0700 Alaska-slab2-v3                                                                  213.0897   58.4261  9.1
  2.342 0701 Alaska-slab2-v3                                                                  212.9473   58.4744 10.8
  1.546 0702 Alaska-slab2-v3                                                                  212.8039   58.5229 12.1
  0.950 0703 Alaska-slab2-v3                                                                  212.6595   58.5714 13.1
  0.513 0704 Alaska-slab2-v3                                                                  212.5144   58.6199 13.9
  0.212 0705 Alaska-slab2-v3                                                                  212.3686   58.6683 14.4
  4.348 0734 Alaska-slab2-v3                                                                  213.0391   58.2265  7.2
  3.158 0735 Alaska-slab2-v3                                                                  212.8990   58.2742  9.5
  2.076 0736 Alaska-slab2-v3                                                                  212.7582   58.3227 11.3
  1.269 0737 Alaska-slab2-v3                                                                  212.6163   58.3719 12.7
  0.708 0738 Alaska-slab2-v3                                                                  212.4734   58.4212 13.7
  0.339 0739 Alaska-slab2-v3                                                                  212.3297   58.4705 14.3
  0.123 0740 Alaska-slab2-v3                                                                  212.1853   58.5196 14.7
  4.348 0769 Alaska-slab2-v3                                                                  212.8435   58.0761  7.3
  3.135 0770 Alaska-slab2-v3                                                                  212.7037   58.1232  9.6
  2.037 0771 Alaska-slab2-v3                                                                  212.5640   58.1721 11.5
  1.236 0772 Alaska-slab2-v3                                                                  212.4241   58.2223 12.9
  0.691 0773 Alaska-slab2-v3                                                                  212.2830   58.2726 13.8
  0.348 0774 Alaska-slab2-v3                                                                  212.1411   58.3229 14.4
  0.157 0775 Alaska-slab2-v3                                                                  211.9987   58.3731 14.7
  0.058 0776 Alaska-slab2-v3                                                                  211.8558   58.4231 14.9
  4.348 0803 Alaska-slab2-v3                                                                  212.6419   57.9286  7.2
  3.253 0804 Alaska-slab2-v3                                                                  212.5018   57.9757  9.3
  2.207 0805 Alaska-slab2-v3                                                                  212.3630   58.0250 11.1
  1.419 0806 Alaska-slab2-v3                                                                  212.2250   58.0764 12.5
  0.858 0807 Alaska-slab2-v3                                                                  212.0860   58.1278 13.4
  0.491 0808 Alaska-slab2-v3                                                                  211.9461   58.1791 14.1
  0.251 0809 Alaska-slab2-v3                                                                  211.8057   58.2304 14.5
  0.111 0810 Alaska-slab2-v3                                                                  211.6649   58.2816 14.7
  4.348 0837 Alaska-slab2-v3                                                                  212.4328   57.7855  7.0
  3.439 0838 Alaska-slab2-v3                                                                  212.2938   57.8339  8.9
  2.480 0839 Alaska-slab2-v3                                                                  212.1557   57.8839 10.5
  1.722 0840 Alaska-slab2-v3                                                                  212.0188   57.9358 11.8
  1.148 0841 Alaska-slab2-v3                                                                  211.8814   57.9880 12.8
  0.728 0842 Alaska-slab2-v3                                                                  211.7432   58.0402 13.5
  0.420 0843 Alaska-slab2-v3                                                                  211.6045   58.0922 14.0
  0.195 0844 Alaska-slab2-v3                                                                  211.4652   58.1442 14.4
  4.348 0871 Alaska-slab2-v3                                                                  212.2148   57.6471  6.8
  3.771 0872 Alaska-slab2-v3                                                                  212.0783   57.6978  8.4
  2.931 0873 Alaska-slab2-v3                                                                  211.9416   57.7490  9.9
  2.226 0874 Alaska-slab2-v3                                                                  211.8053   57.8010 11.1
  1.661 0875 Alaska-slab2-v3                                                                  211.6687   57.8535 12.1
  1.212 0876 Alaska-slab2-v3                                                                  211.5314   57.9059 12.8
  0.851 0877 Alaska-slab2-v3                                                                  211.3937   57.9582 13.5
  0.542 0878 Alaska-slab2-v3                                                                  211.2554   58.0104 14.0
  0.274 0879 Alaska-slab2-v3                                                                  211.1167   58.0625 14.4
