  9.871 0000 Alaska-slab2-v3                                                                  220.4681   60.1734  0.4
  9.871 0001 Alaska-slab2-v3                                                                  220.5024   60.2615  1.3
  9.871 0002 Alaska-slab2-v3                                                                  220.5366   60.3496  2.1
  9.871 0003 Alaska-slab2-v3                                                                  220.5709   60.4377  3.0
  9.871 0004 Alaska-slab2-v3                                                                  220.6056   60.5257  3.8
  9.871 0005 Alaska-slab2-v3                                                                  220.6418   60.6139  4.6
  9.871 0006 Alaska-slab2-v3                                                                  220.6782   60.7021  5.3
  9.871 0007 Alaska-slab2-v3                                                                  220.6972   60.7904  6.1
  9.871 0008 Alaska-slab2-v3                                                                  220.6900   60.8794  6.8
  9.871 0009 Alaska-slab2-v3                                                                  220.6726   60.9687  7.6
  9.871 0010 Alaska-slab2-v3                                                                  220.6551   61.0581  8.4
  9.871 0011 Alaska-slab2-v3                                                                  220.6343   61.1471  9.3
  9.871 0012 Alaska-slab2-v3                                                                  220.6074   61.2353 10.4
  9.871 0013 Alaska-slab2-v3                                                                  220.5693   61.3225 11.6
  9.871 0014 Alaska-slab2-v3                                                                  220.5225   61.4090 12.9
  9.504 0015 Alaska-slab2-v3                                                                  220.4743   61.4951 14.3
 19.743 0025 Alaska-slab2-v3                                                                  220.1533   60.2734  0.5
 19.743 0026 Alaska-slab2-v3                                                                  220.1770   60.3623  1.4
 19.743 0027 Alaska-slab2-v3                                                                  220.2007   60.4512  2.3
 19.743 0028 Alaska-slab2-v3                                                                  220.2247   60.5401  3.3
 19.743 0029 Alaska-slab2-v3                                                                  220.2487   60.6290  4.2
 19.743 0030 Alaska-slab2-v3                                                                  220.2729   60.7179  5.1
 19.743 0031 Alaska-slab2-v3                                                                  220.2856   60.8066  6.0
 19.743 0032 Alaska-slab2-v3                                                                  220.2708   60.8950  6.8
 19.743 0033 Alaska-slab2-v3                                                                  220.2400   60.9835  7.7
 19.743 0034 Alaska-slab2-v3                                                                  220.2091   61.0718  8.6
 19.743 0035 Alaska-slab2-v3                                                                  220.1755   61.1598  9.7
 19.743 0036 Alaska-slab2-v3                                                                  220.1353   61.2470 10.8
 19.743 0037 Alaska-slab2-v3                                                                  220.0881   61.3334 12.1
 19.743 0038 Alaska-slab2-v3                                                                  220.0377   61.4193 13.5
 17.943 0039 Alaska-slab2-v3                                                                  219.9860   61.5050 14.9
 29.614 0049 Alaska-slab2-v3                                                                  219.8109   60.3467  0.5
 29.614 0050 Alaska-slab2-v3                                                                  219.8248   60.4360  1.6
 29.614 0051 Alaska-slab2-v3                                                                  219.8386   60.5254  2.7
 29.614 0052 Alaska-slab2-v3                                                                  219.8526   60.6147  3.7
 29.614 0053 Alaska-slab2-v3                                                                  219.8667   60.7040  4.7
 29.614 0054 Alaska-slab2-v3                                                                  219.8736   60.7931  5.7
 29.614 0055 Alaska-slab2-v3                                                                  219.8548   60.8811  6.6
 29.614 0056 Alaska-slab2-v3                                                                  219.8144   60.9683  7.6
 29.614 0057 Alaska-slab2-v3                                                                  219.7710   61.0555  8.5
 29.614 0058 Alaska-slab2-v3                                                                  219.7270   61.1425  9.6
 29.614 0059 Alaska-slab2-v3                                                                  219.6794   61.2289 10.8
 29.614 0060 Alaska-slab2-v3                                                                  219.6278   61.3148 12.0
 29.614 0061 Alaska-slab2-v3                                                                  219.5751   61.4004 13.4
 26.706 0062 Alaska-slab2-v3                                                                  219.5215   61.4859 14.8
 39.486 0072 Alaska-slab2-v3                                                                  219.4474   60.3908  0.6
 39.486 0073 Alaska-slab2-v3                                                                  219.4526   60.4801  1.9
 39.486 0074 Alaska-slab2-v3                                                                  219.4578   60.5695  3.1
 39.486 0075 Alaska-slab2-v3                                                                  219.4631   60.6590  4.2
 39.486 0076 Alaska-slab2-v3                                                                  219.4664   60.7483  5.3
 39.486 0077 Alaska-slab2-v3                                                                  219.4483   60.8364  6.3
 39.486 0078 Alaska-slab2-v3                                                                  219.4033   60.9228  7.2
 39.486 0079 Alaska-slab2-v3                                                                  219.3506   61.0087  8.2
 39.486 0080 Alaska-slab2-v3                                                                  219.2976   61.0947  9.1
 39.486 0081 Alaska-slab2-v3                                                                  219.2445   61.1805 10.2
 39.486 0082 Alaska-slab2-v3                                                                  219.1907   61.2661 11.4
 39.486 0083 Alaska-slab2-v3                                                                  219.1363   61.3516 12.7
 37.378 0084 Alaska-slab2-v3                                                                  219.0817   61.4369 14.0
 49.357 0094 Alaska-slab2-v3                                                                  219.0747   60.4088  0.7
 49.357 0095 Alaska-slab2-v3                                                                  219.0718   60.4979  2.1
 49.357 0096 Alaska-slab2-v3                                                                  219.0689   60.5872  3.5
 49.357 0097 Alaska-slab2-v3                                                                  219.0659   60.6765  4.8
 49.357 0098 Alaska-slab2-v3                                                                  219.0522   60.7651  5.9
 49.357 0099 Alaska-slab2-v3                                                                  219.0101   60.8513  6.8
 49.357 0100 Alaska-slab2-v3                                                                  218.9502   60.9362  7.7
 49.357 0101 Alaska-slab2-v3                                                                  218.8900   61.0211  8.6
 49.357 0102 Alaska-slab2-v3                                                                  218.8295   61.1059  9.4
 49.357 0103 Alaska-slab2-v3                                                                  218.7707   61.1909 10.5
 49.357 0104 Alaska-slab2-v3                                                                  218.7137   61.2761 11.6
 49.357 0105 Alaska-slab2-v3                                                                  218.6566   61.3611 12.9
 45.966 0106 Alaska-slab2-v3                                                                  218.5991   61.4460 14.3
 49.357 0115 Alaska-slab2-v3                                                                  218.6998   60.4034  0.8
 49.357 0116 Alaska-slab2-v3                                                                  218.6885   60.4922  2.4
 49.357 0117 Alaska-slab2-v3                                                                  218.6771   60.5811  3.8
 49.357 0118 Alaska-slab2-v3                                                                  218.6656   60.6702  5.2
 49.357 0119 Alaska-slab2-v3                                                                  218.6323   60.7571  6.3
 49.357 0120 Alaska-slab2-v3                                                                  218.5713   60.8413  7.2
 49.357 0121 Alaska-slab2-v3                                                                  218.5043   60.9250  8.0
 49.357 0122 Alaska-slab2-v3                                                                  218.4369   61.0086  8.8
 49.357 0123 Alaska-slab2-v3                                                                  218.3694   61.0923  9.6
 49.357 0124 Alaska-slab2-v3                                                                  218.3052   61.1764 10.6
 49.357 0125 Alaska-slab2-v3                                                                  218.2444   61.2609 11.7
 49.357 0126 Alaska-slab2-v3                                                                  218.1834   61.3453 13.1
 45.527 0127 Alaska-slab2-v3                                                                  218.1209   61.4290 14.6
 49.357 0134 Alaska-slab2-v3                                                                  218.3264   60.3816  0.9
 49.357 0135 Alaska-slab2-v3                                                                  218.3057   60.4698  2.5
 49.357 0136 Alaska-slab2-v3                                                                  218.2849   60.5582  4.1
 49.357 0137 Alaska-slab2-v3                                                                  218.2619   60.6465  5.5
 49.357 0138 Alaska-slab2-v3                                                                  218.2133   60.7318  6.6
 49.357 0139 Alaska-slab2-v3                                                                  218.1403   60.8141  7.4
 49.357 0140 Alaska-slab2-v3                                                                  218.0664   60.8965  8.1
 49.357 0141 Alaska-slab2-v3                                                                  217.9921   60.9788  8.8
 49.357 0142 Alaska-slab2-v3                                                                  217.9176   61.0610  9.6
 49.357 0143 Alaska-slab2-v3                                                                  217.8476   61.1440 10.6
 49.357 0144 Alaska-slab2-v3                                                                  217.7819   61.2275 11.9
 48.879 0145 Alaska-slab2-v3                                                                  217.7163   61.3106 13.5
 49.357 0152 Alaska-slab2-v3                                                                  217.9560   60.3487  0.9
 49.357 0153 Alaska-slab2-v3                                                                  217.9251   60.4360  2.7
 49.357 0154 Alaska-slab2-v3                                                                  217.8940   60.5236  4.3
 49.357 0155 Alaska-slab2-v3                                                                  217.8567   60.6105  5.7
 49.357 0156 Alaska-slab2-v3                                                                  217.7950   60.6939  6.7
 49.357 0157 Alaska-slab2-v3                                                                  217.7144   60.7747  7.4
 49.357 0158 Alaska-slab2-v3                                                                  217.6334   60.8554  8.1
 49.357 0159 Alaska-slab2-v3                                                                  217.5520   60.9361  8.8
 49.357 0160 Alaska-slab2-v3                                                                  217.4711   61.0168  9.6
 49.357 0161 Alaska-slab2-v3                                                                  217.3959   61.0984 10.9
 49.357 0162 Alaska-slab2-v3                                                                  217.3259   61.1805 12.5
 41.351 0163 Alaska-slab2-v3                                                                  217.2545   61.2616 14.6
 49.357 0170 Alaska-slab2-v3                                                                  217.5897   60.3064  1.0
 49.357 0171 Alaska-slab2-v3                                                                  217.5486   60.3925  2.8
 49.357 0172 Alaska-slab2-v3                                                                  217.5071   60.4789  4.5
 49.357 0173 Alaska-slab2-v3                                                                  217.4550   60.5637  5.9
 49.357 0174 Alaska-slab2-v3                                                                  217.3802   60.6447  7.0
 49.357 0175 Alaska-slab2-v3                                                                  217.2929   60.7237  7.8
 49.357 0176 Alaska-slab2-v3                                                                  217.2052   60.8027  8.5
 49.357 0177 Alaska-slab2-v3                                                                  217.1176   60.8817  9.3
 49.357 0178 Alaska-slab2-v3                                                                  217.0329   60.9613 10.2
 49.357 0179 Alaska-slab2-v3                                                                  216.9532   61.0417 11.6
 49.357 0180 Alaska-slab2-v3                                                                  216.8765   61.1221 13.4
 49.357 0188 Alaska-slab2-v3                                                                  217.2301   60.2536  1.0
 49.357 0189 Alaska-slab2-v3                                                                  217.1792   60.3381  3.0
 49.357 0190 Alaska-slab2-v3                                                                  217.1277   60.4229  4.9
 49.357 0191 Alaska-slab2-v3                                                                  217.0622   60.5053  6.5
 49.357 0192 Alaska-slab2-v3                                                                  216.9785   60.5843  7.7
 49.357 0193 Alaska-slab2-v3                                                                  216.8900   60.6628  8.8
 49.357 0194 Alaska-slab2-v3                                                                  216.7993   60.7407  9.6
 49.357 0195 Alaska-slab2-v3                                                                  216.7064   60.8182 10.4
 49.357 0196 Alaska-slab2-v3                                                                  216.6152   60.8960 11.4
 49.357 0197 Alaska-slab2-v3                                                                  216.5257   60.9741 12.6
 48.246 0198 Alaska-slab2-v3                                                                  216.4367   61.0516 14.3
 49.357 0207 Alaska-slab2-v3                                                                  216.8806   60.1876  1.2
 49.357 0208 Alaska-slab2-v3                                                                  216.8211   60.2702  3.5
 49.357 0209 Alaska-slab2-v3                                                                  216.7599   60.3528  5.6
 49.357 0210 Alaska-slab2-v3                                                                  216.6886   60.4338  7.4
 49.357 0211 Alaska-slab2-v3                                                                  216.6061   60.5129  9.0
 49.357 0212 Alaska-slab2-v3                                                                  216.5155   60.5902 10.2
 49.357 0213 Alaska-slab2-v3                                                                  216.4176   60.6658 11.1
 49.357 0214 Alaska-slab2-v3                                                                  216.3169   60.7408 12.0
 49.357 0215 Alaska-slab2-v3                                                                  216.2154   60.8156 12.9
 48.012 0216 Alaska-slab2-v3                                                                  216.1141   60.8903 13.9
 40.103 0228 Alaska-slab2-v3                                                                  216.5462   60.1055  1.4
 40.103 0229 Alaska-slab2-v3                                                                  216.4789   60.1854  4.1
 40.103 0230 Alaska-slab2-v3                                                                  216.4121   60.2658  6.7
 40.103 0231 Alaska-slab2-v3                                                                  216.3398   60.3457  8.9
 40.103 0232 Alaska-slab2-v3                                                                  216.2532   60.4228 10.7
 40.103 0233 Alaska-slab2-v3                                                                  216.1527   60.4968 11.9
 40.103 0234 Alaska-slab2-v3                                                                  216.0465   60.5698 12.8
 39.759 0235 Alaska-slab2-v3                                                                  215.9396   60.6428 13.6
 37.551 0236 Alaska-slab2-v3                                                                  215.8326   60.7157 14.3
 30.848 0252 Alaska-slab2-v3                                                                  216.2342   60.0034  1.6
 30.848 0253 Alaska-slab2-v3                                                                  216.1579   60.0796  4.9
 30.848 0254 Alaska-slab2-v3                                                                  216.0843   60.1571  7.9
 30.848 0255 Alaska-slab2-v3                                                                  216.0024   60.2336 10.4
 30.848 0256 Alaska-slab2-v3                                                                  215.9029   60.3067 12.2
 30.848 0257 Alaska-slab2-v3                                                                  215.7964   60.3790 13.4
 29.510 0258 Alaska-slab2-v3                                                                  215.6890   60.4516 14.1
 28.389 0259 Alaska-slab2-v3                                                                  215.5810   60.5242 14.6
 21.594 0279 Alaska-slab2-v3                                                                  215.9496   59.8812  1.8
 21.594 0280 Alaska-slab2-v3                                                                  215.8586   59.9519  5.4
 21.594 0281 Alaska-slab2-v3                                                                  215.7667   60.0238  8.5
 21.594 0282 Alaska-slab2-v3                                                                  215.6685   60.0957 10.9
 21.594 0283 Alaska-slab2-v3                                                                  215.5633   60.1673 12.6
 21.594 0284 Alaska-slab2-v3                                                                  215.4567   60.2395 13.7
 20.767 0285 Alaska-slab2-v3                                                                  215.3492   60.3119 14.4
 20.019 0286 Alaska-slab2-v3                                                                  215.2419   60.3845 14.9
 12.339 0309 Alaska-slab2-v3                                                                  215.6867   59.7457  1.9
 12.339 0310 Alaska-slab2-v3                                                                  215.5774   59.8092  5.5
 12.339 0311 Alaska-slab2-v3                                                                  215.4642   59.8739  8.3
 12.339 0312 Alaska-slab2-v3                                                                  215.3509   59.9410 10.4
 12.339 0313 Alaska-slab2-v3                                                                  215.2419   60.0111 11.9
 12.339 0314 Alaska-slab2-v3                                                                  215.1347   60.0828 13.1
 12.055 0315 Alaska-slab2-v3                                                                  215.0267   60.1546 14.0
 11.378 0316 Alaska-slab2-v3                                                                  214.9191   60.2267 14.7
 12.339 0343 Alaska-slab2-v3                                                                  215.2307   59.7091  7.2
 12.339 0344 Alaska-slab2-v3                                                                  215.1063   59.7707  9.3
 12.339 0345 Alaska-slab2-v3                                                                  214.9901   59.8370 11.1
 12.339 0346 Alaska-slab2-v3                                                                  214.8804   59.9071 12.5
 12.339 0347 Alaska-slab2-v3                                                                  214.7697   59.9775 13.5
 11.966 0348 Alaska-slab2-v3                                                                  214.6583   60.0480 14.3
 11.441 0349 Alaska-slab2-v3                                                                  214.5502   60.1198 14.9
 12.339 0385 Alaska-slab2-v3                                                                  214.9690   59.5755  7.2
 12.339 0386 Alaska-slab2-v3                                                                  214.8431   59.6356  9.5
 12.339 0387 Alaska-slab2-v3                                                                  214.7243   59.7004 11.4
 12.339 0388 Alaska-slab2-v3                                                                  214.6103   59.7687 12.7
 12.339 0389 Alaska-slab2-v3                                                                  214.4953   59.8373 13.6
 11.937 0390 Alaska-slab2-v3                                                                  214.3795   59.9059 14.2
 11.588 0391 Alaska-slab2-v3                                                                  214.2631   59.9745 14.6
 11.347 0392 Alaska-slab2-v3                                                                  214.1482   60.0437 14.9
 12.339 0427 Alaska-slab2-v3                                                                  214.7141   59.4391  7.3
 12.339 0428 Alaska-slab2-v3                                                                  214.5858   59.4974  9.6
 12.339 0429 Alaska-slab2-v3                                                                  214.4641   59.5605 11.5
 12.339 0430 Alaska-slab2-v3                                                                  214.3463   59.6269 12.9
 12.339 0431 Alaska-slab2-v3                                                                  214.2275   59.6935 13.8
 11.830 0432 Alaska-slab2-v3                                                                  214.1078   59.7602 14.4
 11.544 0433 Alaska-slab2-v3                                                                  213.9875   59.8269 14.7
 11.409 0434 Alaska-slab2-v3                                                                  213.8667   59.8935 14.8
 11.311 0435 Alaska-slab2-v3                                                                  213.7462   59.9604 14.9
 12.339 0468 Alaska-slab2-v3                                                                  214.4693   59.2986  7.2
 12.339 0469 Alaska-slab2-v3                                                                  214.3377   59.3548  9.5
 12.339 0470 Alaska-slab2-v3                                                                  214.2120   59.4156 11.4
 12.339 0471 Alaska-slab2-v3                                                                  214.0899   59.4797 12.8
 12.339 0472 Alaska-slab2-v3                                                                  213.9667   59.5441 13.7
 12.070 0473 Alaska-slab2-v3                                                                  213.8427   59.6084 14.3
 11.788 0474 Alaska-slab2-v3                                                                  213.7181   59.6728 14.6
 11.656 0475 Alaska-slab2-v3                                                                  213.5930   59.7370 14.8
 11.585 0476 Alaska-slab2-v3                                                                  213.4673   59.8012 14.9
 11.506 0477 Alaska-slab2-v3                                                                  213.3418   59.8654 14.9
 12.339 0509 Alaska-slab2-v3                                                                  214.2376   59.1532  7.1
 12.339 0510 Alaska-slab2-v3                                                                  214.1024   59.2073  9.3
 12.339 0511 Alaska-slab2-v3                                                                  213.9719   59.2655 11.1
 12.339 0512 Alaska-slab2-v3                                                                  213.8453   59.3270 12.4
 12.339 0513 Alaska-slab2-v3                                                                  213.7176   59.3887 13.3
 12.308 0514 Alaska-slab2-v3                                                                  213.5892   59.4504 14.0
 11.963 0515 Alaska-slab2-v3                                                                  213.4601   59.5121 14.4
 11.759 0516 Alaska-slab2-v3                                                                  213.3304   59.5737 14.6
 11.635 0517 Alaska-slab2-v3                                                                  213.2003   59.6352 14.7
 11.493 0518 Alaska-slab2-v3                                                                  213.0697   59.6965 14.9
 12.339 0550 Alaska-slab2-v3                                                                  214.0194   59.0030  7.0
 12.339 0551 Alaska-slab2-v3                                                                  213.8813   59.0556  8.9
 12.339 0552 Alaska-slab2-v3                                                                  213.7467   59.1112 10.6
 12.339 0553 Alaska-slab2-v3                                                                  213.6158   59.1701 11.9
 12.339 0554 Alaska-slab2-v3                                                                  213.4846   59.2294 12.9
 12.339 0555 Alaska-slab2-v3                                                                  213.3527   59.2888 13.6
 12.043 0556 Alaska-slab2-v3                                                                  213.2201   59.3481 14.1
 11.728 0557 Alaska-slab2-v3                                                                  213.0869   59.4073 14.4
 11.486 0558 Alaska-slab2-v3                                                                  212.9532   59.4664 14.7
 11.261 0559 Alaska-slab2-v3                                                                  212.8188   59.5252 14.9
 12.339 0590 Alaska-slab2-v3                                                                  213.8124   58.8490  6.9
 12.339 0591 Alaska-slab2-v3                                                                  213.6725   58.9003  8.7
 12.339 0592 Alaska-slab2-v3                                                                  213.5347   58.9537 10.2
 12.339 0593 Alaska-slab2-v3                                                                  213.4001   59.0099 11.5
 12.339 0594 Alaska-slab2-v3                                                                  213.2660   59.0671 12.5
 12.339 0595 Alaska-slab2-v3                                                                  213.1312   59.1243 13.3
 12.178 0596 Alaska-slab2-v3                                                                  212.9957   59.1814 13.9
 11.765 0597 Alaska-slab2-v3                                                                  212.8597   59.2385 14.4
 11.423 0598 Alaska-slab2-v3                                                                  212.7232   59.2954 14.8
 12.339 0628 Alaska-slab2-v3                                                                  213.6139   58.6921  6.9
 12.339 0629 Alaska-slab2-v3                                                                  213.4727   58.7421  8.6
 12.339 0630 Alaska-slab2-v3                                                                  213.3324   58.7934 10.1
 12.339 0631 Alaska-slab2-v3                                                                  213.1942   58.8468 11.4
 12.339 0632 Alaska-slab2-v3                                                                  213.0564   58.9011 12.4
 12.339 0633 Alaska-slab2-v3                                                                  212.9178   58.9554 13.3
 12.096 0634 Alaska-slab2-v3                                                                  212.7787   59.0096 13.9
 11.626 0635 Alaska-slab2-v3                                                                  212.6390   59.0637 14.5
 11.247 0636 Alaska-slab2-v3                                                                  212.4985   59.1175 14.9
 12.339 0664 Alaska-slab2-v3                                                                  213.4216   58.5336  6.9
 12.339 0665 Alaska-slab2-v3                                                                  213.2794   58.5822  8.7
 12.339 0666 Alaska-slab2-v3                                                                  213.1372   58.6314 10.3
 12.339 0667 Alaska-slab2-v3                                                                  212.9951   58.6814 11.6
 12.339 0668 Alaska-slab2-v3                                                                  212.8525   58.7318 12.6
 12.335 0669 Alaska-slab2-v3                                                                  212.7092   58.7822 13.5
 11.757 0670 Alaska-slab2-v3                                                                  212.5653   58.8324 14.1
 11.308 0671 Alaska-slab2-v3                                                                  212.4209   58.8826 14.6
 10.960 0672 Alaska-slab2-v3                                                                  212.2756   58.9323 15.0
 12.339 0699 Alaska-slab2-v3                                                                  213.2312   58.3782  7.1
 12.339 0700 Alaska-slab2-v3                                                                  213.0897   58.4261  9.1
 12.339 0701 Alaska-slab2-v3                                                                  212.9473   58.4744 10.8
 12.339 0702 Alaska-slab2-v3                                                                  212.8039   58.5229 12.1
 12.339 0703 Alaska-slab2-v3                                                                  212.6595   58.5714 13.1
 12.339 0704 Alaska-slab2-v3                                                                  212.5144   58.6199 13.9
 11.982 0705 Alaska-slab2-v3                                                                  212.3686   58.6683 14.4
 11.664 0706 Alaska-slab2-v3                                                                  212.2224   58.7166 14.7
 12.339 0734 Alaska-slab2-v3                                                                  213.0391   58.2265  7.2
 12.339 0735 Alaska-slab2-v3                                                                  212.8990   58.2742  9.5
 12.339 0736 Alaska-slab2-v3                                                                  212.7582   58.3227 11.3
 12.339 0737 Alaska-slab2-v3                                                                  212.6163   58.3719 12.7
 12.339 0738 Alaska-slab2-v3                                                                  212.4734   58.4212 13.7
 11.817 0739 Alaska-slab2-v3                                                                  212.3297   58.4705 14.3
 11.484 0740 Alaska-slab2-v3                                                                  212.1853   58.5196 14.7
 11.295 0741 Alaska-slab2-v3                                                                  212.0405   58.5687 14.9
 12.339 0769 Alaska-slab2-v3                                                                  212.8435   58.0761  7.3
 12.339 0770 Alaska-slab2-v3                                                                  212.7037   58.1232  9.6
 12.339 0771 Alaska-slab2-v3                                                                  212.5640   58.1721 11.5
 12.339 0772 Alaska-slab2-v3                                                                  212.4241   58.2223 12.9
 12.065 0773 Alaska-slab2-v3                                                                  212.2830   58.2726 13.8
 11.525 0774 Alaska-slab2-v3                                                                  212.1411   58.3229 14.4
 11.223 0775 Alaska-slab2-v3                                                                  211.9987   58.3731 14.7
 11.068 0776 Alaska-slab2-v3                                                                  211.8558   58.4231 14.9
 10.976 0777 Alaska-slab2-v3                                                                  211.7126   58.4732 15.0
 12.339 0803 Alaska-slab2-v3                                                                  212.6419   57.9286  7.2
 12.339 0804 Alaska-slab2-v3                                                                  212.5018   57.9757  9.3
 12.339 0805 Alaska-slab2-v3                                                                  212.3630   58.0250 11.1
 12.339 0806 Alaska-slab2-v3                                                                  212.2250   58.0764 12.5
 12.339 0807 Alaska-slab2-v3                                                                  212.0860   58.1278 13.4
 12.120 0808 Alaska-slab2-v3                                                                  211.9461   58.1791 14.1
 11.754 0809 Alaska-slab2-v3                                                                  211.8057   58.2304 14.5
 11.539 0810 Alaska-slab2-v3                                                                  211.6649   58.2816 14.7
 11.370 0811 Alaska-slab2-v3                                                                  211.5236   58.3327 14.9
 12.339 0837 Alaska-slab2-v3                                                                  212.4328   57.7855  7.0
 12.339 0838 Alaska-slab2-v3                                                                  212.2938   57.8339  8.9
 12.339 0839 Alaska-slab2-v3                                                                  212.1557   57.8839 10.5
 12.339 0840 Alaska-slab2-v3                                                                  212.0188   57.9358 11.8
 12.339 0841 Alaska-slab2-v3                                                                  211.8814   57.9880 12.8
 12.339 0842 Alaska-slab2-v3                                                                  211.7432   58.0402 13.5
 11.990 0843 Alaska-slab2-v3                                                                  211.6045   58.0922 14.0
 11.645 0844 Alaska-slab2-v3                                                                  211.4652   58.1442 14.4
 11.345 0845 Alaska-slab2-v3                                                                  211.3256   58.1960 14.7
 12.339 0871 Alaska-slab2-v3                                                                  212.2148   57.6471  6.8
 12.339 0872 Alaska-slab2-v3                                                                  212.0783   57.6978  8.4
 12.339 0873 Alaska-slab2-v3                                                                  211.9416   57.7490  9.9
 12.339 0874 Alaska-slab2-v3                                                                  211.8053   57.8010 11.1
 12.339 0875 Alaska-slab2-v3                                                                  211.6687   57.8535 12.1
 12.339 0876 Alaska-slab2-v3                                                                  211.5314   57.9059 12.8
 12.339 0877 Alaska-slab2-v3                                                                  211.3937   57.9582 13.5
 12.210 0878 Alaska-slab2-v3                                                                  211.2554   58.0104 14.0
 11.800 0879 Alaska-slab2-v3                                                                  211.1167   58.0625 14.4
 11.381 0880 Alaska-slab2-v3                                                                  210.9789   58.1152 14.9
