  9.719 2160 Alaska-slab2-v3                                                                  195.9164   52.7538  8.8
  3.904 2161 Alaska-slab2-v3                                                                  195.8277   52.8066 13.0
  1.606 2162 Alaska-slab2-v3                                                                  195.7503   52.8815 14.6
  1.149 2163 Alaska-slab2-v3                                                                  195.6716   52.9580 15.0
  9.945 2175 Alaska-slab2-v3                                                                  195.6419   52.6846  8.7
  4.386 2176 Alaska-slab2-v3                                                                  195.5535   52.7408 12.7
  2.028 2177 Alaska-slab2-v3                                                                  195.4769   52.8160 14.4
  1.297 2178 Alaska-slab2-v3                                                                  195.3993   52.8928 14.9
 10.269 2190 Alaska-slab2-v3                                                                  195.3701   52.6129  8.4
  5.073 2191 Alaska-slab2-v3                                                                  195.2821   52.6730 12.2
  2.578 2192 Alaska-slab2-v3                                                                  195.2065   52.7485 14.0
  1.489 2193 Alaska-slab2-v3                                                                  195.1300   52.8254 14.8
 10.520 2205 Alaska-slab2-v3                                                                  195.1009   52.5389  8.2
  5.692 2206 Alaska-slab2-v3                                                                  195.0141   52.6025 11.6
  3.048 2207 Alaska-slab2-v3                                                                  194.9402   52.6785 13.5
  1.642 2208 Alaska-slab2-v3                                                                  194.8651   52.7557 14.6
 10.611 2220 Alaska-slab2-v3                                                                  194.8340   52.4634  7.9
  6.065 2221 Alaska-slab2-v3                                                                  194.7491   52.5299 11.1
  3.324 2222 Alaska-slab2-v3                                                                  194.6767   52.6063 13.1
  1.690 2223 Alaska-slab2-v3                                                                  194.6038   52.6841 14.2
 10.559 2235 Alaska-slab2-v3                                                                  194.5680   52.3876  7.8
  6.204 2236 Alaska-slab2-v3                                                                  194.4852   52.4562 10.8
  3.423 2237 Alaska-slab2-v3                                                                  194.4138   52.5328 12.7
  1.689 2238 Alaska-slab2-v3                                                                  194.3434   52.6114 13.9
 10.477 2250 Alaska-slab2-v3                                                                  194.3010   52.3122  7.7
  6.227 2251 Alaska-slab2-v3                                                                  194.2199   52.3821 10.5
  3.418 2252 Alaska-slab2-v3                                                                  194.1497   52.4592 12.4
  1.635 2253 Alaska-slab2-v3                                                                  194.0814   52.5384 13.6
 10.945 2265 Alaska-slab2-v3                                                                  194.0320   52.2386  7.6
  7.580 2266 Alaska-slab2-v3                                                                  193.9525   52.3094 10.4
  5.003 2267 Alaska-slab2-v3                                                                  193.8835   52.3869 12.3
  3.386 2268 Alaska-slab2-v3                                                                  193.8169   52.4665 13.5
  1.946 2269 Alaska-slab2-v3                                                                  193.7501   52.5464 14.6
 10.945 2279 Alaska-slab2-v3                                                                  193.7606   52.1681  7.6
  7.485 2280 Alaska-slab2-v3                                                                  193.6826   52.2395 10.4
  4.907 2281 Alaska-slab2-v3                                                                  193.6149   52.3174 12.3
  3.308 2282 Alaska-slab2-v3                                                                  193.5495   52.3974 13.5
  1.902 2283 Alaska-slab2-v3                                                                  193.4838   52.4776 14.5
 10.945 2293 Alaska-slab2-v3                                                                  193.4869   52.1014  7.7
  7.448 2294 Alaska-slab2-v3                                                                  193.4102   52.1732 10.5
  4.864 2295 Alaska-slab2-v3                                                                  193.3439   52.2515 12.4
  3.284 2296 Alaska-slab2-v3                                                                  193.2795   52.3318 13.5
  1.910 2297 Alaska-slab2-v3                                                                  193.2149   52.4124 14.5
 10.376 2307 Alaska-slab2-v3                                                                  193.2114   52.0382  7.7
  6.064 2308 Alaska-slab2-v3                                                                  193.1360   52.1104 10.6
  3.249 2309 Alaska-slab2-v3                                                                  193.0709   52.1890 12.4
  1.542 2310 Alaska-slab2-v3                                                                  193.0074   52.2696 13.6
 10.406 2321 Alaska-slab2-v3                                                                  192.9351   51.9779  7.7
  6.145 2322 Alaska-slab2-v3                                                                  192.8611   52.0507 10.5
  3.334 2323 Alaska-slab2-v3                                                                  192.7969   52.1296 12.4
  1.600 2324 Alaska-slab2-v3                                                                  192.7344   52.2105 13.6
 10.416 2335 Alaska-slab2-v3                                                                  192.6588   51.9199  7.6
  6.280 2336 Alaska-slab2-v3                                                                  192.5868   51.9938 10.3
  3.487 2337 Alaska-slab2-v3                                                                  192.5234   52.0730 12.2
  1.676 2338 Alaska-slab2-v3                                                                  192.4622   52.1542 13.4
 10.945 2349 Alaska-slab2-v3                                                                  192.3835   51.8632  7.4
  7.945 2350 Alaska-slab2-v3                                                                  192.3141   51.9389 10.0
  5.427 2351 Alaska-slab2-v3                                                                  192.2517   52.0185 11.8
  3.707 2352 Alaska-slab2-v3                                                                  192.1922   52.1001 13.0
  2.112 2353 Alaska-slab2-v3                                                                  192.1325   52.1817 14.1
 10.945 2363 Alaska-slab2-v3                                                                  192.1090   51.8066  7.2
  8.132 2364 Alaska-slab2-v3                                                                  192.0433   51.8843  9.5
  5.639 2365 Alaska-slab2-v3                                                                  191.9823   51.9645 11.2
  3.784 2366 Alaska-slab2-v3                                                                  191.9245   52.0465 12.5
  2.087 2367 Alaska-slab2-v3                                                                  191.8665   52.1286 13.7
 10.945 2377 Alaska-slab2-v3                                                                  191.8351   51.7486  7.1
  8.344 2378 Alaska-slab2-v3                                                                  191.7736   51.8283  9.0
  5.893 2379 Alaska-slab2-v3                                                                  191.7145   51.9093 10.6
  3.909 2380 Alaska-slab2-v3                                                                  191.6577   51.9915 12.0
  2.090 2381 Alaska-slab2-v3                                                                  191.6008   52.0738 13.2
 10.945 2391 Alaska-slab2-v3                                                                  191.5618   51.6883  6.9
  9.976 2392 Alaska-slab2-v3                                                                  191.5042   51.7695  8.6
  7.845 2393 Alaska-slab2-v3                                                                  191.4470   51.8512 10.1
  5.991 2394 Alaska-slab2-v3                                                                  191.3907   51.9335 11.5
  4.220 2395 Alaska-slab2-v3                                                                  191.3344   52.0158 12.8
  2.311 2396 Alaska-slab2-v3                                                                  191.2780   52.0980 14.1
 10.945 2404 Alaska-slab2-v3                                                                  191.2896   51.6250  6.8
 10.162 2405 Alaska-slab2-v3                                                                  191.2343   51.7071  8.3
  8.119 2406 Alaska-slab2-v3                                                                  191.1788   51.7894  9.8
  6.216 2407 Alaska-slab2-v3                                                                  191.1231   51.8718 11.1
  4.355 2408 Alaska-slab2-v3                                                                  191.0673   51.9542 12.4
  2.340 2409 Alaska-slab2-v3                                                                  191.0114   52.0365 13.9
 10.945 2417 Alaska-slab2-v3                                                                  191.0187   51.5590  6.7
 10.269 2418 Alaska-slab2-v3                                                                  190.9645   51.6415  8.2
  8.306 2419 Alaska-slab2-v3                                                                  190.9099   51.7241  9.6
  6.429 2420 Alaska-slab2-v3                                                                  190.8552   51.8068 10.9
  4.537 2421 Alaska-slab2-v3                                                                  190.8003   51.8894 12.2
  2.461 2422 Alaska-slab2-v3                                                                  190.7453   51.9718 13.7
  8.893 2430 Alaska-slab2-v3                                                                  190.7489   51.4914  6.7
  8.365 2431 Alaska-slab2-v3                                                                  190.6952   51.5741  8.1
  6.810 2432 Alaska-slab2-v3                                                                  190.6413   51.6569  9.5
  5.314 2433 Alaska-slab2-v3                                                                  190.5875   51.7398 10.8
  3.794 2434 Alaska-slab2-v3                                                                  190.5337   51.8227 12.1
  2.088 2435 Alaska-slab2-v3                                                                  190.4798   51.9054 13.5
  6.840 2443 Alaska-slab2-v3                                                                  190.4797   51.4236  6.7
  6.431 2444 Alaska-slab2-v3                                                                  190.4265   51.5064  8.1
  5.219 2445 Alaska-slab2-v3                                                                  190.3732   51.5893  9.5
  4.079 2446 Alaska-slab2-v3                                                                  190.3203   51.6724 10.8
  2.930 2447 Alaska-slab2-v3                                                                  190.2676   51.7556 12.1
  1.621 2448 Alaska-slab2-v3                                                                  190.2149   51.8385 13.5
  4.788 2456 Alaska-slab2-v3                                                                  190.2103   51.3567  6.8
  4.489 2457 Alaska-slab2-v3                                                                  190.1579   51.4396  8.2
  3.626 2458 Alaska-slab2-v3                                                                  190.1055   51.5226  9.6
  2.824 2459 Alaska-slab2-v3                                                                  190.0536   51.6059 10.9
  2.023 2460 Alaska-slab2-v3                                                                  190.0020   51.6893 12.2
  1.122 2461 Alaska-slab2-v3                                                                  189.9504   51.7725 13.7
  2.736 2469 Alaska-slab2-v3                                                                  189.9402   51.2920  6.8
  2.562 2470 Alaska-slab2-v3                                                                  189.8891   51.3750  8.4
  2.052 2471 Alaska-slab2-v3                                                                  189.8380   51.4582  9.9
  1.590 2472 Alaska-slab2-v3                                                                  189.7873   51.5417 11.3
  1.134 2473 Alaska-slab2-v3                                                                  189.7369   51.6254 12.6
  0.624 2474 Alaska-slab2-v3                                                                  189.6864   51.7088 14.1
  2.736 2482 Alaska-slab2-v3                                                                  189.6688   51.2307  6.9
  2.186 2483 Alaska-slab2-v3                                                                  189.6196   51.3137  8.8
  1.585 2484 Alaska-slab2-v3                                                                  189.5703   51.3972 10.4
  1.067 2485 Alaska-slab2-v3                                                                  189.5211   51.4810 11.7
  0.567 2486 Alaska-slab2-v3                                                                  189.4718   51.5649 13.1
  2.736 2495 Alaska-slab2-v3                                                                  189.3958   51.1735  7.1
  2.158 2496 Alaska-slab2-v3                                                                  189.3493   51.2566  9.2
  1.544 2497 Alaska-slab2-v3                                                                  189.3020   51.3403 10.9
  1.049 2498 Alaska-slab2-v3                                                                  189.2542   51.4244 12.3
  0.571 2499 Alaska-slab2-v3                                                                  189.2063   51.5085 13.6
  2.648 2508 Alaska-slab2-v3                                                                  189.1215   51.1204  7.4
  1.704 2509 Alaska-slab2-v3                                                                  189.0781   51.2032  9.9
  1.009 2510 Alaska-slab2-v3                                                                  189.0329   51.2871 11.7
  0.501 2511 Alaska-slab2-v3                                                                  188.9866   51.3716 13.0
  2.658 2521 Alaska-slab2-v3                                                                  188.8463   51.0704  7.7
  1.597 2522 Alaska-slab2-v3                                                                  188.8060   51.1527 10.6
  0.915 2523 Alaska-slab2-v3                                                                  188.7626   51.2368 12.5
  0.474 2524 Alaska-slab2-v3                                                                  188.7182   51.3218 13.7
  2.641 2534 Alaska-slab2-v3                                                                  188.5701   51.0230  8.1
  1.477 2535 Alaska-slab2-v3                                                                  188.5329   51.1043 11.4
  0.824 2536 Alaska-slab2-v3                                                                  188.4913   51.1887 13.2
  0.453 2537 Alaska-slab2-v3                                                                  188.4488   51.2742 14.3
  2.372 2546 Alaska-slab2-v3                                                                  188.2929   50.9776  8.3
  1.015 2547 Alaska-slab2-v3                                                                  188.2584   51.0580 12.0
  0.342 2548 Alaska-slab2-v3                                                                  188.2186   51.1427 13.8
  2.364 2558 Alaska-slab2-v3                                                                  188.0151   50.9341  8.5
  0.975 2559 Alaska-slab2-v3                                                                  187.9829   51.0142 12.3
  0.330 2560 Alaska-slab2-v3                                                                  187.9448   51.0992 14.0
  2.391 2570 Alaska-slab2-v3                                                                  187.7371   50.8920  8.4
  1.026 2571 Alaska-slab2-v3                                                                  187.7070   50.9726 12.2
  0.376 2572 Alaska-slab2-v3                                                                  187.6702   51.0578 14.0
  2.445 2582 Alaska-slab2-v3                                                                  187.4593   50.8505  8.3
  1.144 2583 Alaska-slab2-v3                                                                  187.4311   50.9322 11.8
  0.455 2584 Alaska-slab2-v3                                                                  187.3957   51.0176 13.7
  2.499 2594 Alaska-slab2-v3                                                                  187.1815   50.8091  8.0
  1.279 2595 Alaska-slab2-v3                                                                  187.1553   50.8921 11.3
  0.534 2596 Alaska-slab2-v3                                                                  187.1217   50.9776 13.3
  2.534 2606 Alaska-slab2-v3                                                                  186.9034   50.7677  7.8
  1.388 2607 Alaska-slab2-v3                                                                  186.8792   50.8520 10.8
  0.594 2608 Alaska-slab2-v3                                                                  186.8480   50.9377 12.9
  2.736 2618 Alaska-slab2-v3                                                                  186.6250   50.7270  7.6
  1.859 2619 Alaska-slab2-v3                                                                  186.6029   50.8123 10.3
  1.124 2620 Alaska-slab2-v3                                                                  186.5747   50.8985 12.4
  0.557 2621 Alaska-slab2-v3                                                                  186.5444   50.9853 14.0
  2.736 2631 Alaska-slab2-v3                                                                  186.3462   50.6875  7.4
  1.840 2632 Alaska-slab2-v3                                                                  186.3261   50.7736  9.9
  1.112 2633 Alaska-slab2-v3                                                                  186.3013   50.8604 11.9
  0.538 2634 Alaska-slab2-v3                                                                  186.2741   50.9477 13.5
  2.736 2644 Alaska-slab2-v3                                                                  186.0671   50.6497  7.3
  2.117 2645 Alaska-slab2-v3                                                                  186.0487   50.7365  9.6
  1.474 2646 Alaska-slab2-v3                                                                  186.0271   50.8239 11.5
  0.984 2647 Alaska-slab2-v3                                                                  186.0035   50.9118 12.9
  0.528 2648 Alaska-slab2-v3                                                                  185.9799   50.9999 14.2
  2.736 2657 Alaska-slab2-v3                                                                  185.7873   50.6143  7.2
  1.992 2658 Alaska-slab2-v3                                                                  185.7703   50.7014  9.5
  1.357 2659 Alaska-slab2-v3                                                                  185.7512   50.7892 11.2
  0.895 2660 Alaska-slab2-v3                                                                  185.7307   50.8777 12.5
  0.488 2661 Alaska-slab2-v3                                                                  185.7100   50.9662 13.6
  2.736 2671 Alaska-slab2-v3                                                                  185.5072   50.5812  7.2
  2.239 2672 Alaska-slab2-v3                                                                  185.4912   50.6685  9.4
  1.663 2673 Alaska-slab2-v3                                                                  185.4736   50.7566 11.1
  1.265 2674 Alaska-slab2-v3                                                                  185.4549   50.8453 12.3
  0.936 2675 Alaska-slab2-v3                                                                  185.4362   50.9342 13.2
  0.545 2676 Alaska-slab2-v3                                                                  185.4172   51.0229 14.4
  2.736 2685 Alaska-slab2-v3                                                                  185.2267   50.5503  7.2
  2.173 2686 Alaska-slab2-v3                                                                  185.2117   50.6377  9.4
  1.585 2687 Alaska-slab2-v3                                                                  185.1952   50.7258 11.1
  1.179 2688 Alaska-slab2-v3                                                                  185.1776   50.8146 12.3
  0.854 2689 Alaska-slab2-v3                                                                  185.1598   50.9036 13.2
  0.493 2690 Alaska-slab2-v3                                                                  185.1420   50.9925 14.2
  2.736 2700 Alaska-slab2-v3                                                                  184.9459   50.5211  7.2
  2.179 2701 Alaska-slab2-v3                                                                  184.9321   50.6085  9.4
  1.575 2702 Alaska-slab2-v3                                                                  184.9167   50.6967 11.2
  1.138 2703 Alaska-slab2-v3                                                                  184.9002   50.7854 12.4
  0.793 2704 Alaska-slab2-v3                                                                  184.8836   50.8745 13.4
  0.444 2705 Alaska-slab2-v3                                                                  184.8668   50.9635 14.4
  2.736 2715 Alaska-slab2-v3                                                                  184.6650   50.4933  7.2
  2.210 2716 Alaska-slab2-v3                                                                  184.6522   50.5808  9.4
  1.593 2717 Alaska-slab2-v3                                                                  184.6381   50.6690 11.2
  1.133 2718 Alaska-slab2-v3                                                                  184.6230   50.7578 12.5
  0.762 2719 Alaska-slab2-v3                                                                  184.6078   50.8468 13.6
  0.409 2720 Alaska-slab2-v3                                                                  184.5923   50.9359 14.6
  2.736 2730 Alaska-slab2-v3                                                                  184.3837   50.4670  7.2
  2.239 2731 Alaska-slab2-v3                                                                  184.3720   50.5546  9.4
  1.622 2732 Alaska-slab2-v3                                                                  184.3591   50.6428 11.2
  1.147 2733 Alaska-slab2-v3                                                                  184.3452   50.7316 12.6
  0.765 2734 Alaska-slab2-v3                                                                  184.3312   50.8207 13.7
  0.403 2735 Alaska-slab2-v3                                                                  184.3167   50.9099 14.7
  2.736 2745 Alaska-slab2-v3                                                                  184.1023   50.4426  7.2
  2.252 2746 Alaska-slab2-v3                                                                  184.0914   50.5302  9.3
  1.641 2747 Alaska-slab2-v3                                                                  184.0794   50.6186 11.1
  1.172 2748 Alaska-slab2-v3                                                                  184.0666   50.7074 12.5
  0.790 2749 Alaska-slab2-v3                                                                  184.0536   50.7966 13.6
  0.421 2750 Alaska-slab2-v3                                                                  184.0402   50.8858 14.6
  2.736 2760 Alaska-slab2-v3                                                                  183.8205   50.4203  7.2
  2.249 2761 Alaska-slab2-v3                                                                  183.8105   50.5081  9.3
  1.652 2762 Alaska-slab2-v3                                                                  183.7994   50.5965 11.0
  1.197 2763 Alaska-slab2-v3                                                                  183.7875   50.6855 12.3
  0.826 2764 Alaska-slab2-v3                                                                  183.7755   50.7748 13.4
  0.448 2765 Alaska-slab2-v3                                                                  183.7633   50.8640 14.5
  2.736 2775 Alaska-slab2-v3                                                                  183.5384   50.4006  7.1
  2.245 2776 Alaska-slab2-v3                                                                  183.5292   50.4885  9.2
  1.657 2777 Alaska-slab2-v3                                                                  183.5191   50.5771 10.9
  1.220 2778 Alaska-slab2-v3                                                                  183.5081   50.6662 12.2
  0.857 2779 Alaska-slab2-v3                                                                  183.4970   50.7555 13.2
  0.476 2780 Alaska-slab2-v3                                                                  183.4859   50.8448 14.3
  2.736 2790 Alaska-slab2-v3                                                                  183.2559   50.3839  7.1
  2.259 2791 Alaska-slab2-v3                                                                  183.2476   50.4719  9.2
  1.680 2792 Alaska-slab2-v3                                                                  183.2383   50.5605 10.8
  1.245 2793 Alaska-slab2-v3                                                                  183.2282   50.6497 12.1
  0.884 2794 Alaska-slab2-v3                                                                  183.2180   50.7391 13.1
  0.495 2795 Alaska-slab2-v3                                                                  183.2078   50.8284 14.2
  2.736 2805 Alaska-slab2-v3                                                                  182.9730   50.3703  7.1
  2.296 2806 Alaska-slab2-v3                                                                  182.9656   50.4585  9.1
  1.721 2807 Alaska-slab2-v3                                                                  182.9573   50.5472 10.7
  1.280 2808 Alaska-slab2-v3                                                                  182.9481   50.6364 12.0
  0.901 2809 Alaska-slab2-v3                                                                  182.9388   50.7258 13.0
  0.501 2810 Alaska-slab2-v3                                                                  182.9294   50.8151 14.2
  2.736 2820 Alaska-slab2-v3                                                                  182.6899   50.3603  7.0
  2.355 2821 Alaska-slab2-v3                                                                  182.6836   50.4486  8.9
  1.788 2822 Alaska-slab2-v3                                                                  182.6763   50.5374 10.5
  1.330 2823 Alaska-slab2-v3                                                                  182.6679   50.6266 11.8
  0.924 2824 Alaska-slab2-v3                                                                  182.6593   50.7159 13.0
  0.504 2825 Alaska-slab2-v3                                                                  182.6507   50.8052 14.2
  2.736 2834 Alaska-slab2-v3                                                                  182.4069   50.3538  6.9
  2.426 2835 Alaska-slab2-v3                                                                  182.4019   50.4425  8.7
  1.877 2836 Alaska-slab2-v3                                                                  182.3958   50.5313 10.3
  1.400 2837 Alaska-slab2-v3                                                                  182.3882   50.6205 11.6
  0.966 2838 Alaska-slab2-v3                                                                  182.3801   50.7097 12.9
  0.518 2839 Alaska-slab2-v3                                                                  182.3720   50.7989 14.1
  2.736 2848 Alaska-slab2-v3                                                                  182.1236   50.3512  6.8
  2.499 2849 Alaska-slab2-v3                                                                  182.1201   50.4400  8.5
  1.969 2850 Alaska-slab2-v3                                                                  182.1156   50.5291 10.0
  1.492 2851 Alaska-slab2-v3                                                                  182.1090   50.6182 11.3
  1.032 2852 Alaska-slab2-v3                                                                  182.1013   50.7074 12.6
  0.551 2853 Alaska-slab2-v3                                                                  182.0936   50.7965 14.0
  2.736 2862 Alaska-slab2-v3                                                                  181.8402   50.3523  6.8
  2.555 2863 Alaska-slab2-v3                                                                  181.8380   50.4414  8.3
  2.049 2864 Alaska-slab2-v3                                                                  181.8349   50.5305  9.7
  1.575 2865 Alaska-slab2-v3                                                                  181.8294   50.6197 11.1
  1.107 2866 Alaska-slab2-v3                                                                  181.8222   50.7089 12.4
  0.594 2867 Alaska-slab2-v3                                                                  181.8150   50.7979 13.9
  2.736 2876 Alaska-slab2-v3                                                                  181.5568   50.3573  6.8
  2.600 2877 Alaska-slab2-v3                                                                  181.5553   50.4465  8.2
  2.108 2878 Alaska-slab2-v3                                                                  181.5532   50.5356  9.6
  1.640 2879 Alaska-slab2-v3                                                                  181.5486   50.6249 11.0
  1.169 2880 Alaska-slab2-v3                                                                  181.5422   50.7140 12.3
  0.639 2881 Alaska-slab2-v3                                                                  181.5358   50.8030 13.9
  2.736 2890 Alaska-slab2-v3                                                                  181.2734   50.3663  6.8
  2.632 2891 Alaska-slab2-v3                                                                  181.2723   50.4553  8.3
  2.139 2892 Alaska-slab2-v3                                                                  181.2705   50.5445  9.7
  1.674 2893 Alaska-slab2-v3                                                                  181.2666   50.6337 11.1
  1.201 2894 Alaska-slab2-v3                                                                  181.2612   50.7229 12.5
  0.661 2895 Alaska-slab2-v3                                                                  181.2558   50.8118 14.1
  2.736 2903 Alaska-slab2-v3                                                                  180.9901   50.3788  6.8
  2.262 2904 Alaska-slab2-v3                                                                  180.9893   50.4677  8.5
  1.684 2905 Alaska-slab2-v3                                                                  180.9876   50.5567 10.0
  1.152 2906 Alaska-slab2-v3                                                                  180.9842   50.6459 11.4
  0.616 2907 Alaska-slab2-v3                                                                  180.9801   50.7350 12.9
  2.736 2916 Alaska-slab2-v3                                                                  180.7071   50.3941  7.0
  2.267 2917 Alaska-slab2-v3                                                                  180.7065   50.4827  8.8
  1.668 2918 Alaska-slab2-v3                                                                  180.7050   50.5716 10.4
  1.139 2919 Alaska-slab2-v3                                                                  180.7024   50.6607 11.9
  0.613 2920 Alaska-slab2-v3                                                                  180.6995   50.7498 13.3
