 12.069 2479 Alaska-slab2-v3                                                                  189.4593   52.1155 28.2
  6.461 2480 Alaska-slab2-v3                                                                  189.4161   52.1913 32.8
 11.811 2492 Alaska-slab2-v3                                                                  189.2020   52.0562 28.9
  6.301 2493 Alaska-slab2-v3                                                                  189.1599   52.1321 33.5
 11.403 2505 Alaska-slab2-v3                                                                  188.9444   52.0005 30.0
  6.022 2506 Alaska-slab2-v3                                                                  188.9029   52.0766 34.5
 10.859 2518 Alaska-slab2-v3                                                                  188.6861   51.9482 31.2
 14.792 2530 Alaska-slab2-v3                                                                  188.4677   51.8201 28.5
 10.314 2531 Alaska-slab2-v3                                                                  188.4266   51.8989 32.4
 10.153 2543 Alaska-slab2-v3                                                                  188.2057   51.7729 29.5
  5.301 2544 Alaska-slab2-v3                                                                  188.1654   51.8521 33.3
 10.002 2555 Alaska-slab2-v3                                                                  187.9420   51.7281 30.1
  5.284 2556 Alaska-slab2-v3                                                                  187.9027   51.8077 34.0
 10.066 2567 Alaska-slab2-v3                                                                  187.6772   51.6860 30.5
  5.378 2568 Alaska-slab2-v3                                                                  187.6391   51.7656 34.4
 10.181 2579 Alaska-slab2-v3                                                                  187.4119   51.6459 30.7
  5.426 2580 Alaska-slab2-v3                                                                  187.3752   51.7253 34.7
 10.145 2591 Alaska-slab2-v3                                                                  187.1467   51.6067 30.9
  5.323 2592 Alaska-slab2-v3                                                                  187.1114   51.6861 34.9
  9.952 2603 Alaska-slab2-v3                                                                  186.8821   51.5678 30.8
  5.133 2604 Alaska-slab2-v3                                                                  186.8482   51.6477 34.8
  9.768 2615 Alaska-slab2-v3                                                                  186.6188   51.5299 30.1
  4.964 2616 Alaska-slab2-v3                                                                  186.5861   51.6103 34.0
 13.929 2627 Alaska-slab2-v3                                                                  186.3589   51.4940 28.9
  9.572 2628 Alaska-slab2-v3                                                                  186.3262   51.5747 32.7
  9.850 2641 Alaska-slab2-v3                                                                  186.0702   51.5418 30.9
  5.208 2642 Alaska-slab2-v3                                                                  186.0397   51.6227 34.8
 10.381 2654 Alaska-slab2-v3                                                                  185.8171   51.5119 28.8
  5.426 2655 Alaska-slab2-v3                                                                  185.7851   51.5923 32.6
 10.788 2668 Alaska-slab2-v3                                                                  185.5297   51.5645 30.6
  5.838 2669 Alaska-slab2-v3                                                                  185.4992   51.6439 34.8
 11.022 2682 Alaska-slab2-v3                                                                  185.2705   51.5377 28.9
  6.021 2683 Alaska-slab2-v3                                                                  185.2410   51.6181 32.9
 11.253 2697 Alaska-slab2-v3                                                                  184.9782   51.5924 31.6
 11.193 2712 Alaska-slab2-v3                                                                  184.7119   51.5665 30.9
 19.461 2727 Alaska-slab2-v3                                                                  184.4439   51.5407 30.5
 10.420 2728 Alaska-slab2-v3                                                                  184.4180   51.6199 34.9
 27.736 2742 Alaska-slab2-v3                                                                  184.1751   51.5155 30.4
 14.887 2743 Alaska-slab2-v3                                                                  184.1508   51.5951 34.7
 36.123 2757 Alaska-slab2-v3                                                                  183.9058   51.4915 30.5
 19.457 2758 Alaska-slab2-v3                                                                  183.8829   51.5713 34.9
 44.614 2772 Alaska-slab2-v3                                                                  183.6363   51.4695 30.8
 44.598 2787 Alaska-slab2-v3                                                                  183.3666   51.4498 31.2
 44.470 2802 Alaska-slab2-v3                                                                  183.0966   51.4329 31.6
 61.351 2816 Alaska-slab2-v3                                                                  182.8429   51.3366 28.2
 44.085 2817 Alaska-slab2-v3                                                                  182.8264   51.4190 32.1
 43.435 2831 Alaska-slab2-v3                                                                  182.5711   51.3262 28.6
 23.412 2832 Alaska-slab2-v3                                                                  182.5560   51.4083 32.5
 43.516 2845 Alaska-slab2-v3                                                                  182.2992   51.3193 28.9
 23.182 2846 Alaska-slab2-v3                                                                  182.2854   51.4011 33.0
 43.990 2859 Alaska-slab2-v3                                                                  182.0271   51.3159 29.3
 23.396 2860 Alaska-slab2-v3                                                                  182.0147   51.3972 33.5
 44.758 2873 Alaska-slab2-v3                                                                  181.7548   51.3158 29.9
 23.842 2874 Alaska-slab2-v3                                                                  181.7439   51.3965 34.2
 45.471 2887 Alaska-slab2-v3                                                                  181.4828   51.3188 30.8
 24.571 2901 Alaska-slab2-v3                                                                  181.2114   51.3246 32.1
 45.759 2913 Alaska-slab2-v3                                                                  180.9469   51.2527 29.2
 24.194 2914 Alaska-slab2-v3                                                                  180.9410   51.3333 33.7
 45.159 2926 Alaska-slab2-v3                                                                  180.6755   51.2646 30.6
