  8.595 2479 Alaska-slab2-v3                                                                  189.4593   52.1155 28.2
  8.413 2492 Alaska-slab2-v3                                                                  189.2020   52.0562 28.9
  8.159 2505 Alaska-slab2-v3                                                                  188.9444   52.0005 30.0
  7.585 2530 Alaska-slab2-v3                                                                  188.4677   51.8201 28.5
  7.229 2543 Alaska-slab2-v3                                                                  188.2057   51.7729 29.5
  7.028 2555 Alaska-slab2-v3                                                                  187.9420   51.7281 30.1
  6.999 2567 Alaska-slab2-v3                                                                  187.6772   51.6860 30.5
  7.107 2579 Alaska-slab2-v3                                                                  187.4119   51.6459 30.7
  7.189 2591 Alaska-slab2-v3                                                                  187.1467   51.6067 30.9
  7.153 2603 Alaska-slab2-v3                                                                  186.8821   51.5678 30.8
  7.101 2615 Alaska-slab2-v3                                                                  186.6188   51.5299 30.1
  5.877 2627 Alaska-slab2-v3                                                                  186.3589   51.4940 28.9
  4.314 2641 Alaska-slab2-v3                                                                  186.0702   51.5418 30.9
  3.240 2654 Alaska-slab2-v3                                                                  185.8171   51.5119 28.8
  1.868 2668 Alaska-slab2-v3                                                                  185.5297   51.5645 30.6
  1.896 2682 Alaska-slab2-v3                                                                  185.2705   51.5377 28.9
  1.955 2727 Alaska-slab2-v3                                                                  184.4439   51.5407 30.5
  1.945 2742 Alaska-slab2-v3                                                                  184.1751   51.5155 30.4
  1.942 2757 Alaska-slab2-v3                                                                  183.9058   51.4915 30.5
  1.864 2816 Alaska-slab2-v3                                                                  182.8429   51.3366 28.2
  1.890 2831 Alaska-slab2-v3                                                                  182.5711   51.3262 28.6
  1.917 2845 Alaska-slab2-v3                                                                  182.2992   51.3193 28.9
  1.944 2859 Alaska-slab2-v3                                                                  182.0271   51.3159 29.3
  1.979 2873 Alaska-slab2-v3                                                                  181.7548   51.3158 29.9
  2.045 2913 Alaska-slab2-v3                                                                  180.9469   51.2527 29.2
