  0.802 1765 Alaska-slab2-v3                                                                  202.7468   54.2407  8.1
  0.649 1766 Alaska-slab2-v3                                                                  202.6515   54.3106  9.4
  0.513 1767 Alaska-slab2-v3                                                                  202.5552   54.3803 10.6
  0.391 1768 Alaska-slab2-v3                                                                  202.4578   54.4497 11.6
  0.273 1769 Alaska-slab2-v3                                                                  202.3600   54.5191 12.6
  0.145 1770 Alaska-slab2-v3                                                                  202.2619   54.5883 13.7
  0.740 1784 Alaska-slab2-v3                                                                  202.4519   54.1833  8.1
  0.573 1785 Alaska-slab2-v3                                                                  202.3560   54.2528  9.5
  0.422 1786 Alaska-slab2-v3                                                                  202.2587   54.3219 10.7
  0.285 1787 Alaska-slab2-v3                                                                  202.1601   54.3906 11.8
  0.147 1788 Alaska-slab2-v3                                                                  202.0612   54.4592 12.9
  0.762 1803 Alaska-slab2-v3                                                                  202.1571   54.1283  8.2
  0.596 1804 Alaska-slab2-v3                                                                  202.0608   54.1975  9.5
  0.444 1805 Alaska-slab2-v3                                                                  201.9626   54.2661 10.8
  0.301 1806 Alaska-slab2-v3                                                                  201.8628   54.3340 11.9
  0.156 1807 Alaska-slab2-v3                                                                  201.7627   54.4018 13.1
  0.777 1821 Alaska-slab2-v3                                                                  201.8617   54.0745  8.2
  0.612 1822 Alaska-slab2-v3                                                                  201.7650   54.1434  9.6
  0.459 1823 Alaska-slab2-v3                                                                  201.6662   54.2115 10.9
  0.313 1824 Alaska-slab2-v3                                                                  201.5657   54.2789 12.1
  0.165 1825 Alaska-slab2-v3                                                                  201.4649   54.3462 13.3
  0.678 1839 Alaska-slab2-v3                                                                  201.5647   54.0202  8.3
  0.493 1840 Alaska-slab2-v3                                                                  201.4665   54.0882  9.8
  0.325 1841 Alaska-slab2-v3                                                                  201.3671   54.1560 11.1
  0.166 1842 Alaska-slab2-v3                                                                  201.2668   54.2234 12.3
  1.187 1856 Alaska-slab2-v3                                                                  201.2655   53.9641  8.6
  0.852 1857 Alaska-slab2-v3                                                                  201.1650   54.0308 10.1
  0.563 1858 Alaska-slab2-v3                                                                  201.0653   54.0982 11.4
  0.291 1859 Alaska-slab2-v3                                                                  200.9656   54.1659 12.6
  1.697 1873 Alaska-slab2-v3                                                                  200.9652   53.9058  8.9
  1.202 1874 Alaska-slab2-v3                                                                  200.8627   53.9709 10.5
  0.792 1875 Alaska-slab2-v3                                                                  200.7636   54.0385 11.9
  0.413 1876 Alaska-slab2-v3                                                                  200.6643   54.1064 13.1
  1.841 1890 Alaska-slab2-v3                                                                  200.6664   53.8460  9.2
  1.112 1891 Alaska-slab2-v3                                                                  200.5628   53.9102 11.0
  0.529 1892 Alaska-slab2-v3                                                                  200.4644   53.9780 12.4
  2.250 1907 Alaska-slab2-v3                                                                  200.3709   53.7866  9.5
  1.339 1908 Alaska-slab2-v3                                                                  200.2675   53.8503 11.3
  0.634 1909 Alaska-slab2-v3                                                                  200.1695   53.9183 12.7
  2.217 1924 Alaska-slab2-v3                                                                  200.0792   53.7284  9.6
  1.303 1925 Alaska-slab2-v3                                                                  199.9768   53.7924 11.5
  0.614 1926 Alaska-slab2-v3                                                                  199.8801   53.8610 12.9
  2.185 1941 Alaska-slab2-v3                                                                  199.7909   53.6720  9.6
  1.271 1942 Alaska-slab2-v3                                                                  199.6904   53.7369 11.5
  0.598 1943 Alaska-slab2-v3                                                                  199.5958   53.8066 12.8
  2.169 1958 Alaska-slab2-v3                                                                  199.5056   53.6169  9.6
  1.258 1959 Alaska-slab2-v3                                                                  199.4072   53.6831 11.3
  0.591 1960 Alaska-slab2-v3                                                                  199.3153   53.7539 12.6
  2.587 1975 Alaska-slab2-v3                                                                  199.2223   53.5625  9.4
  1.763 1976 Alaska-slab2-v3                                                                  199.1261   53.6299 11.1
  1.137 1977 Alaska-slab2-v3                                                                  199.0365   53.7018 12.4
  0.597 1978 Alaska-slab2-v3                                                                  198.9464   53.7737 13.6
  2.615 1992 Alaska-slab2-v3                                                                  198.9403   53.5080  9.2
  1.796 1993 Alaska-slab2-v3                                                                  198.8460   53.5765 10.9
  1.156 1994 Alaska-slab2-v3                                                                  198.7579   53.6489 12.2
  0.592 1995 Alaska-slab2-v3                                                                  198.6694   53.7215 13.4
  2.671 2008 Alaska-slab2-v3                                                                  198.6587   53.4528  9.0
  1.865 2009 Alaska-slab2-v3                                                                  198.5659   53.5222 10.6
  1.204 2010 Alaska-slab2-v3                                                                  198.4779   53.5946 12.0
  0.612 2011 Alaska-slab2-v3                                                                  198.3898   53.6672 13.2
  2.730 2024 Alaska-slab2-v3                                                                  198.3749   53.3958  8.9
  1.933 2025 Alaska-slab2-v3                                                                  198.2830   53.4657 10.6
  1.266 2026 Alaska-slab2-v3                                                                  198.1946   53.5378 11.9
  0.652 2027 Alaska-slab2-v3                                                                  198.1064   53.6102 13.2
  2.762 2040 Alaska-slab2-v3                                                                  198.0871   53.3362  9.0
  1.967 2041 Alaska-slab2-v3                                                                  197.9952   53.4060 10.7
  1.305 2042 Alaska-slab2-v3                                                                  197.9073   53.4782 12.1
  0.686 2043 Alaska-slab2-v3                                                                  197.8192   53.5506 13.4
  1.832 2056 Alaska-slab2-v3                                                                  197.7964   53.2740  9.4
  1.105 2057 Alaska-slab2-v3                                                                  197.7048   53.3436 11.2
  0.538 2058 Alaska-slab2-v3                                                                  197.6178   53.4162 12.6
  1.342 2071 Alaska-slab2-v3                                                                  197.5054   53.2094 10.1
  0.783 2072 Alaska-slab2-v3                                                                  197.4159   53.2794 12.0
  0.385 2073 Alaska-slab2-v3                                                                  197.3297   53.3524 13.3
  0.675 2086 Alaska-slab2-v3                                                                  197.2162   53.1421 11.0
  0.256 2087 Alaska-slab2-v3                                                                  197.1304   53.2137 12.9
  0.766 2100 Alaska-slab2-v3                                                                  197.0307   53.0183  8.2
  0.341 2101 Alaska-slab2-v3                                                                  196.9324   53.0739 11.7
  0.116 2102 Alaska-slab2-v3                                                                  196.8491   53.1466 13.6
  0.750 2115 Alaska-slab2-v3                                                                  196.7498   52.9534  8.5
  0.291 2116 Alaska-slab2-v3                                                                  196.6541   53.0059 12.4
  0.082 2117 Alaska-slab2-v3                                                                  196.5720   53.0791 14.1
  0.734 2130 Alaska-slab2-v3                                                                  196.4706   52.8875  8.7
  0.252 2131 Alaska-slab2-v3                                                                  196.3781   52.9384 12.8
  0.053 2132 Alaska-slab2-v3                                                                  196.2978   53.0122 14.5
  0.725 2145 Alaska-slab2-v3                                                                  196.1928   52.8211  8.8
  0.231 2146 Alaska-slab2-v3                                                                  196.1029   52.8721 13.0
  0.036 2147 Alaska-slab2-v3                                                                  196.0243   52.9465 14.7
