  1.233 3350 Alaska-slab2-v3                                                                  170.8230   52.6053  8.5
  0.962 3351 Alaska-slab2-v3                                                                  170.9229   52.6706 10.0
  1.397 3364 Alaska-slab2-v3                                                                  170.5766   52.7064  8.4
  1.161 3365 Alaska-slab2-v3                                                                  170.6783   52.7708  9.8
  1.397 3378 Alaska-slab2-v3                                                                  170.3296   52.8082  8.3
  1.170 3379 Alaska-slab2-v3                                                                  170.4332   52.8718  9.7
  1.397 3393 Alaska-slab2-v3                                                                  170.0819   52.9101  8.1
  1.189 3394 Alaska-slab2-v3                                                                  170.1869   52.9731  9.5
  1.226 3409 Alaska-slab2-v3                                                                  169.9321   53.0825  9.3
  1.255 3418 Alaska-slab2-v3                                                                  169.6686   53.1994  9.0
  1.259 3427 Alaska-slab2-v3                                                                  169.4050   53.3152  8.8
  1.058 3428 Alaska-slab2-v3                                                                  169.4998   53.3843 10.0
  1.244 3436 Alaska-slab2-v3                                                                  169.1410   53.4303  8.7
  1.045 3437 Alaska-slab2-v3                                                                  169.2331   53.5010  9.9
  1.222 3445 Alaska-slab2-v3                                                                  168.8772   53.5452  8.6
  1.024 3446 Alaska-slab2-v3                                                                  168.9678   53.6168  9.7
  1.376 3454 Alaska-slab2-v3                                                                  168.6148   53.6597  8.4
  1.207 3455 Alaska-slab2-v3                                                                  168.7047   53.7319  9.4
  1.322 3463 Alaska-slab2-v3                                                                  168.3536   53.7742  8.2
  1.156 3464 Alaska-slab2-v3                                                                  168.4421   53.8471  9.1
  1.397 3473 Alaska-slab2-v3                                                                  168.0922   53.8895  8.1
  1.285 3474 Alaska-slab2-v3                                                                  168.1790   53.9633  8.9
  1.138 3475 Alaska-slab2-v3                                                                  168.2618   54.0384  9.8
  1.368 3483 Alaska-slab2-v3                                                                  167.8302   54.0058  8.1
  1.222 3484 Alaska-slab2-v3                                                                  167.9147   54.0806  8.9
  1.075 3485 Alaska-slab2-v3                                                                  167.9964   54.1563  9.8
  1.342 3494 Alaska-slab2-v3                                                                  167.5675   54.1229  8.1
  1.192 3495 Alaska-slab2-v3                                                                  167.6494   54.1988  8.9
  1.039 3496 Alaska-slab2-v3                                                                  167.7277   54.2757  9.8
  2.333 3505 Alaska-slab2-v3                                                                  167.3044   54.2406  8.1
  2.064 3506 Alaska-slab2-v3                                                                  167.3837   54.3175  8.9
  1.785 3507 Alaska-slab2-v3                                                                  167.4581   54.3956  9.8
  3.493 3517 Alaska-slab2-v3                                                                  167.0410   54.3585  8.1
  3.242 3518 Alaska-slab2-v3                                                                  167.1176   54.4364  9.0
  2.875 3519 Alaska-slab2-v3                                                                  167.1884   54.5156  9.8
  3.633 3529 Alaska-slab2-v3                                                                  166.7761   54.4767  8.2
  3.258 3530 Alaska-slab2-v3                                                                  166.8495   54.5557  9.1
  2.874 3531 Alaska-slab2-v3                                                                  166.9145   54.6365  9.9
  3.272 3541 Alaska-slab2-v3                                                                  166.5086   54.5954  8.4
  2.893 3542 Alaska-slab2-v3                                                                  166.5778   54.6756  9.4
  2.127 3553 Alaska-slab2-v3                                                                  166.2376   54.7142  8.8
  1.850 3554 Alaska-slab2-v3                                                                  166.2954   54.7968  9.9
  1.118 3564 Alaska-slab2-v3                                                                  165.9035   54.7504  8.1
  0.951 3565 Alaska-slab2-v3                                                                  165.9582   54.8337  9.4
