289.399 2160 Alaska-slab2-v3                                                                  195.9164   52.7538  8.8
201.169 2161 Alaska-slab2-v3                                                                  195.8277   52.8066 13.0
152.912 2162 Alaska-slab2-v3                                                                  195.7503   52.8815 14.6
143.318 2163 Alaska-slab2-v3                                                                  195.6716   52.9580 15.0
119.190 2164 Alaska-slab2-v3                                                                  195.5985   53.0359 15.8
 65.409 2165 Alaska-slab2-v3                                                                  195.5310   53.1146 17.7
289.399 2175 Alaska-slab2-v3                                                                  195.6419   52.6846  8.7
244.328 2176 Alaska-slab2-v3                                                                  195.5535   52.7408 12.7
199.258 2177 Alaska-slab2-v3                                                                  195.4769   52.8160 14.4
185.289 2178 Alaska-slab2-v3                                                                  195.3993   52.8928 14.9
160.513 2179 Alaska-slab2-v3                                                                  195.3277   52.9711 15.9
112.280 2180 Alaska-slab2-v3                                                                  195.2615   53.0502 17.7
 54.822 2181 Alaska-slab2-v3                                                                  195.1957   53.1287 19.9
289.399 2190 Alaska-slab2-v3                                                                  195.3701   52.6129  8.4
254.437 2191 Alaska-slab2-v3                                                                  195.2821   52.6730 12.2
206.315 2192 Alaska-slab2-v3                                                                  195.2065   52.7485 14.0
185.311 2193 Alaska-slab2-v3                                                                  195.1300   52.8254 14.8
156.597 2194 Alaska-slab2-v3                                                                  195.0595   52.9040 15.9
109.006 2195 Alaska-slab2-v3                                                                  194.9946   52.9835 17.7
 53.706 2196 Alaska-slab2-v3                                                                  194.9299   53.0626 19.8
289.399 2205 Alaska-slab2-v3                                                                  195.1009   52.5389  8.2
265.147 2206 Alaska-slab2-v3                                                                  195.0141   52.6025 11.6
213.950 2207 Alaska-slab2-v3                                                                  194.9402   52.6785 13.5
186.735 2208 Alaska-slab2-v3                                                                  194.8651   52.7557 14.6
154.939 2209 Alaska-slab2-v3                                                                  194.7952   52.8344 15.7
108.053 2210 Alaska-slab2-v3                                                                  194.7309   52.9142 17.5
 53.622 2211 Alaska-slab2-v3                                                                  194.6671   52.9936 19.5
289.399 2220 Alaska-slab2-v3                                                                  194.8340   52.4634  7.9
273.504 2221 Alaska-slab2-v3                                                                  194.7491   52.5299 11.1
220.612 2222 Alaska-slab2-v3                                                                  194.6767   52.6063 13.1
189.096 2223 Alaska-slab2-v3                                                                  194.6038   52.6841 14.2
156.484 2224 Alaska-slab2-v3                                                                  194.5343   52.7630 15.4
110.443 2225 Alaska-slab2-v3                                                                  194.4699   52.8428 17.1
 55.633 2226 Alaska-slab2-v3                                                                  194.4069   52.9224 19.1
289.399 2235 Alaska-slab2-v3                                                                  194.5680   52.3876  7.8
277.800 2236 Alaska-slab2-v3                                                                  194.4852   52.4562 10.8
224.420 2237 Alaska-slab2-v3                                                                  194.4138   52.5328 12.7
191.162 2238 Alaska-slab2-v3                                                                  194.3434   52.6114 13.9
158.743 2239 Alaska-slab2-v3                                                                  194.2746   52.6905 15.0
114.027 2240 Alaska-slab2-v3                                                                  194.2100   52.7703 16.6
 58.690 2241 Alaska-slab2-v3                                                                  194.1478   52.8502 18.6
289.399 2250 Alaska-slab2-v3                                                                  194.3010   52.3122  7.7
278.575 2251 Alaska-slab2-v3                                                                  194.2199   52.3821 10.5
224.740 2252 Alaska-slab2-v3                                                                  194.1497   52.4592 12.4
190.559 2253 Alaska-slab2-v3                                                                  194.0814   52.5384 13.6
159.226 2254 Alaska-slab2-v3                                                                  194.0136   52.6179 14.7
116.785 2255 Alaska-slab2-v3                                                                  193.9493   52.6979 16.2
 61.241 2256 Alaska-slab2-v3                                                                  193.8879   52.7780 18.2
289.399 2265 Alaska-slab2-v3                                                                  194.0320   52.2386  7.6
277.569 2266 Alaska-slab2-v3                                                                  193.9525   52.3094 10.4
223.325 2267 Alaska-slab2-v3                                                                  193.8835   52.3869 12.3
189.278 2268 Alaska-slab2-v3                                                                  193.8169   52.4665 13.5
158.982 2269 Alaska-slab2-v3                                                                  193.7501   52.5464 14.6
118.010 2270 Alaska-slab2-v3                                                                  193.6866   52.6267 16.0
 63.189 2271 Alaska-slab2-v3                                                                  193.6262   52.7072 17.9
235.136 2279 Alaska-slab2-v3                                                                  193.7606   52.1681  7.6
224.309 2280 Alaska-slab2-v3                                                                  193.6826   52.2395 10.4
180.295 2281 Alaska-slab2-v3                                                                  193.6149   52.3174 12.3
152.992 2282 Alaska-slab2-v3                                                                  193.5495   52.3974 13.5
128.984 2283 Alaska-slab2-v3                                                                  193.4838   52.4776 14.5
 96.502 2284 Alaska-slab2-v3                                                                  193.4213   52.5583 15.9
 52.017 2285 Alaska-slab2-v3                                                                  193.3621   52.6391 17.8
180.874 2293 Alaska-slab2-v3                                                                  193.4869   52.1014  7.7
172.029 2294 Alaska-slab2-v3                                                                  193.4102   52.1732 10.5
138.093 2295 Alaska-slab2-v3                                                                  193.3439   52.2515 12.4
117.334 2296 Alaska-slab2-v3                                                                  193.2795   52.3318 13.5
 99.282 2297 Alaska-slab2-v3                                                                  193.2149   52.4124 14.5
 74.191 2298 Alaska-slab2-v3                                                                  193.1537   52.4933 15.9
 39.893 2299 Alaska-slab2-v3                                                                  193.0957   52.5744 17.8
126.612 2307 Alaska-slab2-v3                                                                  193.2114   52.0382  7.7
120.523 2308 Alaska-slab2-v3                                                                  193.1360   52.1104 10.6
 96.921 2309 Alaska-slab2-v3                                                                  193.0709   52.1890 12.4
 82.608 2310 Alaska-slab2-v3                                                                  193.0074   52.2696 13.6
 69.677 2311 Alaska-slab2-v3                                                                  192.9440   52.3504 14.6
 51.850 2312 Alaska-slab2-v3                                                                  192.8841   52.4317 16.0
 27.620 2313 Alaska-slab2-v3                                                                  192.8274   52.5130 18.0
 72.350 2321 Alaska-slab2-v3                                                                  192.9351   51.9779  7.7
 69.530 2322 Alaska-slab2-v3                                                                  192.8611   52.0507 10.5
 56.109 2323 Alaska-slab2-v3                                                                  192.7969   52.1296 12.4
 47.829 2324 Alaska-slab2-v3                                                                  192.7344   52.2105 13.6
 40.190 2325 Alaska-slab2-v3                                                                  192.6722   52.2915 14.6
 29.625 2326 Alaska-slab2-v3                                                                  192.6135   52.3730 16.1
 15.562 2327 Alaska-slab2-v3                                                                  192.5579   52.4546 18.1
 72.350 2335 Alaska-slab2-v3                                                                  192.6588   51.9199  7.6
 70.777 2336 Alaska-slab2-v3                                                                  192.5868   51.9938 10.3
 57.551 2337 Alaska-slab2-v3                                                                  192.5234   52.0730 12.2
 48.972 2338 Alaska-slab2-v3                                                                  192.4622   52.1542 13.4
 41.036 2339 Alaska-slab2-v3                                                                  192.4010   52.2355 14.5
 30.170 2340 Alaska-slab2-v3                                                                  192.3430   52.3171 16.0
 15.871 2341 Alaska-slab2-v3                                                                  192.2883   52.3988 18.0
 72.350 2349 Alaska-slab2-v3                                                                  192.3835   51.8632  7.4
 72.350 2350 Alaska-slab2-v3                                                                  192.3141   51.9389 10.0
 59.373 2351 Alaska-slab2-v3                                                                  192.2517   52.0185 11.8
 50.456 2352 Alaska-slab2-v3                                                                  192.1922   52.1001 13.0
 42.192 2353 Alaska-slab2-v3                                                                  192.1325   52.1817 14.1
 31.245 2354 Alaska-slab2-v3                                                                  192.0749   52.2635 15.6
 16.674 2355 Alaska-slab2-v3                                                                  192.0201   52.3451 17.7
 72.350 2363 Alaska-slab2-v3                                                                  192.1090   51.8066  7.2
 72.350 2364 Alaska-slab2-v3                                                                  192.0433   51.8843  9.5
 70.733 2365 Alaska-slab2-v3                                                                  191.9823   51.9645 11.2
 62.287 2366 Alaska-slab2-v3                                                                  191.9245   52.0465 12.5
 54.567 2367 Alaska-slab2-v3                                                                  191.8665   52.1286 13.7
 45.066 2368 Alaska-slab2-v3                                                                  191.8094   52.2105 15.1
 32.331 2369 Alaska-slab2-v3                                                                  191.7544   52.2923 17.0
 16.957 2370 Alaska-slab2-v3                                                                  191.7002   52.3734 19.4
 72.350 2377 Alaska-slab2-v3                                                                  191.8351   51.7486  7.1
 72.350 2378 Alaska-slab2-v3                                                                  191.7736   51.8283  9.0
 72.316 2379 Alaska-slab2-v3                                                                  191.7145   51.9093 10.6
 63.336 2380 Alaska-slab2-v3                                                                  191.6577   51.9915 12.0
 55.104 2381 Alaska-slab2-v3                                                                  191.6008   52.0738 13.2
 45.648 2382 Alaska-slab2-v3                                                                  191.5442   52.1559 14.6
 33.539 2383 Alaska-slab2-v3                                                                  191.4894   52.2379 16.3
 18.232 2384 Alaska-slab2-v3                                                                  191.4364   52.3195 18.6
 72.350 2391 Alaska-slab2-v3                                                                  191.5618   51.6883  6.9
 72.350 2392 Alaska-slab2-v3                                                                  191.5042   51.7695  8.6
 72.350 2393 Alaska-slab2-v3                                                                  191.4470   51.8512 10.1
 63.991 2394 Alaska-slab2-v3                                                                  191.3907   51.9335 11.5
 55.000 2395 Alaska-slab2-v3                                                                  191.3344   52.0158 12.8
 45.306 2396 Alaska-slab2-v3                                                                  191.2780   52.0980 14.1
 33.576 2397 Alaska-slab2-v3                                                                  191.2237   52.1804 15.8
 18.755 2398 Alaska-slab2-v3                                                                  191.1719   52.2625 17.9
 72.350 2404 Alaska-slab2-v3                                                                  191.2896   51.6250  6.8
 72.350 2405 Alaska-slab2-v3                                                                  191.2343   51.7071  8.3
 72.350 2406 Alaska-slab2-v3                                                                  191.1788   51.7894  9.8
 65.082 2407 Alaska-slab2-v3                                                                  191.1231   51.8718 11.1
 55.632 2408 Alaska-slab2-v3                                                                  191.0673   51.9542 12.4
 45.393 2409 Alaska-slab2-v3                                                                  191.0114   52.0365 13.9
 33.508 2410 Alaska-slab2-v3                                                                  190.9577   52.1189 15.5
 18.759 2411 Alaska-slab2-v3                                                                  190.9069   52.2013 17.6
 72.350 2417 Alaska-slab2-v3                                                                  191.0187   51.5590  6.7
 72.350 2418 Alaska-slab2-v3                                                                  190.9645   51.6415  8.2
 72.350 2419 Alaska-slab2-v3                                                                  190.9099   51.7241  9.6
 66.641 2420 Alaska-slab2-v3                                                                  190.8552   51.8068 10.9
 57.090 2421 Alaska-slab2-v3                                                                  190.8003   51.8894 12.2
 46.605 2422 Alaska-slab2-v3                                                                  190.7453   51.9718 13.7
 34.182 2423 Alaska-slab2-v3                                                                  190.6924   52.0543 15.4
 18.958 2424 Alaska-slab2-v3                                                                  190.6429   52.1369 17.5
 72.350 2430 Alaska-slab2-v3                                                                  190.7489   51.4914  6.7
 72.350 2431 Alaska-slab2-v3                                                                  190.6952   51.5741  8.1
 72.350 2432 Alaska-slab2-v3                                                                  190.6413   51.6569  9.5
 67.922 2433 Alaska-slab2-v3                                                                  190.5875   51.7398 10.8
 58.565 2434 Alaska-slab2-v3                                                                  190.5337   51.8227 12.1
 48.066 2435 Alaska-slab2-v3                                                                  190.4798   51.9054 13.5
 35.211 2436 Alaska-slab2-v3                                                                  190.4282   51.9881 15.3
 19.284 2437 Alaska-slab2-v3                                                                  190.3804   52.0708 17.6
 72.350 2443 Alaska-slab2-v3                                                                  190.4797   51.4236  6.7
 72.350 2444 Alaska-slab2-v3                                                                  190.4265   51.5064  8.1
 72.350 2445 Alaska-slab2-v3                                                                  190.3732   51.5893  9.5
 68.198 2446 Alaska-slab2-v3                                                                  190.3203   51.6724 10.8
 59.044 2447 Alaska-slab2-v3                                                                  190.2676   51.7556 12.1
 48.612 2448 Alaska-slab2-v3                                                                  190.2149   51.8385 13.5
 35.696 2449 Alaska-slab2-v3                                                                  190.1648   51.9215 15.4
 19.516 2450 Alaska-slab2-v3                                                                  190.1187   52.0044 17.6
 72.350 2456 Alaska-slab2-v3                                                                  190.2103   51.3567  6.8
 72.350 2457 Alaska-slab2-v3                                                                  190.1579   51.4396  8.2
 72.350 2458 Alaska-slab2-v3                                                                  190.1055   51.5226  9.6
 67.597 2459 Alaska-slab2-v3                                                                  190.0536   51.6059 10.9
 58.443 2460 Alaska-slab2-v3                                                                  190.0020   51.6893 12.2
 48.163 2461 Alaska-slab2-v3                                                                  189.9504   51.7725 13.7
 35.347 2462 Alaska-slab2-v3                                                                  189.9018   51.8558 15.5
 19.434 2463 Alaska-slab2-v3                                                                  189.8574   51.9391 17.8
