 59.532 2930 Alaska-slab2-v3                                                                  180.4238   50.4994  9.1
 59.532 2931 Alaska-slab2-v3                                                                  180.4228   50.5882 10.8
 59.532 2932 Alaska-slab2-v3                                                                  180.4212   50.6773 12.2
 59.532 2933 Alaska-slab2-v3                                                                  180.4195   50.7664 13.7
 52.215 2934 Alaska-slab2-v3                                                                  180.4175   50.8551 15.4
 42.560 2935 Alaska-slab2-v3                                                                  180.4150   50.9429 17.7
 30.827 2936 Alaska-slab2-v3                                                                  180.4124   51.0295 20.4
 16.799 2937 Alaska-slab2-v3                                                                  180.4099   51.1147 23.6
 59.532 2942 Alaska-slab2-v3                                                                  180.1413   50.5169  9.3
 59.532 2943 Alaska-slab2-v3                                                                  180.1410   50.6056 11.0
 59.532 2944 Alaska-slab2-v3                                                                  180.1405   50.6948 12.4
 59.532 2945 Alaska-slab2-v3                                                                  180.1401   50.7839 13.9
 52.745 2946 Alaska-slab2-v3                                                                  180.1393   50.8723 15.8
 42.406 2947 Alaska-slab2-v3                                                                  180.1382   50.9596 18.2
 30.428 2948 Alaska-slab2-v3                                                                  180.1372   51.0460 21.1
 16.517 2949 Alaska-slab2-v3                                                                  180.1364   51.1309 24.4
 59.532 2954 Alaska-slab2-v3                                                                  179.8595   50.5313  9.4
 59.532 2955 Alaska-slab2-v3                                                                  179.8612   50.6200 11.2
 59.532 2956 Alaska-slab2-v3                                                                  179.8629   50.7092 12.6
 59.532 2957 Alaska-slab2-v3                                                                  179.8646   50.7983 14.0
 53.365 2958 Alaska-slab2-v3                                                                  179.8659   50.8866 16.0
 42.881 2959 Alaska-slab2-v3                                                                  179.8669   50.9737 18.5
 30.424 2960 Alaska-slab2-v3                                                                  179.8678   51.0595 21.6
 59.532 2966 Alaska-slab2-v3                                                                  179.5790   50.5430  9.6
 59.532 2967 Alaska-slab2-v3                                                                  179.5835   50.6316 11.4
 59.532 2968 Alaska-slab2-v3                                                                  179.5878   50.7207 12.8
 59.532 2969 Alaska-slab2-v3                                                                  179.5922   50.8098 14.2
 54.201 2970 Alaska-slab2-v3                                                                  179.5964   50.8983 16.1
 43.983 2971 Alaska-slab2-v3                                                                  179.6002   50.9854 18.6
 31.018 2972 Alaska-slab2-v3                                                                  179.6037   51.0706 21.8
 59.532 2978 Alaska-slab2-v3                                                                  179.2990   50.5579  9.7
 59.532 2979 Alaska-slab2-v3                                                                  179.3064   50.6463 11.5
 59.532 2980 Alaska-slab2-v3                                                                  179.3134   50.7354 12.9
 59.532 2981 Alaska-slab2-v3                                                                  179.3204   50.8244 14.3
 54.806 2982 Alaska-slab2-v3                                                                  179.3273   50.9128 16.2
 44.639 2983 Alaska-slab2-v3                                                                  179.3340   50.9997 18.7
 31.573 2984 Alaska-slab2-v3                                                                  179.3400   51.0846 22.0
 59.532 2990 Alaska-slab2-v3                                                                  179.0199   50.5780  9.7
 59.532 2991 Alaska-slab2-v3                                                                  179.0302   50.6663 11.6
 59.532 2992 Alaska-slab2-v3                                                                  179.0398   50.7553 13.0
 53.358 2993 Alaska-slab2-v3                                                                  179.0494   50.8442 14.4
 44.564 2994 Alaska-slab2-v3                                                                  179.0591   50.9323 16.4
 32.580 2995 Alaska-slab2-v3                                                                  179.0686   51.0190 19.0
 17.497 2996 Alaska-slab2-v3                                                                  179.0772   51.1038 22.3
 59.532 3002 Alaska-slab2-v3                                                                  178.7420   50.6040  9.8
 59.532 3003 Alaska-slab2-v3                                                                  178.7552   50.6922 11.6
 59.532 3004 Alaska-slab2-v3                                                                  178.7674   50.7810 13.0
 53.892 3005 Alaska-slab2-v3                                                                  178.7798   50.8697 14.5
 44.677 3006 Alaska-slab2-v3                                                                  178.7922   50.9575 16.5
 32.497 3007 Alaska-slab2-v3                                                                  178.8044   51.0439 19.3
 17.619 3008 Alaska-slab2-v3                                                                  178.8155   51.1285 22.6
 59.532 3014 Alaska-slab2-v3                                                                  178.4654   50.6353  9.8
 59.532 3015 Alaska-slab2-v3                                                                  178.4815   50.7233 11.6
 59.532 3016 Alaska-slab2-v3                                                                  178.4964   50.8120 13.0
 54.435 3017 Alaska-slab2-v3                                                                  178.5114   50.9004 14.6
 44.904 3018 Alaska-slab2-v3                                                                  178.5266   50.9878 16.7
 32.537 3019 Alaska-slab2-v3                                                                  178.5414   51.0738 19.5
 17.776 3020 Alaska-slab2-v3                                                                  178.5549   51.1583 22.9
 59.532 3025 Alaska-slab2-v3                                                                  178.1902   50.6710  9.8
 59.532 3026 Alaska-slab2-v3                                                                  178.2094   50.7588 11.6
 59.532 3027 Alaska-slab2-v3                                                                  178.2269   50.8472 13.0
 54.997 3028 Alaska-slab2-v3                                                                  178.2445   50.9354 14.6
 45.181 3029 Alaska-slab2-v3                                                                  178.2624   51.0224 16.9
 32.648 3030 Alaska-slab2-v3                                                                  178.2798   51.1081 19.7
 17.879 3031 Alaska-slab2-v3                                                                  178.2957   51.1922 23.1
 59.532 3036 Alaska-slab2-v3                                                                  177.9160   50.7103  9.7
 59.532 3037 Alaska-slab2-v3                                                                  177.9384   50.7977 11.5
 59.532 3038 Alaska-slab2-v3                                                                  177.9585   50.8859 12.9
 55.439 3039 Alaska-slab2-v3                                                                  177.9788   50.9738 14.6
 45.466 3040 Alaska-slab2-v3                                                                  177.9995   51.0605 16.9
 32.793 3041 Alaska-slab2-v3                                                                  178.0197   51.1457 19.8
 17.855 3042 Alaska-slab2-v3                                                                  178.0379   51.2295 23.2
 59.532 3047 Alaska-slab2-v3                                                                  177.6429   50.7524  9.6
 59.532 3048 Alaska-slab2-v3                                                                  177.6686   50.8395 11.3
 59.532 3049 Alaska-slab2-v3                                                                  177.6915   50.9274 12.8
 55.741 3050 Alaska-slab2-v3                                                                  177.7145   51.0150 14.5
 45.673 3051 Alaska-slab2-v3                                                                  177.7381   51.1013 16.8
 32.860 3052 Alaska-slab2-v3                                                                  177.7610   51.1862 19.8
 17.781 3053 Alaska-slab2-v3                                                                  177.7817   51.2696 23.2
 59.532 3058 Alaska-slab2-v3                                                                  177.3704   50.7972  9.4
 59.532 3059 Alaska-slab2-v3                                                                  177.3997   50.8839 11.2
 59.532 3060 Alaska-slab2-v3                                                                  177.4254   50.9714 12.7
 55.979 3061 Alaska-slab2-v3                                                                  177.4512   51.0587 14.4
 45.845 3062 Alaska-slab2-v3                                                                  177.4776   51.1447 16.7
 32.947 3063 Alaska-slab2-v3                                                                  177.5036   51.2292 19.6
 17.724 3064 Alaska-slab2-v3                                                                  177.5268   51.3124 23.1
 59.532 3069 Alaska-slab2-v3                                                                  177.0983   50.8445  9.2
 59.532 3070 Alaska-slab2-v3                                                                  177.1313   50.9307 11.0
 59.532 3071 Alaska-slab2-v3                                                                  177.1599   51.0179 12.5
 56.210 3072 Alaska-slab2-v3                                                                  177.1886   51.1048 14.2
 46.067 3073 Alaska-slab2-v3                                                                  177.2180   51.1905 16.5
 33.044 3074 Alaska-slab2-v3                                                                  177.2470   51.2746 19.4
 17.718 3075 Alaska-slab2-v3                                                                  177.2728   51.3575 22.9
 59.532 3080 Alaska-slab2-v3                                                                  176.8266   50.8941  9.1
 59.532 3081 Alaska-slab2-v3                                                                  176.8631   50.9798 10.8
 59.532 3082 Alaska-slab2-v3                                                                  176.8947   51.0666 12.3
 56.425 3083 Alaska-slab2-v3                                                                  176.9263   51.1531 14.0
 46.320 3084 Alaska-slab2-v3                                                                  176.9587   51.2385 16.3
 33.265 3085 Alaska-slab2-v3                                                                  176.9909   51.3222 19.2
 17.705 3086 Alaska-slab2-v3                                                                  177.0194   51.4047 22.7
 59.532 3091 Alaska-slab2-v3                                                                  176.5551   50.9460  9.0
 59.532 3092 Alaska-slab2-v3                                                                  176.5947   51.0311 10.8
 59.532 3093 Alaska-slab2-v3                                                                  176.6293   51.1174 12.3
 56.501 3094 Alaska-slab2-v3                                                                  176.6639   51.2036 13.9
 46.665 3095 Alaska-slab2-v3                                                                  176.6995   51.2885 16.1
 33.685 3096 Alaska-slab2-v3                                                                  176.7350   51.3718 19.0
 17.831 3097 Alaska-slab2-v3                                                                  176.7662   51.4537 22.5
 59.532 3103 Alaska-slab2-v3                                                                  176.2839   50.9998  9.0
 59.532 3104 Alaska-slab2-v3                                                                  176.3264   51.0844 10.7
 59.532 3105 Alaska-slab2-v3                                                                  176.3640   51.1702 12.3
 56.463 3106 Alaska-slab2-v3                                                                  176.4015   51.2558 14.0
 46.963 3107 Alaska-slab2-v3                                                                  176.4402   51.3404 16.1
 34.191 3108 Alaska-slab2-v3                                                                  176.4791   51.4232 18.9
 18.104 3109 Alaska-slab2-v3                                                                  176.5128   51.5045 22.5
 59.532 3114 Alaska-slab2-v3                                                                  176.0134   51.0555  9.0
 59.532 3115 Alaska-slab2-v3                                                                  176.0587   51.1395 10.8
 59.532 3116 Alaska-slab2-v3                                                                  176.0991   51.2247 12.4
 56.605 3117 Alaska-slab2-v3                                                                  176.1396   51.3098 14.1
 47.244 3118 Alaska-slab2-v3                                                                  176.1814   51.3939 16.2
 34.735 3119 Alaska-slab2-v3                                                                  176.2234   51.4761 19.0
 18.499 3120 Alaska-slab2-v3                                                                  176.2596   51.5568 22.7
 59.532 3125 Alaska-slab2-v3                                                                  175.7436   51.1130  9.1
 59.532 3126 Alaska-slab2-v3                                                                  175.7917   51.1963 10.9
 59.532 3127 Alaska-slab2-v3                                                                  175.8350   51.2809 12.5
 57.001 3128 Alaska-slab2-v3                                                                  175.8786   51.3654 14.2
 47.574 3129 Alaska-slab2-v3                                                                  175.9236   51.4487 16.4
 35.004 3130 Alaska-slab2-v3                                                                  175.9682   51.5303 19.3
 18.942 3131 Alaska-slab2-v3                                                                  176.0069   51.6103 22.9
 59.532 3136 Alaska-slab2-v3                                                                  175.4744   51.1720  9.1
 59.532 3137 Alaska-slab2-v3                                                                  175.5253   51.2547 10.9
 59.532 3138 Alaska-slab2-v3                                                                  175.5718   51.3387 12.6
 57.561 3139 Alaska-slab2-v3                                                                  175.6186   51.4223 14.4
 47.746 3140 Alaska-slab2-v3                                                                  175.6667   51.5047 16.6
 35.102 3141 Alaska-slab2-v3                                                                  175.7139   51.5855 19.6
 19.244 3142 Alaska-slab2-v3                                                                  175.7550   51.6650 23.3
 59.532 3147 Alaska-slab2-v3                                                                  175.2060   51.2325  9.2
 59.532 3148 Alaska-slab2-v3                                                                  175.2598   51.3145 11.0
 59.532 3149 Alaska-slab2-v3                                                                  175.3094   51.3978 12.6
 58.034 3150 Alaska-slab2-v3                                                                  175.3593   51.4807 14.5
 47.820 3151 Alaska-slab2-v3                                                                  175.4107   51.5619 16.9
 34.905 3152 Alaska-slab2-v3                                                                  175.4603   51.6419 19.9
 19.204 3153 Alaska-slab2-v3                                                                  175.5040   51.7208 23.7
 59.532 3158 Alaska-slab2-v3                                                                  174.9384   51.2945  9.3
 59.532 3159 Alaska-slab2-v3                                                                  174.9951   51.3757 11.1
 59.532 3160 Alaska-slab2-v3                                                                  175.0477   51.4583 12.7
 58.195 3161 Alaska-slab2-v3                                                                  175.1008   51.5404 14.6
 47.618 3162 Alaska-slab2-v3                                                                  175.1555   51.6206 17.1
 34.490 3163 Alaska-slab2-v3                                                                  175.2076   51.6996 20.2
 18.813 3164 Alaska-slab2-v3                                                                  175.2538   51.7779 24.0
104.182 3169 Alaska-slab2-v3                                                                  174.6719   51.3578  9.4
104.182 3170 Alaska-slab2-v3                                                                  174.7314   51.4382 11.2
104.182 3171 Alaska-slab2-v3                                                                  174.7868   51.5202 12.8
101.595 3172 Alaska-slab2-v3                                                                  174.8430   51.6015 14.6
 82.864 3173 Alaska-slab2-v3                                                                  174.9009   51.6807 17.2
 59.470 3174 Alaska-slab2-v3                                                                  174.9558   51.7588 20.4
 31.994 3175 Alaska-slab2-v3                                                                  175.0045   51.8365 24.2
148.831 3180 Alaska-slab2-v3                                                                  174.4062   51.4227  9.6
148.831 3181 Alaska-slab2-v3                                                                  174.4684   51.5022 11.4
148.831 3182 Alaska-slab2-v3                                                                  174.5268   51.5835 12.9
144.141 3183 Alaska-slab2-v3                                                                  174.5859   51.6641 14.7
117.772 3184 Alaska-slab2-v3                                                                  174.6470   51.7425 17.3
 84.108 3185 Alaska-slab2-v3                                                                  174.7046   51.8197 20.5
 44.816 3186 Alaska-slab2-v3                                                                  174.7558   51.8968 24.3
193.480 3191 Alaska-slab2-v3                                                                  174.1411   51.4893  9.6
193.480 3192 Alaska-slab2-v3                                                                  174.2062   51.5679 11.5
193.480 3193 Alaska-slab2-v3                                                                  174.2673   51.6484 13.0
185.501 3194 Alaska-slab2-v3                                                                  174.3294   51.7283 14.8
152.220 3195 Alaska-slab2-v3                                                                  174.3935   51.8060 17.2
108.846 3196 Alaska-slab2-v3                                                                  174.4542   51.8825 20.4
 57.696 3197 Alaska-slab2-v3                                                                  174.5080   51.9590 24.1
238.130 3202 Alaska-slab2-v3                                                                  173.8768   51.5579  9.7
238.130 3203 Alaska-slab2-v3                                                                  173.9447   51.6355 11.5
238.130 3204 Alaska-slab2-v3                                                                  174.0086   51.7153 13.0
225.364 3205 Alaska-slab2-v3                                                                  174.0735   51.7944 14.7
185.874 3206 Alaska-slab2-v3                                                                  174.1404   51.8715 17.1
133.788 3207 Alaska-slab2-v3                                                                  174.2045   51.9474 20.1
 71.320 3208 Alaska-slab2-v3                                                                  174.2612   52.0234 23.8
238.130 3213 Alaska-slab2-v3                                                                  173.6131   51.6288  9.6
238.130 3214 Alaska-slab2-v3                                                                  173.6840   51.7054 11.5
238.130 3215 Alaska-slab2-v3                                                                  173.7507   51.7844 13.0
221.326 3216 Alaska-slab2-v3                                                                  173.8182   51.8628 14.6
183.016 3217 Alaska-slab2-v3                                                                  173.8879   51.9393 16.8
132.691 3218 Alaska-slab2-v3                                                                  173.9558   52.0146 19.7
 71.395 3219 Alaska-slab2-v3                                                                  174.0157   52.0903 23.2
238.130 3224 Alaska-slab2-v3                                                                  173.3505   51.7024  9.6
238.130 3225 Alaska-slab2-v3                                                                  173.4244   51.7780 11.4
238.130 3226 Alaska-slab2-v3                                                                  173.4938   51.8561 12.9
216.041 3227 Alaska-slab2-v3                                                                  173.5637   51.9338 14.5
178.687 3228 Alaska-slab2-v3                                                                  173.6359   52.0098 16.6
130.020 3229 Alaska-slab2-v3                                                                  173.7078   52.0843 19.3
 70.577 3230 Alaska-slab2-v3                                                                  173.7717   52.1595 22.6
238.130 3235 Alaska-slab2-v3                                                                  173.0895   51.7788  9.5
238.130 3236 Alaska-slab2-v3                                                                  173.1663   51.8534 11.3
238.130 3237 Alaska-slab2-v3                                                                  173.2383   51.9306 12.8
238.130 3238 Alaska-slab2-v3                                                                  173.3105   52.0077 14.3
217.263 3239 Alaska-slab2-v3                                                                  173.3851   52.0831 16.3
176.487 3240 Alaska-slab2-v3                                                                  173.4610   52.1566 18.8
126.949 3241 Alaska-slab2-v3                                                                  173.5291   52.2312 21.9
238.130 3247 Alaska-slab2-v3                                                                  172.8302   51.8584  9.4
238.130 3248 Alaska-slab2-v3                                                                  172.9099   51.9320 11.2
238.130 3249 Alaska-slab2-v3                                                                  172.9845   52.0084 12.6
238.130 3250 Alaska-slab2-v3                                                                  173.0592   52.0848 14.1
213.194 3251 Alaska-slab2-v3                                                                  173.1361   52.1596 15.9
172.900 3252 Alaska-slab2-v3                                                                  173.2150   52.2323 18.4
124.349 3253 Alaska-slab2-v3                                                                  173.2872   52.3060 21.3
 67.046 3254 Alaska-slab2-v3                                                                  173.3535   52.3800 24.8
238.130 3259 Alaska-slab2-v3                                                                  172.5730   51.9417  9.3
238.130 3260 Alaska-slab2-v3                                                                  172.6557   52.0142 11.0
238.130 3261 Alaska-slab2-v3                                                                  172.7327   52.0898 12.4
238.130 3262 Alaska-slab2-v3                                                                  172.8100   52.1653 13.8
210.591 3263 Alaska-slab2-v3                                                                  172.8891   52.2394 15.6
170.348 3264 Alaska-slab2-v3                                                                  172.9702   52.3115 17.9
122.262 3265 Alaska-slab2-v3                                                                  173.0462   52.3842 20.8
 66.161 3266 Alaska-slab2-v3                                                                  173.1156   52.4579 24.0
238.130 3271 Alaska-slab2-v3                                                                  172.3179   52.0289  9.1
238.130 3272 Alaska-slab2-v3                                                                  172.4036   52.1002 10.7
238.130 3273 Alaska-slab2-v3                                                                  172.4834   52.1748 12.1
238.130 3274 Alaska-slab2-v3                                                                  172.5631   52.2495 13.5
209.239 3275 Alaska-slab2-v3                                                                  172.6443   52.3229 15.2
169.142 3276 Alaska-slab2-v3                                                                  172.7276   52.3943 17.5
120.991 3277 Alaska-slab2-v3                                                                  172.8074   52.4658 20.3
 65.486 3278 Alaska-slab2-v3                                                                  172.8796   52.5389 23.5
238.130 3284 Alaska-slab2-v3                                                                  172.0646   52.1197  8.9
238.130 3285 Alaska-slab2-v3                                                                  172.1533   52.1898 10.5
238.130 3286 Alaska-slab2-v3                                                                  172.2361   52.2632 11.9
238.130 3287 Alaska-slab2-v3                                                                  172.3183   52.3369 13.2
208.845 3288 Alaska-slab2-v3                                                                  172.4015   52.4097 14.9
169.261 3289 Alaska-slab2-v3                                                                  172.4871   52.4803 17.1
121.080 3290 Alaska-slab2-v3                                                                  172.5705   52.5506 19.8
 65.197 3291 Alaska-slab2-v3                                                                  172.6457   52.6227 23.0
238.130 3297 Alaska-slab2-v3                                                                  171.8132   52.2133  8.7
238.130 3298 Alaska-slab2-v3                                                                  171.9045   52.2824 10.3
238.130 3299 Alaska-slab2-v3                                                                  171.9905   52.3544 11.6
237.488 3300 Alaska-slab2-v3                                                                  172.0751   52.4272 13.0
207.779 3301 Alaska-slab2-v3                                                                  172.1604   52.4993 14.6
169.818 3302 Alaska-slab2-v3                                                                  172.2482   52.5693 16.7
122.137 3303 Alaska-slab2-v3                                                                  172.3355   52.6382 19.3
 65.286 3304 Alaska-slab2-v3                                                                  172.4142   52.7091 22.4
238.130 3310 Alaska-slab2-v3                                                                  171.5637   52.3090  8.6
238.130 3311 Alaska-slab2-v3                                                                  171.6574   52.3771 10.1
238.130 3312 Alaska-slab2-v3                                                                  171.7461   52.4480 11.5
238.130 3313 Alaska-slab2-v3                                                                  171.8331   52.5199 12.9
238.130 3314 Alaska-slab2-v3                                                                  171.9204   52.5913 14.4
210.254 3315 Alaska-slab2-v3                                                                  172.0105   52.6608 16.3
170.852 3316 Alaska-slab2-v3                                                                  172.1019   52.7283 18.7
121.640 3317 Alaska-slab2-v3                                                                  172.1846   52.7979 21.7
238.130 3323 Alaska-slab2-v3                                                                  171.3160   52.4064  8.6
238.130 3324 Alaska-slab2-v3                                                                  171.4118   52.4735 10.1
238.130 3325 Alaska-slab2-v3                                                                  171.5029   52.5434 11.4
238.130 3326 Alaska-slab2-v3                                                                  171.5921   52.6144 12.7
235.576 3327 Alaska-slab2-v3                                                                  171.6816   52.6852 14.1
206.470 3328 Alaska-slab2-v3                                                                  171.7737   52.7542 15.9
169.363 3329 Alaska-slab2-v3                                                                  171.8682   52.8209 18.0
122.214 3330 Alaska-slab2-v3                                                                  171.9560   52.8890 20.8
 65.192 3331 Alaska-slab2-v3                                                                  172.0360   52.9587 24.1
238.130 3336 Alaska-slab2-v3                                                                  171.0693   52.5052  8.5
238.130 3337 Alaska-slab2-v3                                                                  171.1672   52.5714 10.0
238.130 3338 Alaska-slab2-v3                                                                  171.2605   52.6403 11.4
238.130 3339 Alaska-slab2-v3                                                                  171.3519   52.7105 12.6
227.293 3340 Alaska-slab2-v3                                                                  171.4435   52.7805 13.9
198.815 3341 Alaska-slab2-v3                                                                  171.5373   52.8490 15.5
162.992 3342 Alaska-slab2-v3                                                                  171.6337   52.9153 17.5
118.751 3343 Alaska-slab2-v3                                                                  171.7269   52.9819 20.0
 65.197 3344 Alaska-slab2-v3                                                                  171.8119   53.0507 23.0
