 12.961 0010 Alaska-slab2-v3                                                                  220.6551   61.0581  8.4
 12.961 0011 Alaska-slab2-v3                                                                  220.6343   61.1471  9.3
 12.961 0012 Alaska-slab2-v3                                                                  220.6074   61.2353 10.4
 12.961 0013 Alaska-slab2-v3                                                                  220.5693   61.3225 11.6
 12.961 0014 Alaska-slab2-v3                                                                  220.5225   61.4090 12.9
 12.961 0015 Alaska-slab2-v3                                                                  220.4743   61.4951 14.3
 12.323 0016 Alaska-slab2-v3                                                                  220.4241   61.5810 15.8
 11.074 0017 Alaska-slab2-v3                                                                  220.3721   61.6666 17.2
  9.833 0018 Alaska-slab2-v3                                                                  220.3182   61.7521 18.7
  8.549 0019 Alaska-slab2-v3                                                                  220.2632   61.8373 20.2
  7.170 0020 Alaska-slab2-v3                                                                  220.2086   61.9224 21.8
  5.653 0021 Alaska-slab2-v3                                                                  220.1558   62.0075 23.5
  3.964 0022 Alaska-slab2-v3                                                                  220.1051   62.0925 25.5
  2.094 0023 Alaska-slab2-v3                                                                  220.0547   62.1773 27.6
 25.922 0034 Alaska-slab2-v3                                                                  220.2091   61.0718  8.6
 25.922 0035 Alaska-slab2-v3                                                                  220.1755   61.1598  9.7
 25.922 0036 Alaska-slab2-v3                                                                  220.1353   61.2470 10.8
 25.922 0037 Alaska-slab2-v3                                                                  220.0881   61.3334 12.1
 25.922 0038 Alaska-slab2-v3                                                                  220.0377   61.4193 13.5
 25.668 0039 Alaska-slab2-v3                                                                  219.9860   61.5050 14.9
 23.120 0040 Alaska-slab2-v3                                                                  219.9318   61.5903 16.4
 20.573 0041 Alaska-slab2-v3                                                                  219.8759   61.6754 17.8
 18.043 0042 Alaska-slab2-v3                                                                  219.8172   61.7601 19.2
 15.548 0043 Alaska-slab2-v3                                                                  219.7532   61.8439 20.7
 13.036 0044 Alaska-slab2-v3                                                                  219.6859   61.9271 22.1
 10.348 0045 Alaska-slab2-v3                                                                  219.6183   62.0102 23.6
  7.309 0046 Alaska-slab2-v3                                                                  219.5570   62.0940 25.4
  3.865 0047 Alaska-slab2-v3                                                                  219.5034   62.1787 27.3
 38.884 0057 Alaska-slab2-v3                                                                  219.7710   61.0555  8.5
 38.884 0058 Alaska-slab2-v3                                                                  219.7270   61.1425  9.6
 38.884 0059 Alaska-slab2-v3                                                                  219.6794   61.2289 10.8
 38.884 0060 Alaska-slab2-v3                                                                  219.6278   61.3148 12.0
 38.884 0061 Alaska-slab2-v3                                                                  219.5751   61.4004 13.4
 38.104 0062 Alaska-slab2-v3                                                                  219.5215   61.4859 14.8
 34.369 0063 Alaska-slab2-v3                                                                  219.4654   61.5710 16.1
 30.634 0064 Alaska-slab2-v3                                                                  219.4075   61.6559 17.5
 26.872 0065 Alaska-slab2-v3                                                                  219.3493   61.7407 18.9
 23.083 0066 Alaska-slab2-v3                                                                  219.2781   61.8227 20.4
 19.213 0067 Alaska-slab2-v3                                                                  219.1912   61.9015 21.8
 15.102 0068 Alaska-slab2-v3                                                                  219.1012   61.9795 23.3
 10.587 0069 Alaska-slab2-v3                                                                  219.0213   62.0595 25.0
  5.536 0070 Alaska-slab2-v3                                                                  218.9590   62.1428 26.9
 51.845 0079 Alaska-slab2-v3                                                                  219.3506   61.0087  8.2
 51.845 0080 Alaska-slab2-v3                                                                  219.2976   61.0947  9.1
 51.845 0081 Alaska-slab2-v3                                                                  219.2445   61.1805 10.2
 51.845 0082 Alaska-slab2-v3                                                                  219.1907   61.2661 11.4
 51.845 0083 Alaska-slab2-v3                                                                  219.1363   61.3516 12.7
 51.845 0084 Alaska-slab2-v3                                                                  219.0817   61.4369 14.0
 48.251 0085 Alaska-slab2-v3                                                                  219.0245   61.5220 15.4
 43.448 0086 Alaska-slab2-v3                                                                  218.9643   61.6065 16.7
 38.536 0087 Alaska-slab2-v3                                                                  218.9032   61.6909 18.0
 33.299 0088 Alaska-slab2-v3                                                                  218.8362   61.7735 19.5
 27.629 0089 Alaska-slab2-v3                                                                  218.7403   61.8478 21.1
 21.417 0090 Alaska-slab2-v3                                                                  218.6203   61.9153 22.8
 14.735 0091 Alaska-slab2-v3                                                                  218.5128   61.9864 24.6
  7.620 0092 Alaska-slab2-v3                                                                  218.4342   62.0653 26.6
113.410 0101 Alaska-slab2-v3                                                                  218.8900   61.0211  8.6
113.410 0102 Alaska-slab2-v3                                                                  218.8295   61.1059  9.4
113.410 0103 Alaska-slab2-v3                                                                  218.7707   61.1909 10.5
113.410 0104 Alaska-slab2-v3                                                                  218.7137   61.2761 11.6
113.410 0105 Alaska-slab2-v3                                                                  218.6566   61.3611 12.9
113.410 0106 Alaska-slab2-v3                                                                  218.5991   61.4460 14.3
104.656 0107 Alaska-slab2-v3                                                                  218.5368   61.5301 15.7
 93.452 0108 Alaska-slab2-v3                                                                  218.4698   61.6133 17.1
 81.391 0109 Alaska-slab2-v3                                                                  218.4015   61.6960 18.7
 67.929 0110 Alaska-slab2-v3                                                                  218.3045   61.7669 20.4
 52.834 0111 Alaska-slab2-v3                                                                  218.1669   61.8224 22.4
 36.182 0112 Alaska-slab2-v3                                                                  218.0366   61.8811 24.5
 18.441 0113 Alaska-slab2-v3                                                                  217.9460   61.9538 26.8
162.015 0121 Alaska-slab2-v3                                                                  218.5043   60.9250  8.0
162.015 0122 Alaska-slab2-v3                                                                  218.4369   61.0086  8.8
162.015 0123 Alaska-slab2-v3                                                                  218.3694   61.0923  9.6
162.015 0124 Alaska-slab2-v3                                                                  218.3052   61.1764 10.6
162.015 0125 Alaska-slab2-v3                                                                  218.2444   61.2609 11.7
162.015 0126 Alaska-slab2-v3                                                                  218.1834   61.3453 13.1
149.442 0127 Alaska-slab2-v3                                                                  218.1209   61.4290 14.6
128.706 0128 Alaska-slab2-v3                                                                  218.0524   61.5114 16.4
106.659 0129 Alaska-slab2-v3                                                                  217.9783   61.5922 18.2
 84.016 0130 Alaska-slab2-v3                                                                  217.8777   61.6594 20.1
 59.705 0131 Alaska-slab2-v3                                                                  217.7298   61.7037 22.2
 31.700 0132 Alaska-slab2-v3                                                                  217.5842   61.7487 24.5
210.619 0140 Alaska-slab2-v3                                                                  218.0664   60.8965  8.1
210.619 0141 Alaska-slab2-v3                                                                  217.9921   60.9788  8.8
210.619 0142 Alaska-slab2-v3                                                                  217.9176   61.0610  9.6
210.619 0143 Alaska-slab2-v3                                                                  217.8476   61.1440 10.6
210.619 0144 Alaska-slab2-v3                                                                  217.7819   61.2275 11.9
208.577 0145 Alaska-slab2-v3                                                                  217.7163   61.3106 13.5
176.851 0146 Alaska-slab2-v3                                                                  217.6471   61.3922 15.6
141.826 0147 Alaska-slab2-v3                                                                  217.5723   61.4724 17.8
108.529 0148 Alaska-slab2-v3                                                                  217.4704   61.5379 19.9
 77.902 0149 Alaska-slab2-v3                                                                  217.3173   61.5752 21.9
 43.663 0150 Alaska-slab2-v3                                                                  217.1514   61.6045 24.0
259.223 0158 Alaska-slab2-v3                                                                  217.6334   60.8554  8.1
259.223 0159 Alaska-slab2-v3                                                                  217.5520   60.9361  8.8
259.223 0160 Alaska-slab2-v3                                                                  217.4711   61.0168  9.6
259.223 0161 Alaska-slab2-v3                                                                  217.3959   61.0984 10.9
259.223 0162 Alaska-slab2-v3                                                                  217.3259   61.1805 12.5
248.869 0163 Alaska-slab2-v3                                                                  217.2545   61.2616 14.6
204.494 0164 Alaska-slab2-v3                                                                  217.1779   61.3409 17.0
161.229 0165 Alaska-slab2-v3                                                                  217.0846   61.4116 19.3
125.914 0166 Alaska-slab2-v3                                                                  216.9420   61.4536 21.2
 94.666 0167 Alaska-slab2-v3                                                                  216.7619   61.4734 22.9
 54.544 0168 Alaska-slab2-v3                                                                  216.6118   61.5073 25.1
259.223 0176 Alaska-slab2-v3                                                                  217.2052   60.8027  8.5
259.223 0177 Alaska-slab2-v3                                                                  217.1176   60.8817  9.3
259.223 0178 Alaska-slab2-v3                                                                  217.0329   60.9613 10.2
259.223 0179 Alaska-slab2-v3                                                                  216.9532   61.0417 11.6
259.223 0180 Alaska-slab2-v3                                                                  216.8765   61.1221 13.4
223.751 0181 Alaska-slab2-v3                                                                  216.7970   61.2010 15.7
177.646 0182 Alaska-slab2-v3                                                                  216.7131   61.2785 18.1
136.810 0183 Alaska-slab2-v3                                                                  216.5955   61.3366 20.3
106.136 0184 Alaska-slab2-v3                                                                  216.4299   61.3663 21.9
 79.225 0185 Alaska-slab2-v3                                                                  216.2488   61.3865 23.3
 45.352 0186 Alaska-slab2-v3                                                                  216.0992   61.4223 25.1
259.223 0193 Alaska-slab2-v3                                                                  216.8900   60.6628  8.8
259.223 0194 Alaska-slab2-v3                                                                  216.7993   60.7407  9.6
259.223 0195 Alaska-slab2-v3                                                                  216.7064   60.8182 10.4
259.223 0196 Alaska-slab2-v3                                                                  216.6152   60.8960 11.4
259.223 0197 Alaska-slab2-v3                                                                  216.5257   60.9741 12.6
253.385 0198 Alaska-slab2-v3                                                                  216.4367   61.0516 14.3
213.903 0199 Alaska-slab2-v3                                                                  216.3478   61.1284 16.4
171.271 0200 Alaska-slab2-v3                                                                  216.2579   61.2046 18.7
134.755 0201 Alaska-slab2-v3                                                                  216.1302   61.2605 20.7
108.064 0202 Alaska-slab2-v3                                                                  215.9612   61.2941 22.1
 86.748 0203 Alaska-slab2-v3                                                                  215.7879   61.3256 23.3
 63.949 0204 Alaska-slab2-v3                                                                  215.6272   61.3632 24.5
 35.218 0205 Alaska-slab2-v3                                                                  215.5201   61.4241 26.1
259.223 0211 Alaska-slab2-v3                                                                  216.6061   60.5129  9.0
259.223 0212 Alaska-slab2-v3                                                                  216.5155   60.5902 10.2
259.223 0213 Alaska-slab2-v3                                                                  216.4176   60.6658 11.1
259.223 0214 Alaska-slab2-v3                                                                  216.3169   60.7408 12.0
259.223 0215 Alaska-slab2-v3                                                                  216.2154   60.8156 12.9
259.223 0216 Alaska-slab2-v3                                                                  216.1141   60.8903 13.9
240.159 0217 Alaska-slab2-v3                                                                  216.0149   60.9652 15.4
207.812 0218 Alaska-slab2-v3                                                                  215.9183   61.0404 17.2
174.201 0219 Alaska-slab2-v3                                                                  215.8221   61.1157 19.0
145.469 0220 Alaska-slab2-v3                                                                  215.6984   61.1783 20.6
123.603 0221 Alaska-slab2-v3                                                                  215.5460   61.2279 21.9
106.617 0222 Alaska-slab2-v3                                                                  215.3916   61.2771 22.8
 91.257 0223 Alaska-slab2-v3                                                                  215.2367   61.3261 23.6
 73.909 0224 Alaska-slab2-v3                                                                  215.1030   61.3829 24.6
 52.586 0225 Alaska-slab2-v3                                                                  215.0094   61.4532 25.8
 27.648 0226 Alaska-slab2-v3                                                                  214.9600   61.5353 27.2
