  4.279 2160 Alaska-slab2-v3                                                                  195.9164   52.7538  8.8
  1.376 2161 Alaska-slab2-v3                                                                  195.8277   52.8066 13.0
  0.228 2162 Alaska-slab2-v3                                                                  195.7503   52.8815 14.6
  2.132 2164 Alaska-slab2-v3                                                                  195.5985   53.0359 15.8
  1.170 2165 Alaska-slab2-v3                                                                  195.5310   53.1146 17.7
  4.349 2175 Alaska-slab2-v3                                                                  195.6419   52.6846  8.7
  1.554 2176 Alaska-slab2-v3                                                                  195.5535   52.7408 12.7
  0.368 2177 Alaska-slab2-v3                                                                  195.4769   52.8160 14.4
  2.872 2179 Alaska-slab2-v3                                                                  195.3277   52.9711 15.9
  2.009 2180 Alaska-slab2-v3                                                                  195.2615   53.0502 17.7
  0.981 2181 Alaska-slab2-v3                                                                  195.1957   53.1287 19.9
  4.457 2190 Alaska-slab2-v3                                                                  195.3701   52.6129  8.4
  1.819 2191 Alaska-slab2-v3                                                                  195.2821   52.6730 12.2
  0.553 2192 Alaska-slab2-v3                                                                  195.2065   52.7485 14.0
  2.802 2194 Alaska-slab2-v3                                                                  195.0595   52.9040 15.9
  1.950 2195 Alaska-slab2-v3                                                                  194.9946   52.9835 17.7
  0.961 2196 Alaska-slab2-v3                                                                  194.9299   53.0626 19.8
  4.540 2205 Alaska-slab2-v3                                                                  195.1009   52.5389  8.2
  2.071 2206 Alaska-slab2-v3                                                                  195.0141   52.6025 11.6
  0.719 2207 Alaska-slab2-v3                                                                  194.9402   52.6785 13.5
  2.772 2209 Alaska-slab2-v3                                                                  194.7952   52.8344 15.7
  1.933 2210 Alaska-slab2-v3                                                                  194.7309   52.9142 17.5
  0.959 2211 Alaska-slab2-v3                                                                  194.6671   52.9936 19.5
  8.003 2220 Alaska-slab2-v3                                                                  194.8340   52.4634  7.9
  3.925 2221 Alaska-slab2-v3                                                                  194.7491   52.5299 11.1
  1.465 2222 Alaska-slab2-v3                                                                  194.6767   52.6063 13.1
  2.800 2224 Alaska-slab2-v3                                                                  194.5343   52.7630 15.4
  1.976 2225 Alaska-slab2-v3                                                                  194.4699   52.8428 17.1
  0.995 2226 Alaska-slab2-v3                                                                  194.4069   52.9224 19.1
 11.366 2235 Alaska-slab2-v3                                                                  194.5680   52.3876  7.8
  5.786 2236 Alaska-slab2-v3                                                                  194.4852   52.4562 10.8
  2.221 2237 Alaska-slab2-v3                                                                  194.4138   52.5328 12.7
  2.840 2239 Alaska-slab2-v3                                                                  194.2746   52.6905 15.0
  2.040 2240 Alaska-slab2-v3                                                                  194.2100   52.7703 16.6
  1.050 2241 Alaska-slab2-v3                                                                  194.1478   52.8502 18.6
 16.107 2250 Alaska-slab2-v3                                                                  194.3010   52.3122  7.7
  9.573 2251 Alaska-slab2-v3                                                                  194.2199   52.3821 10.5
  5.255 2252 Alaska-slab2-v3                                                                  194.1497   52.4592 12.4
  2.513 2253 Alaska-slab2-v3                                                                  194.0814   52.5384 13.6
  2.089 2255 Alaska-slab2-v3                                                                  193.9493   52.6979 16.2
  1.096 2256 Alaska-slab2-v3                                                                  193.8879   52.7780 18.2
 19.671 2265 Alaska-slab2-v3                                                                  194.0320   52.2386  7.6
 11.700 2266 Alaska-slab2-v3                                                                  193.9525   52.3094 10.4
  6.348 2267 Alaska-slab2-v3                                                                  193.8835   52.3869 12.3
  2.989 2268 Alaska-slab2-v3                                                                  193.8169   52.4665 13.5
  2.111 2270 Alaska-slab2-v3                                                                  193.6866   52.6267 16.0
  1.130 2271 Alaska-slab2-v3                                                                  193.6262   52.7072 17.9
 19.596 2279 Alaska-slab2-v3                                                                  193.7606   52.1681  7.6
 11.569 2280 Alaska-slab2-v3                                                                  193.6826   52.2395 10.4
  6.227 2281 Alaska-slab2-v3                                                                  193.6149   52.3174 12.3
  2.914 2282 Alaska-slab2-v3                                                                  193.5495   52.3974 13.5
  2.125 2284 Alaska-slab2-v3                                                                  193.4213   52.5583 15.9
  1.145 2285 Alaska-slab2-v3                                                                  193.3621   52.6391 17.8
 19.570 2293 Alaska-slab2-v3                                                                  193.4869   52.1014  7.7
 11.480 2294 Alaska-slab2-v3                                                                  193.4102   52.1732 10.5
  6.125 2295 Alaska-slab2-v3                                                                  193.3439   52.2515 12.4
  2.849 2296 Alaska-slab2-v3                                                                  193.2795   52.3318 13.5
  2.124 2298 Alaska-slab2-v3                                                                  193.1537   52.4933 15.9
  1.142 2299 Alaska-slab2-v3                                                                  193.0957   52.5744 17.8
 19.633 2307 Alaska-slab2-v3                                                                  193.2114   52.0382  7.7
 11.474 2308 Alaska-slab2-v3                                                                  193.1360   52.1104 10.6
  6.148 2309 Alaska-slab2-v3                                                                  193.0709   52.1890 12.4
  2.918 2310 Alaska-slab2-v3                                                                  193.0074   52.2696 13.6
  2.120 2312 Alaska-slab2-v3                                                                  192.8841   52.4317 16.0
  1.129 2313 Alaska-slab2-v3                                                                  192.8274   52.5130 18.0
 19.691 2321 Alaska-slab2-v3                                                                  192.9351   51.9779  7.7
 11.628 2322 Alaska-slab2-v3                                                                  192.8611   52.0507 10.5
  6.309 2323 Alaska-slab2-v3                                                                  192.7969   52.1296 12.4
  3.027 2324 Alaska-slab2-v3                                                                  192.7344   52.2105 13.6
  3.710 2326 Alaska-slab2-v3                                                                  192.6135   52.3730 16.1
  1.949 2327 Alaska-slab2-v3                                                                  192.5579   52.4546 18.1
 19.710 2335 Alaska-slab2-v3                                                                  192.6588   51.9199  7.6
 11.883 2336 Alaska-slab2-v3                                                                  192.5868   51.9938 10.3
  6.599 2337 Alaska-slab2-v3                                                                  192.5234   52.0730 12.2
  3.171 2338 Alaska-slab2-v3                                                                  192.4622   52.1542 13.4
  5.397 2340 Alaska-slab2-v3                                                                  192.3430   52.3171 16.0
  2.839 2341 Alaska-slab2-v3                                                                  192.2883   52.3988 18.0
 19.626 2349 Alaska-slab2-v3                                                                  192.3835   51.8632  7.4
 12.215 2350 Alaska-slab2-v3                                                                  192.3141   51.9389 10.0
  6.942 2351 Alaska-slab2-v3                                                                  192.2517   52.0185 11.8
  3.339 2352 Alaska-slab2-v3                                                                  192.1922   52.1001 13.0
  7.267 2354 Alaska-slab2-v3                                                                  192.0749   52.2635 15.6
  3.878 2355 Alaska-slab2-v3                                                                  192.0201   52.3451 17.7
 19.466 2363 Alaska-slab2-v3                                                                  192.1090   51.8066  7.2
 12.644 2364 Alaska-slab2-v3                                                                  192.0433   51.8843  9.5
  7.429 2365 Alaska-slab2-v3                                                                  191.9823   51.9645 11.2
  3.548 2366 Alaska-slab2-v3                                                                  191.9245   52.0465 12.5
 12.900 2368 Alaska-slab2-v3                                                                  191.8094   52.2105 15.1
  9.255 2369 Alaska-slab2-v3                                                                  191.7544   52.2923 17.0
  4.854 2370 Alaska-slab2-v3                                                                  191.7002   52.3734 19.4
 16.827 2377 Alaska-slab2-v3                                                                  191.8351   51.7486  7.1
 12.828 2378 Alaska-slab2-v3                                                                  191.7736   51.8283  9.0
  9.060 2379 Alaska-slab2-v3                                                                  191.7145   51.9093 10.6
  6.009 2380 Alaska-slab2-v3                                                                  191.6577   51.9915 12.0
  3.213 2381 Alaska-slab2-v3                                                                  191.6008   52.0738 13.2
  9.600 2383 Alaska-slab2-v3                                                                  191.4894   52.2379 16.3
  5.219 2384 Alaska-slab2-v3                                                                  191.4364   52.3195 18.6
 12.943 2391 Alaska-slab2-v3                                                                  191.5618   51.6883  6.9
 10.135 2392 Alaska-slab2-v3                                                                  191.5042   51.7695  8.6
  7.318 2393 Alaska-slab2-v3                                                                  191.4470   51.8512 10.1
  4.866 2394 Alaska-slab2-v3                                                                  191.3907   51.9335 11.5
  2.525 2395 Alaska-slab2-v3                                                                  191.3344   52.0158 12.8
  9.611 2397 Alaska-slab2-v3                                                                  191.2237   52.1804 15.8
  5.368 2398 Alaska-slab2-v3                                                                  191.1719   52.2625 17.9
  9.060 2404 Alaska-slab2-v3                                                                  191.2896   51.6250  6.8
  7.251 2405 Alaska-slab2-v3                                                                  191.2343   51.7071  8.3
  5.357 2406 Alaska-slab2-v3                                                                  191.1788   51.7894  9.8
  3.593 2407 Alaska-slab2-v3                                                                  191.1231   51.8718 11.1
  1.868 2408 Alaska-slab2-v3                                                                  191.0673   51.9542 12.4
  9.591 2410 Alaska-slab2-v3                                                                  190.9577   52.1189 15.5
  5.370 2411 Alaska-slab2-v3                                                                  190.9069   52.2013 17.6
  5.177 2417 Alaska-slab2-v3                                                                  191.0187   51.5590  6.7
  4.162 2418 Alaska-slab2-v3                                                                  190.9645   51.6415  8.2
  3.116 2419 Alaska-slab2-v3                                                                  190.9099   51.7241  9.6
  2.115 2420 Alaska-slab2-v3                                                                  190.8552   51.8068 10.9
  1.107 2421 Alaska-slab2-v3                                                                  190.8003   51.8894 12.2
  9.784 2423 Alaska-slab2-v3                                                                  190.6924   52.0543 15.4
  5.427 2424 Alaska-slab2-v3                                                                  190.6429   52.1369 17.5
  5.177 2430 Alaska-slab2-v3                                                                  190.7489   51.4914  6.7
  4.140 2431 Alaska-slab2-v3                                                                  190.6952   51.5741  8.1
  3.115 2432 Alaska-slab2-v3                                                                  190.6413   51.6569  9.5
  2.128 2433 Alaska-slab2-v3                                                                  190.5875   51.7398 10.8
  1.125 2434 Alaska-slab2-v3                                                                  190.5337   51.8227 12.1
 10.079 2436 Alaska-slab2-v3                                                                  190.4282   51.9881 15.3
  5.520 2437 Alaska-slab2-v3                                                                  190.3804   52.0708 17.6
  5.177 2443 Alaska-slab2-v3                                                                  190.4797   51.4236  6.7
  4.130 2444 Alaska-slab2-v3                                                                  190.4265   51.5064  8.1
  3.090 2445 Alaska-slab2-v3                                                                  190.3732   51.5893  9.5
  2.111 2446 Alaska-slab2-v3                                                                  190.3203   51.6724 10.8
  1.124 2447 Alaska-slab2-v3                                                                  190.2676   51.7556 12.1
 10.218 2449 Alaska-slab2-v3                                                                  190.1648   51.9215 15.4
  5.586 2450 Alaska-slab2-v3                                                                  190.1187   52.0044 17.6
  5.177 2456 Alaska-slab2-v3                                                                  190.2103   51.3567  6.8
  4.124 2457 Alaska-slab2-v3                                                                  190.1579   51.4396  8.2
  3.066 2458 Alaska-slab2-v3                                                                  190.1055   51.5226  9.6
  2.085 2459 Alaska-slab2-v3                                                                  190.0536   51.6059 10.9
  1.103 2460 Alaska-slab2-v3                                                                  190.0020   51.6893 12.2
 10.118 2462 Alaska-slab2-v3                                                                  189.9018   51.8558 15.5
  5.563 2463 Alaska-slab2-v3                                                                  189.8574   51.9391 17.8
