 18.087 0905 Alaska-slab2-v3                                                                  211.8526   57.5663  8.1
 18.087 0906 Alaska-slab2-v3                                                                  211.7178   57.6189  9.4
 18.087 0907 Alaska-slab2-v3                                                                  211.5824   57.6714 10.6
 18.087 0908 Alaska-slab2-v3                                                                  211.4462   57.7238 11.5
 18.087 0909 Alaska-slab2-v3                                                                  211.3094   57.7761 12.4
 18.087 0910 Alaska-slab2-v3                                                                  211.1721   57.8283 13.1
 18.087 0911 Alaska-slab2-v3                                                                  211.0343   57.8803 13.7
 18.087 0912 Alaska-slab2-v3                                                                  210.8961   57.9322 14.3
 17.715 0913 Alaska-slab2-v3                                                                  210.7591   57.9852 14.9
 16.972 0914 Alaska-slab2-v3                                                                  210.6275   58.0418 15.5
 16.204 0915 Alaska-slab2-v3                                                                  210.4993   58.1009 16.1
 15.386 0916 Alaska-slab2-v3                                                                  210.3708   58.1598 16.8
 14.519 0917 Alaska-slab2-v3                                                                  210.2419   58.2186 17.5
 13.627 0918 Alaska-slab2-v3                                                                  210.1125   58.2773 18.2
 12.686 0919 Alaska-slab2-v3                                                                  209.9828   58.3358 19.0
 11.695 0920 Alaska-slab2-v3                                                                  209.8510   58.3930 19.8
 18.087 0939 Alaska-slab2-v3                                                                  211.4814   57.4929  9.1
 18.087 0940 Alaska-slab2-v3                                                                  211.3469   57.5459 10.2
 18.087 0941 Alaska-slab2-v3                                                                  211.2112   57.5983 11.2
 18.087 0942 Alaska-slab2-v3                                                                  211.0747   57.6504 12.1
 18.087 0943 Alaska-slab2-v3                                                                  210.9378   57.7023 12.9
 18.087 0944 Alaska-slab2-v3                                                                  210.8003   57.7542 13.7
 18.087 0945 Alaska-slab2-v3                                                                  210.6624   57.8059 14.4
 17.775 0946 Alaska-slab2-v3                                                                  210.5277   57.8598 15.0
 16.955 0947 Alaska-slab2-v3                                                                  210.3991   57.9180 15.7
 16.134 0948 Alaska-slab2-v3                                                                  210.2732   57.9782 16.4
 15.302 0949 Alaska-slab2-v3                                                                  210.1468   58.0382 17.0
 14.433 0950 Alaska-slab2-v3                                                                  210.0201   58.0980 17.8
 13.551 0951 Alaska-slab2-v3                                                                  209.8930   58.1578 18.5
 12.633 0952 Alaska-slab2-v3                                                                  209.7654   58.2174 19.2
 18.087 0972 Alaska-slab2-v3                                                                  211.2308   57.3710  9.0
 18.087 0973 Alaska-slab2-v3                                                                  211.0969   57.4240 10.1
 18.087 0974 Alaska-slab2-v3                                                                  210.9619   57.4765 11.1
 18.087 0975 Alaska-slab2-v3                                                                  210.8263   57.5288 12.1
 18.087 0976 Alaska-slab2-v3                                                                  210.6901   57.5810 12.9
 18.087 0977 Alaska-slab2-v3                                                                  210.5535   57.6331 13.7
 17.730 0978 Alaska-slab2-v3                                                                  210.4165   57.6851 14.5
 16.814 0979 Alaska-slab2-v3                                                                  210.2846   57.7406 15.2
 15.923 0980 Alaska-slab2-v3                                                                  210.1595   57.8006 15.9
 15.058 0981 Alaska-slab2-v3                                                                  210.0354   57.8616 16.6
 14.179 0982 Alaska-slab2-v3                                                                  209.9110   57.9225 17.3
 13.314 0983 Alaska-slab2-v3                                                                  209.7861   57.9832 18.0
 12.423 0984 Alaska-slab2-v3                                                                  209.6608   58.0438 18.7
 11.506 0985 Alaska-slab2-v3                                                                  209.5351   58.1043 19.4
 18.087 1004 Alaska-slab2-v3                                                                  210.9669   57.2526  9.2
 18.087 1005 Alaska-slab2-v3                                                                  210.8334   57.3056 10.3
 18.087 1006 Alaska-slab2-v3                                                                  210.7011   57.3598 11.3
 18.087 1007 Alaska-slab2-v3                                                                  210.5684   57.4139 12.2
 18.087 1008 Alaska-slab2-v3                                                                  210.4353   57.4680 13.0
 18.087 1009 Alaska-slab2-v3                                                                  210.3017   57.5220 13.7
 18.087 1010 Alaska-slab2-v3                                                                  210.1676   57.5759 14.5
 17.329 1011 Alaska-slab2-v3                                                                  210.0377   57.6325 15.2
 16.458 1012 Alaska-slab2-v3                                                                  209.9135   57.6930 15.9
 15.576 1013 Alaska-slab2-v3                                                                  209.7905   57.7543 16.6
 14.693 1014 Alaska-slab2-v3                                                                  209.6671   57.8155 17.3
 13.798 1015 Alaska-slab2-v3                                                                  209.5433   57.8766 18.0
 12.916 1016 Alaska-slab2-v3                                                                  209.4190   57.9376 18.7
 12.021 1017 Alaska-slab2-v3                                                                  209.2944   57.9985 19.4
 18.087 1035 Alaska-slab2-v3                                                                  210.8281   57.0879  8.2
 18.087 1036 Alaska-slab2-v3                                                                  210.6921   57.1379  9.5
 18.087 1037 Alaska-slab2-v3                                                                  210.5617   57.1925 10.6
 18.087 1038 Alaska-slab2-v3                                                                  210.4359   57.2507 11.6
 18.087 1039 Alaska-slab2-v3                                                                  210.3097   57.3090 12.3
 18.087 1040 Alaska-slab2-v3                                                                  210.1830   57.3673 13.0
 18.087 1041 Alaska-slab2-v3                                                                  210.0559   57.4255 13.6
 18.087 1042 Alaska-slab2-v3                                                                  209.9283   57.4835 14.2
 17.415 1043 Alaska-slab2-v3                                                                  209.8016   57.5422 14.8
 16.566 1044 Alaska-slab2-v3                                                                  209.6765   57.6020 15.5
 15.628 1045 Alaska-slab2-v3                                                                  209.5515   57.6619 16.2
 14.614 1046 Alaska-slab2-v3                                                                  209.4259   57.7216 17.0
 13.575 1047 Alaska-slab2-v3                                                                  209.2999   57.7811 17.8
 12.535 1048 Alaska-slab2-v3                                                                  209.1735   57.8405 18.6
 11.521 1049 Alaska-slab2-v3                                                                  209.0467   57.8997 19.5
 18.087 1066 Alaska-slab2-v3                                                                  210.5480   56.9808  8.4
 18.087 1067 Alaska-slab2-v3                                                                  210.4119   57.0299  9.8
 18.087 1068 Alaska-slab2-v3                                                                  210.2868   57.0872 10.9
 18.087 1069 Alaska-slab2-v3                                                                  210.1685   57.1498 11.8
 18.087 1070 Alaska-slab2-v3                                                                  210.0496   57.2125 12.4
 18.087 1071 Alaska-slab2-v3                                                                  209.9302   57.2750 12.9
 18.087 1072 Alaska-slab2-v3                                                                  209.8103   57.3375 13.4
 18.087 1073 Alaska-slab2-v3                                                                  209.6901   57.3999 13.8
 17.825 1074 Alaska-slab2-v3                                                                  209.5694   57.4622 14.3
 17.044 1075 Alaska-slab2-v3                                                                  209.4478   57.5238 14.9
 16.072 1076 Alaska-slab2-v3                                                                  209.3210   57.5823 15.7
 14.920 1077 Alaska-slab2-v3                                                                  209.1897   57.6379 16.6
 13.653 1078 Alaska-slab2-v3                                                                  209.0581   57.6934 17.6
 12.386 1079 Alaska-slab2-v3                                                                  208.9260   57.7487 18.6
 11.171 1080 Alaska-slab2-v3                                                                  208.7936   57.8039 19.5
 18.087 1096 Alaska-slab2-v3                                                                  210.2708   56.8864  8.3
 18.087 1097 Alaska-slab2-v3                                                                  210.1362   56.9367  9.6
 18.087 1098 Alaska-slab2-v3                                                                  210.0128   56.9950 10.7
 18.087 1099 Alaska-slab2-v3                                                                  209.8978   57.0594 11.5
 18.087 1100 Alaska-slab2-v3                                                                  209.7823   57.1238 12.1
 18.087 1101 Alaska-slab2-v3                                                                  209.6663   57.1881 12.6
 18.087 1102 Alaska-slab2-v3                                                                  209.5498   57.2524 13.0
 18.087 1103 Alaska-slab2-v3                                                                  209.4329   57.3166 13.4
 18.087 1104 Alaska-slab2-v3                                                                  209.3157   57.3806 13.9
 17.555 1105 Alaska-slab2-v3                                                                  209.1981   57.4444 14.5
 16.453 1106 Alaska-slab2-v3                                                                  209.0722   57.5028 15.4
 15.082 1107 Alaska-slab2-v3                                                                  208.9368   57.5550 16.5
 13.570 1108 Alaska-slab2-v3                                                                  208.8000   57.6062 17.6
 12.045 1109 Alaska-slab2-v3                                                                  208.6628   57.6573 18.8
 10.648 1110 Alaska-slab2-v3                                                                  208.5262   57.7091 19.9
 18.087 1126 Alaska-slab2-v3                                                                  209.8744   56.8602  9.1
 18.087 1127 Alaska-slab2-v3                                                                  209.7519   56.9196 10.1
 18.087 1128 Alaska-slab2-v3                                                                  209.6341   56.9823 10.9
 18.087 1129 Alaska-slab2-v3                                                                  209.5161   57.0452 11.5
 18.087 1130 Alaska-slab2-v3                                                                  209.3976   57.1080 12.0
 18.087 1131 Alaska-slab2-v3                                                                  209.2787   57.1707 12.5
 18.087 1132 Alaska-slab2-v3                                                                  209.1594   57.2333 13.0
 18.087 1133 Alaska-slab2-v3                                                                  209.0398   57.2957 13.7
 17.588 1134 Alaska-slab2-v3                                                                  208.9194   57.3575 14.5
 16.218 1135 Alaska-slab2-v3                                                                  208.7913   57.4141 15.6
 14.580 1136 Alaska-slab2-v3                                                                  208.6549   57.4649 16.9
 12.852 1137 Alaska-slab2-v3                                                                  208.5171   57.5147 18.2
 11.187 1138 Alaska-slab2-v3                                                                  208.3798   57.5651 19.5
 18.087 1155 Alaska-slab2-v3                                                                  209.6138   56.7850  8.6
 18.087 1156 Alaska-slab2-v3                                                                  209.4968   56.8478  9.5
 18.087 1157 Alaska-slab2-v3                                                                  209.3777   56.9096 10.4
 18.087 1158 Alaska-slab2-v3                                                                  209.2553   56.9697 11.1
 18.087 1159 Alaska-slab2-v3                                                                  209.1314   57.0291 11.7
 18.087 1160 Alaska-slab2-v3                                                                  209.0072   57.0883 12.4
 18.087 1161 Alaska-slab2-v3                                                                  208.8826   57.1474 13.1
 18.087 1162 Alaska-slab2-v3                                                                  208.7578   57.2063 14.0
 17.850 1163 Alaska-slab2-v3                                                                  208.6310   57.2637 15.1
 16.298 1164 Alaska-slab2-v3                                                                  208.4990   57.3173 16.4
 14.613 1165 Alaska-slab2-v3                                                                  208.3638   57.3687 17.8
 12.951 1166 Alaska-slab2-v3                                                                  208.2285   57.4201 19.1
 18.087 1183 Alaska-slab2-v3                                                                  209.3362   56.6985  8.4
 18.087 1184 Alaska-slab2-v3                                                                  209.2227   56.7631  9.3
 18.087 1185 Alaska-slab2-v3                                                                  209.1047   56.8252 10.2
 18.087 1186 Alaska-slab2-v3                                                                  208.9805   56.8838 11.0
 18.087 1187 Alaska-slab2-v3                                                                  208.8540   56.9412 11.9
 18.087 1188 Alaska-slab2-v3                                                                  208.7273   56.9984 12.8
 18.087 1189 Alaska-slab2-v3                                                                  208.6002   57.0555 13.8
 17.760 1190 Alaska-slab2-v3                                                                  208.4722   57.1118 14.9
 16.255 1191 Alaska-slab2-v3                                                                  208.3419   57.1666 16.1
 14.627 1192 Alaska-slab2-v3                                                                  208.2099   57.2201 17.5
 13.012 1193 Alaska-slab2-v3                                                                  208.0774   57.2733 18.8
 18.087 1210 Alaska-slab2-v3                                                                  209.0493   56.6043  8.6
 18.087 1211 Alaska-slab2-v3                                                                  208.9339   56.6675  9.7
 18.087 1212 Alaska-slab2-v3                                                                  208.8140   56.7282 10.7
 18.087 1213 Alaska-slab2-v3                                                                  208.6901   56.7867 11.7
 18.087 1214 Alaska-slab2-v3                                                                  208.5650   56.8445 12.7
 18.087 1215 Alaska-slab2-v3                                                                  208.4395   56.9022 13.7
 17.430 1216 Alaska-slab2-v3                                                                  208.3132   56.9594 14.8
 15.978 1217 Alaska-slab2-v3                                                                  208.1854   57.0156 16.0
 14.487 1218 Alaska-slab2-v3                                                                  208.0563   57.0710 17.2
 12.984 1219 Alaska-slab2-v3                                                                  207.9267   57.1262 18.4
 11.532 1220 Alaska-slab2-v3                                                                  207.7970   57.1815 19.5
 18.087 1236 Alaska-slab2-v3                                                                  208.8802   56.4447  8.1
 18.087 1237 Alaska-slab2-v3                                                                  208.7647   56.5072  9.4
 18.087 1238 Alaska-slab2-v3                                                                  208.6463   56.5684 10.6
 18.087 1239 Alaska-slab2-v3                                                                  208.5248   56.6279 11.7
 18.087 1240 Alaska-slab2-v3                                                                  208.4020   56.6869 12.7
 18.087 1241 Alaska-slab2-v3                                                                  208.2787   56.7458 13.7
 18.087 1242 Alaska-slab2-v3                                                                  208.1550   56.8045 14.6
 16.861 1243 Alaska-slab2-v3                                                                  208.0304   56.8627 15.7
 15.566 1244 Alaska-slab2-v3                                                                  207.9047   56.9202 16.7
 14.248 1245 Alaska-slab2-v3                                                                  207.7785   56.9776 17.8
 12.941 1246 Alaska-slab2-v3                                                                  207.6520   57.0348 18.9
 11.672 1247 Alaska-slab2-v3                                                                  207.5256   57.0923 19.9
 14.696 1262 Alaska-slab2-v3                                                                  208.5983   56.3460  8.8
 14.696 1263 Alaska-slab2-v3                                                                  208.4812   56.4069 10.4
 14.696 1264 Alaska-slab2-v3                                                                  208.3622   56.4673 11.7
 14.696 1265 Alaska-slab2-v3                                                                  208.2418   56.5275 12.7
 14.696 1266 Alaska-slab2-v3                                                                  208.1208   56.5876 13.5
 14.696 1267 Alaska-slab2-v3                                                                  207.9993   56.6476 14.3
 14.538 1268 Alaska-slab2-v3                                                                  207.8776   56.7076 15.1
 13.682 1269 Alaska-slab2-v3                                                                  207.7556   56.7674 16.0
 12.748 1270 Alaska-slab2-v3                                                                  207.6333   56.8270 16.9
 11.764 1271 Alaska-slab2-v3                                                                  207.5107   56.8865 17.9
 10.761 1272 Alaska-slab2-v3                                                                  207.3876   56.9458 18.9
  9.768 1273 Alaska-slab2-v3                                                                  207.2645   57.0052 20.0
 11.304 1287 Alaska-slab2-v3                                                                  208.3171   56.2446  9.4
 11.304 1288 Alaska-slab2-v3                                                                  208.2000   56.3048 11.1
 11.304 1289 Alaska-slab2-v3                                                                  208.0836   56.3666 12.4
 11.304 1290 Alaska-slab2-v3                                                                  207.9663   56.4286 13.3
 11.304 1291 Alaska-slab2-v3                                                                  207.8484   56.4905 13.9
 11.166 1292 Alaska-slab2-v3                                                                  207.7301   56.5524 14.5
 10.693 1293 Alaska-slab2-v3                                                                  207.6114   56.6141 15.1
 10.101 1294 Alaska-slab2-v3                                                                  207.4923   56.6756 15.9
  9.399 1295 Alaska-slab2-v3                                                                  207.3729   56.7369 16.7
  8.625 1296 Alaska-slab2-v3                                                                  207.2532   56.7980 17.7
  7.797 1297 Alaska-slab2-v3                                                                  207.1331   56.8590 18.8
  6.968 1298 Alaska-slab2-v3                                                                  207.0125   56.9197 19.8
  7.913 1312 Alaska-slab2-v3                                                                  208.0398   56.1434  9.6
  7.913 1313 Alaska-slab2-v3                                                                  207.9244   56.2042 11.4
  7.913 1314 Alaska-slab2-v3                                                                  207.8116   56.2679 12.6
  7.913 1315 Alaska-slab2-v3                                                                  207.6980   56.3317 13.5
  7.913 1316 Alaska-slab2-v3                                                                  207.5837   56.3957 14.0
  7.913 1317 Alaska-slab2-v3                                                                  207.4690   56.4595 14.5
  7.726 1318 Alaska-slab2-v3                                                                  207.3537   56.5231 14.9
  7.374 1319 Alaska-slab2-v3                                                                  207.2369   56.5859 15.6
  6.913 1320 Alaska-slab2-v3                                                                  207.1192   56.6480 16.5
  6.377 1321 Alaska-slab2-v3                                                                  207.0012   56.7100 17.4
  5.792 1322 Alaska-slab2-v3                                                                  206.8829   56.7717 18.5
  5.185 1323 Alaska-slab2-v3                                                                  206.7640   56.8332 19.6
  4.522 1336 Alaska-slab2-v3                                                                  207.7667   56.0430  9.5
  4.522 1337 Alaska-slab2-v3                                                                  207.6526   56.1043 11.3
  4.522 1338 Alaska-slab2-v3                                                                  207.5425   56.1693 12.5
  4.522 1339 Alaska-slab2-v3                                                                  207.4315   56.2344 13.4
  4.522 1340 Alaska-slab2-v3                                                                  207.3199   56.2996 13.9
  4.419 1341 Alaska-slab2-v3                                                                  207.2079   56.3648 14.4
  4.264 1342 Alaska-slab2-v3                                                                  207.0952   56.4297 14.8
  4.061 1343 Alaska-slab2-v3                                                                  206.9806   56.4935 15.5
  3.790 1344 Alaska-slab2-v3                                                                  206.8642   56.5562 16.3
  3.468 1345 Alaska-slab2-v3                                                                  206.7475   56.6188 17.3
  3.107 1346 Alaska-slab2-v3                                                                  206.6307   56.6812 18.4
  2.723 1347 Alaska-slab2-v3                                                                  206.5132   56.7432 19.6
  4.522 1360 Alaska-slab2-v3                                                                  207.4972   55.9427  9.3
  4.522 1361 Alaska-slab2-v3                                                                  207.3835   56.0042 11.0
  4.522 1362 Alaska-slab2-v3                                                                  207.2747   56.0698 12.2
  4.522 1363 Alaska-slab2-v3                                                                  207.1652   56.1355 13.1
  4.522 1364 Alaska-slab2-v3                                                                  207.0551   56.2013 13.7
  4.522 1365 Alaska-slab2-v3                                                                  206.9445   56.2670 14.2
  4.444 1366 Alaska-slab2-v3                                                                  206.8334   56.3326 14.8
  4.229 1367 Alaska-slab2-v3                                                                  206.7205   56.3971 15.5
  3.952 1368 Alaska-slab2-v3                                                                  206.6060   56.4607 16.4
  3.629 1369 Alaska-slab2-v3                                                                  206.4913   56.5241 17.4
  3.268 1370 Alaska-slab2-v3                                                                  206.3763   56.5873 18.6
  2.885 1371 Alaska-slab2-v3                                                                  206.2604   56.6500 19.8
  4.522 1384 Alaska-slab2-v3                                                                  207.2316   55.8425  9.0
  4.522 1385 Alaska-slab2-v3                                                                  207.1181   55.9043 10.6
  4.522 1386 Alaska-slab2-v3                                                                  207.0097   55.9699 11.9
  4.522 1387 Alaska-slab2-v3                                                                  206.9012   56.0360 12.8
  4.522 1388 Alaska-slab2-v3                                                                  206.7921   56.1021 13.5
  4.522 1389 Alaska-slab2-v3                                                                  206.6826   56.1682 14.1
  4.522 1390 Alaska-slab2-v3                                                                  206.5727   56.2341 14.7
  4.368 1391 Alaska-slab2-v3                                                                  206.4615   56.2993 15.5
  4.082 1392 Alaska-slab2-v3                                                                  206.3492   56.3639 16.5
  3.753 1393 Alaska-slab2-v3                                                                  206.2367   56.4282 17.5
  3.394 1394 Alaska-slab2-v3                                                                  206.1239   56.4924 18.7
  3.014 1395 Alaska-slab2-v3                                                                  206.0099   56.5559 20.0
  4.522 1407 Alaska-slab2-v3                                                                  206.9698   55.7423  8.7
  4.522 1408 Alaska-slab2-v3                                                                  206.8571   55.8047 10.2
  4.522 1409 Alaska-slab2-v3                                                                  206.7489   55.8703 11.4
  4.522 1410 Alaska-slab2-v3                                                                  206.6420   55.9370 12.3
  4.522 1411 Alaska-slab2-v3                                                                  206.5345   56.0037 13.1
  4.522 1412 Alaska-slab2-v3                                                                  206.4266   56.0704 13.8
  4.407 1413 Alaska-slab2-v3                                                                  206.3183   56.1369 14.5
  4.139 1414 Alaska-slab2-v3                                                                  206.2091   56.2030 15.4
  3.822 1415 Alaska-slab2-v3                                                                  206.0989   56.2685 16.4
  3.465 1416 Alaska-slab2-v3                                                                  205.9883   56.3337 17.5
  3.075 1417 Alaska-slab2-v3                                                                  205.8775   56.3987 18.7
  2.663 1418 Alaska-slab2-v3                                                                  205.7655   56.4631 20.0
  4.522 1430 Alaska-slab2-v3                                                                  206.7109   55.6415  8.3
  4.522 1431 Alaska-slab2-v3                                                                  206.5997   55.7049  9.7
  4.522 1432 Alaska-slab2-v3                                                                  206.4925   55.7709 10.9
  4.522 1433 Alaska-slab2-v3                                                                  206.3880   55.8387 11.8
  4.522 1434 Alaska-slab2-v3                                                                  206.2831   55.9065 12.6
  4.522 1435 Alaska-slab2-v3                                                                  206.1777   55.9743 13.4
  4.522 1436 Alaska-slab2-v3                                                                  206.0720   56.0420 14.1
  4.258 1437 Alaska-slab2-v3                                                                  205.9655   56.1092 15.0
  3.944 1438 Alaska-slab2-v3                                                                  205.8575   56.1757 15.9
  3.586 1439 Alaska-slab2-v3                                                                  205.7485   56.2416 17.1
  3.193 1440 Alaska-slab2-v3                                                                  205.6392   56.3072 18.3
  2.767 1441 Alaska-slab2-v3                                                                  205.5292   56.3725 19.6
  4.522 1453 Alaska-slab2-v3                                                                  206.4544   55.5398  8.0
  4.522 1454 Alaska-slab2-v3                                                                  206.3461   55.6049  9.2
  4.522 1455 Alaska-slab2-v3                                                                  206.2403   55.6716 10.3
  4.522 1456 Alaska-slab2-v3                                                                  206.1377   55.7402 11.2
  4.522 1457 Alaska-slab2-v3                                                                  206.0354   55.8091 12.1
  4.522 1458 Alaska-slab2-v3                                                                  205.9326   55.8780 12.8
  4.522 1459 Alaska-slab2-v3                                                                  205.8296   55.9468 13.6
  4.361 1460 Alaska-slab2-v3                                                                  205.7260   56.0154 14.4
  4.057 1461 Alaska-slab2-v3                                                                  205.6208   56.0831 15.4
  3.707 1462 Alaska-slab2-v3                                                                  205.5137   56.1499 16.5
  3.311 1463 Alaska-slab2-v3                                                                  205.4060   56.2162 17.7
  2.874 1464 Alaska-slab2-v3                                                                  205.2980   56.2824 19.0
  4.522 1477 Alaska-slab2-v3                                                                  206.0955   55.5043  8.8
  4.522 1478 Alaska-slab2-v3                                                                  205.9916   55.5720  9.8
  4.522 1479 Alaska-slab2-v3                                                                  205.8897   55.6408 10.7
  4.522 1480 Alaska-slab2-v3                                                                  205.7890   55.7103 11.5
  4.522 1481 Alaska-slab2-v3                                                                  205.6879   55.7798 12.3
  4.522 1482 Alaska-slab2-v3                                                                  205.5864   55.8492 13.1
  4.522 1483 Alaska-slab2-v3                                                                  205.4847   55.9185 13.9
  4.522 1484 Alaska-slab2-v3                                                                  205.3819   55.9873 14.9
  4.204 1485 Alaska-slab2-v3                                                                  205.2773   56.0552 15.9
  3.843 1486 Alaska-slab2-v3                                                                  205.1714   56.1224 17.1
  3.433 1487 Alaska-slab2-v3                                                                  205.0654   56.1893 18.5
  2.974 1488 Alaska-slab2-v3                                                                  204.9581   56.2554 20.0
  4.522 1500 Alaska-slab2-v3                                                                  205.8458   55.4021  8.3
  4.522 1501 Alaska-slab2-v3                                                                  205.7450   55.4712  9.2
  4.522 1502 Alaska-slab2-v3                                                                  205.6444   55.5406 10.1
  4.522 1503 Alaska-slab2-v3                                                                  205.5441   55.6102 10.9
  4.522 1504 Alaska-slab2-v3                                                                  205.4433   55.6797 11.7
  4.522 1505 Alaska-slab2-v3                                                                  205.3421   55.7491 12.6
  4.522 1506 Alaska-slab2-v3                                                                  205.2407   55.8184 13.5
  4.522 1507 Alaska-slab2-v3                                                                  205.1389   55.8874 14.5
  4.304 1508 Alaska-slab2-v3                                                                  205.0361   55.9561 15.5
  3.935 1509 Alaska-slab2-v3                                                                  204.9326   56.0242 16.8
  3.520 1510 Alaska-slab2-v3                                                                  204.8290   56.0922 18.1
  3.050 1511 Alaska-slab2-v3                                                                  204.7246   56.1596 19.6
  4.522 1524 Alaska-slab2-v3                                                                  205.4988   55.3689  8.7
  4.522 1525 Alaska-slab2-v3                                                                  205.4008   55.4394  9.5
  4.522 1526 Alaska-slab2-v3                                                                  205.3016   55.5095 10.3
  4.522 1527 Alaska-slab2-v3                                                                  205.2007   55.5787 11.2
  4.522 1528 Alaska-slab2-v3                                                                  205.0989   55.6477 12.1
  4.522 1529 Alaska-slab2-v3                                                                  204.9969   55.7165 13.0
  4.522 1530 Alaska-slab2-v3                                                                  204.8945   55.7851 14.1
  4.414 1531 Alaska-slab2-v3                                                                  204.7926   55.8539 15.2
  4.022 1532 Alaska-slab2-v3                                                                  204.6915   55.9229 16.5
  3.584 1533 Alaska-slab2-v3                                                                  204.5907   55.9919 18.0
  3.107 1534 Alaska-slab2-v3                                                                  204.4894   56.0606 19.5
  4.522 1547 Alaska-slab2-v3                                                                  205.2584   55.2577  8.5
  4.522 1548 Alaska-slab2-v3                                                                  205.1624   55.3289  9.3
  4.522 1549 Alaska-slab2-v3                                                                  205.0641   55.3994 10.1
  4.522 1550 Alaska-slab2-v3                                                                  204.9633   55.4688 11.0
  4.522 1551 Alaska-slab2-v3                                                                  204.8619   55.5377 11.9
  4.522 1552 Alaska-slab2-v3                                                                  204.7602   55.6064 12.9
  4.522 1553 Alaska-slab2-v3                                                                  204.6582   55.6750 14.0
  4.401 1554 Alaska-slab2-v3                                                                  204.5570   55.7439 15.2
  4.008 1555 Alaska-slab2-v3                                                                  204.4571   55.8134 16.5
  3.578 1556 Alaska-slab2-v3                                                                  204.3577   55.8830 17.9
  3.112 1557 Alaska-slab2-v3                                                                  204.2578   55.9522 19.5
  4.522 1570 Alaska-slab2-v3                                                                  205.0209   55.1392  8.5
  4.522 1571 Alaska-slab2-v3                                                                  204.9251   55.2105  9.3
  4.522 1572 Alaska-slab2-v3                                                                  204.8280   55.2811 10.2
  4.522 1573 Alaska-slab2-v3                                                                  204.7290   55.3509 11.1
  4.522 1574 Alaska-slab2-v3                                                                  204.6291   55.4202 12.2
  4.522 1575 Alaska-slab2-v3                                                                  204.5289   55.4895 13.2
  4.522 1576 Alaska-slab2-v3                                                                  204.4284   55.5586 14.4
  4.268 1577 Alaska-slab2-v3                                                                  204.3282   55.6280 15.5
  3.904 1578 Alaska-slab2-v3                                                                  204.2284   55.6975 16.7
  3.513 1579 Alaska-slab2-v3                                                                  204.1285   55.7670 18.0
  3.075 1580 Alaska-slab2-v3                                                                  204.0284   55.8361 19.4
  4.522 1593 Alaska-slab2-v3                                                                  204.7814   55.0242  8.6
  4.522 1594 Alaska-slab2-v3                                                                  204.6865   55.0957  9.4
  4.522 1595 Alaska-slab2-v3                                                                  204.5900   55.1664 10.4
  4.522 1596 Alaska-slab2-v3                                                                  204.4918   55.2363 11.4
  4.522 1597 Alaska-slab2-v3                                                                  204.3930   55.3061 12.5
  4.522 1598 Alaska-slab2-v3                                                                  204.2939   55.3757 13.6
  4.506 1599 Alaska-slab2-v3                                                                  204.1944   55.4452 14.6
  4.172 1600 Alaska-slab2-v3                                                                  204.0949   55.5148 15.7
  3.837 1601 Alaska-slab2-v3                                                                  203.9952   55.5844 16.8
  3.471 1602 Alaska-slab2-v3                                                                  203.8953   55.6538 18.0
  3.056 1603 Alaska-slab2-v3                                                                  203.7952   55.7230 19.3
  4.522 1615 Alaska-slab2-v3                                                                  204.6288   54.8438  8.0
  4.522 1616 Alaska-slab2-v3                                                                  204.5354   54.9157  8.9
  4.522 1617 Alaska-slab2-v3                                                                  204.4412   54.9874  9.8
  4.522 1618 Alaska-slab2-v3                                                                  204.3449   55.0581 10.7
  4.522 1619 Alaska-slab2-v3                                                                  204.2470   55.1280 11.7
  4.522 1620 Alaska-slab2-v3                                                                  204.1487   55.1978 12.8
  4.522 1621 Alaska-slab2-v3                                                                  204.0501   55.2676 13.8
  4.455 1622 Alaska-slab2-v3                                                                  203.9512   55.3373 14.9
  4.143 1623 Alaska-slab2-v3                                                                  203.8522   55.4071 15.9
  3.825 1624 Alaska-slab2-v3                                                                  203.7530   55.4769 16.9
  3.477 1625 Alaska-slab2-v3                                                                  203.6535   55.5464 18.0
  3.075 1626 Alaska-slab2-v3                                                                  203.5539   55.6158 19.3
  4.522 1638 Alaska-slab2-v3                                                                  204.3707   54.7446  8.3
  4.522 1639 Alaska-slab2-v3                                                                  204.2784   54.8168  9.2
  4.522 1640 Alaska-slab2-v3                                                                  204.1843   54.8883 10.2
  4.522 1641 Alaska-slab2-v3                                                                  204.0877   54.9587 11.1
  4.522 1642 Alaska-slab2-v3                                                                  203.9900   55.0287 12.1
  4.522 1643 Alaska-slab2-v3                                                                  203.8920   55.0987 13.1
  4.522 1644 Alaska-slab2-v3                                                                  203.7936   55.1685 14.0
  4.487 1645 Alaska-slab2-v3                                                                  203.6951   55.2384 15.0
  4.189 1646 Alaska-slab2-v3                                                                  203.5966   55.3083 16.0
  3.877 1647 Alaska-slab2-v3                                                                  203.4980   55.3783 17.0
  3.534 1648 Alaska-slab2-v3                                                                  203.3992   55.4480 18.1
  3.139 1649 Alaska-slab2-v3                                                                  203.3003   55.5176 19.5
  4.522 1661 Alaska-slab2-v3                                                                  204.0996   54.6557  8.6
  4.522 1662 Alaska-slab2-v3                                                                  204.0074   54.7278  9.6
  4.522 1663 Alaska-slab2-v3                                                                  203.9128   54.7990 10.6
  4.522 1664 Alaska-slab2-v3                                                                  203.8162   54.8693 11.5
  4.522 1665 Alaska-slab2-v3                                                                  203.7191   54.9396 12.4
  4.522 1666 Alaska-slab2-v3                                                                  203.6216   55.0097 13.3
  4.467 1667 Alaska-slab2-v3                                                                  203.5239   55.0798 14.2
  4.165 1668 Alaska-slab2-v3                                                                  203.4259   55.1499 15.2
  3.850 1669 Alaska-slab2-v3                                                                  203.3280   55.2200 16.1
  3.502 1670 Alaska-slab2-v3                                                                  203.2299   55.2900 17.2
  3.116 1671 Alaska-slab2-v3                                                                  203.1316   55.3598 18.4
  2.673 1672 Alaska-slab2-v3                                                                  203.0333   55.4294 19.8
  4.522 1683 Alaska-slab2-v3                                                                  203.8178   54.5758  8.9
  4.522 1684 Alaska-slab2-v3                                                                  203.7246   54.6474 10.0
  4.522 1685 Alaska-slab2-v3                                                                  203.6297   54.7183 10.9
  4.522 1686 Alaska-slab2-v3                                                                  203.5336   54.7888 11.8
  4.522 1687 Alaska-slab2-v3                                                                  203.4371   54.8593 12.7
  4.522 1688 Alaska-slab2-v3                                                                  203.3403   54.9297 13.6
  4.522 1689 Alaska-slab2-v3                                                                  203.2432   55.0001 14.4
  4.340 1690 Alaska-slab2-v3                                                                  203.1459   55.0703 15.4
  4.016 1691 Alaska-slab2-v3                                                                  203.0485   55.1405 16.5
  3.653 1692 Alaska-slab2-v3                                                                  202.9509   55.2104 17.6
  3.240 1693 Alaska-slab2-v3                                                                  202.8532   55.2802 19.0
  4.522 1705 Alaska-slab2-v3                                                                  203.5301   54.5031  9.1
  4.522 1706 Alaska-slab2-v3                                                                  203.4363   54.5742 10.1
  4.522 1707 Alaska-slab2-v3                                                                  203.3410   54.6449 11.1
  4.522 1708 Alaska-slab2-v3                                                                  203.2450   54.7154 12.0
  4.522 1709 Alaska-slab2-v3                                                                  203.1487   54.7859 12.9
  4.522 1710 Alaska-slab2-v3                                                                  203.0520   54.8563 13.8
  4.433 1711 Alaska-slab2-v3                                                                  202.9552   54.9266 14.7
  4.101 1712 Alaska-slab2-v3                                                                  202.8585   54.9969 15.8
  3.719 1713 Alaska-slab2-v3                                                                  202.7619   55.0672 17.0
  3.281 1714 Alaska-slab2-v3                                                                  202.6652   55.1371 18.4
  4.522 1726 Alaska-slab2-v3                                                                  203.2397   54.4355  9.2
  4.522 1727 Alaska-slab2-v3                                                                  203.1452   54.5063 10.3
  4.522 1728 Alaska-slab2-v3                                                                  203.0494   54.5766 11.2
  4.522 1729 Alaska-slab2-v3                                                                  202.9530   54.6469 12.2
  4.522 1730 Alaska-slab2-v3                                                                  202.8563   54.7171 13.1
  4.522 1731 Alaska-slab2-v3                                                                  202.7593   54.7871 14.0
  4.232 1732 Alaska-slab2-v3                                                                  202.6628   54.8573 15.1
  3.829 1733 Alaska-slab2-v3                                                                  202.5671   54.9278 16.4
  3.361 1734 Alaska-slab2-v3                                                                  202.4718   54.9981 17.9
  2.821 1735 Alaska-slab2-v3                                                                  202.3770   55.0683 19.6
  4.522 1745 Alaska-slab2-v3                                                                  203.0409   54.3010  8.0
  4.522 1746 Alaska-slab2-v3                                                                  202.9467   54.3715  9.3
  4.522 1747 Alaska-slab2-v3                                                                  202.8513   54.4418 10.4
  4.522 1748 Alaska-slab2-v3                                                                  202.7548   54.5117 11.4
  4.522 1749 Alaska-slab2-v3                                                                  202.6578   54.5816 12.3
  4.522 1750 Alaska-slab2-v3                                                                  202.5605   54.6514 13.3
  4.388 1751 Alaska-slab2-v3                                                                  202.4631   54.7210 14.4
  3.971 1752 Alaska-slab2-v3                                                                  202.3673   54.7912 15.7
  3.480 1753 Alaska-slab2-v3                                                                  202.2731   54.8618 17.2
  2.911 1754 Alaska-slab2-v3                                                                  202.1793   54.9322 19.0
