  2.741 0228 Alaska-slab2-v3                                                                  216.5462   60.1055  1.4
  2.741 0229 Alaska-slab2-v3                                                                  216.4789   60.1854  4.1
  2.741 0230 Alaska-slab2-v3                                                                  216.4121   60.2658  6.7
  2.741 0231 Alaska-slab2-v3                                                                  216.3398   60.3457  8.9
  2.398 0232 Alaska-slab2-v3                                                                  216.2532   60.4228 10.7
  2.034 0233 Alaska-slab2-v3                                                                  216.1527   60.4968 11.9
  1.778 0234 Alaska-slab2-v3                                                                  216.0465   60.5698 12.8
  1.573 0235 Alaska-slab2-v3                                                                  215.9396   60.6428 13.6
  1.359 0236 Alaska-slab2-v3                                                                  215.8326   60.7157 14.3
  2.741 0252 Alaska-slab2-v3                                                                  216.2342   60.0034  1.6
  2.741 0253 Alaska-slab2-v3                                                                  216.1579   60.0796  4.9
  2.741 0254 Alaska-slab2-v3                                                                  216.0843   60.1571  7.9
  2.540 0255 Alaska-slab2-v3                                                                  216.0024   60.2336 10.4
  2.032 0256 Alaska-slab2-v3                                                                  215.9029   60.3067 12.2
  1.710 0257 Alaska-slab2-v3                                                                  215.7964   60.3790 13.4
  1.513 0258 Alaska-slab2-v3                                                                  215.6890   60.4516 14.1
  1.374 0259 Alaska-slab2-v3                                                                  215.5810   60.5242 14.6
  2.741 0279 Alaska-slab2-v3                                                                  215.9496   59.8812  1.8
  2.741 0280 Alaska-slab2-v3                                                                  215.8586   59.9519  5.4
  2.741 0281 Alaska-slab2-v3                                                                  215.7667   60.0238  8.5
  2.471 0282 Alaska-slab2-v3                                                                  215.6685   60.0957 10.9
  2.002 0283 Alaska-slab2-v3                                                                  215.5633   60.1673 12.6
  1.701 0284 Alaska-slab2-v3                                                                  215.4567   60.2395 13.7
  1.513 0285 Alaska-slab2-v3                                                                  215.3492   60.3119 14.4
  1.380 0286 Alaska-slab2-v3                                                                  215.2419   60.3845 14.9
  4.798 0309 Alaska-slab2-v3                                                                  215.6867   59.7457  1.9
  4.798 0310 Alaska-slab2-v3                                                                  215.5774   59.8092  5.5
  4.798 0311 Alaska-slab2-v3                                                                  215.4642   59.8739  8.3
  4.587 0312 Alaska-slab2-v3                                                                  215.3509   59.9410 10.4
  3.842 0313 Alaska-slab2-v3                                                                  215.2419   60.0111 11.9
  3.271 0314 Alaska-slab2-v3                                                                  215.1347   60.0828 13.1
  2.826 0315 Alaska-slab2-v3                                                                  215.0267   60.1546 14.0
  2.463 0316 Alaska-slab2-v3                                                                  214.9191   60.2267 14.7
  6.854 0343 Alaska-slab2-v3                                                                  215.2307   59.7091  7.2
  6.854 0344 Alaska-slab2-v3                                                                  215.1063   59.7707  9.3
  5.966 0345 Alaska-slab2-v3                                                                  214.9901   59.8370 11.1
  4.998 0346 Alaska-slab2-v3                                                                  214.8804   59.9071 12.5
  4.288 0347 Alaska-slab2-v3                                                                  214.7697   59.9775 13.5
  3.759 0348 Alaska-slab2-v3                                                                  214.6583   60.0480 14.3
  3.348 0349 Alaska-slab2-v3                                                                  214.5502   60.1198 14.9
  8.910 0385 Alaska-slab2-v3                                                                  214.9690   59.5755  7.2
  8.910 0386 Alaska-slab2-v3                                                                  214.8431   59.6356  9.5
  7.647 0387 Alaska-slab2-v3                                                                  214.7243   59.7004 11.4
  6.438 0388 Alaska-slab2-v3                                                                  214.6103   59.7687 12.7
  5.606 0389 Alaska-slab2-v3                                                                  214.4953   59.8373 13.6
  5.059 0390 Alaska-slab2-v3                                                                  214.3795   59.9059 14.2
  4.710 0391 Alaska-slab2-v3                                                                  214.2631   59.9745 14.6
  4.468 0392 Alaska-slab2-v3                                                                  214.1482   60.0437 14.9
 10.966 0427 Alaska-slab2-v3                                                                  214.7141   59.4391  7.3
 10.966 0428 Alaska-slab2-v3                                                                  214.5858   59.4974  9.6
  9.283 0429 Alaska-slab2-v3                                                                  214.4641   59.5605 11.5
  7.776 0430 Alaska-slab2-v3                                                                  214.3463   59.6269 12.9
  6.753 0431 Alaska-slab2-v3                                                                  214.2275   59.6935 13.8
  6.126 0432 Alaska-slab2-v3                                                                  214.1078   59.7602 14.4
  5.774 0433 Alaska-slab2-v3                                                                  213.9875   59.8269 14.7
  5.609 0434 Alaska-slab2-v3                                                                  213.8667   59.8935 14.8
  5.488 0435 Alaska-slab2-v3                                                                  213.7462   59.9604 14.9
 10.966 0468 Alaska-slab2-v3                                                                  214.4693   59.2986  7.2
 10.966 0469 Alaska-slab2-v3                                                                  214.3377   59.3548  9.5
  9.033 0470 Alaska-slab2-v3                                                                  214.2120   59.4156 11.4
  7.484 0471 Alaska-slab2-v3                                                                  214.0899   59.4797 12.8
  6.421 0472 Alaska-slab2-v3                                                                  213.9667   59.5441 13.7
  5.766 0473 Alaska-slab2-v3                                                                  213.8427   59.6084 14.3
  5.404 0474 Alaska-slab2-v3                                                                  213.7181   59.6728 14.6
  5.234 0475 Alaska-slab2-v3                                                                  213.5930   59.7370 14.8
  5.144 0476 Alaska-slab2-v3                                                                  213.4673   59.8012 14.9
  5.042 0477 Alaska-slab2-v3                                                                  213.3418   59.8654 14.9
 10.966 0509 Alaska-slab2-v3                                                                  214.2376   59.1532  7.1
 10.966 0510 Alaska-slab2-v3                                                                  214.1024   59.2073  9.3
  9.383 0511 Alaska-slab2-v3                                                                  213.9719   59.2655 11.1
  7.874 0512 Alaska-slab2-v3                                                                  213.8453   59.3270 12.4
  6.796 0513 Alaska-slab2-v3                                                                  213.7176   59.3887 13.3
  6.093 0514 Alaska-slab2-v3                                                                  213.5892   59.4504 14.0
  5.650 0515 Alaska-slab2-v3                                                                  213.4601   59.5121 14.4
  5.389 0516 Alaska-slab2-v3                                                                  213.3304   59.5737 14.6
  5.230 0517 Alaska-slab2-v3                                                                  213.2003   59.6352 14.7
  5.049 0518 Alaska-slab2-v3                                                                  213.0697   59.6965 14.9
 10.966 0550 Alaska-slab2-v3                                                                  214.0194   59.0030  7.0
 10.966 0551 Alaska-slab2-v3                                                                  213.8813   59.0556  8.9
  9.990 0552 Alaska-slab2-v3                                                                  213.7467   59.1112 10.6
  8.525 0553 Alaska-slab2-v3                                                                  213.6158   59.1701 11.9
  7.431 0554 Alaska-slab2-v3                                                                  213.4846   59.2294 12.9
  6.630 0555 Alaska-slab2-v3                                                                  213.3527   59.2888 13.6
  6.078 0556 Alaska-slab2-v3                                                                  213.2201   59.3481 14.1
  5.683 0557 Alaska-slab2-v3                                                                  213.0869   59.4073 14.4
  5.379 0558 Alaska-slab2-v3                                                                  212.9532   59.4664 14.7
  5.097 0559 Alaska-slab2-v3                                                                  212.8188   59.5252 14.9
 10.966 0590 Alaska-slab2-v3                                                                  213.8124   58.8490  6.9
 10.966 0591 Alaska-slab2-v3                                                                  213.6725   58.9003  8.7
 10.697 0592 Alaska-slab2-v3                                                                  213.5347   58.9537 10.2
  9.291 0593 Alaska-slab2-v3                                                                  213.4001   59.0099 11.5
  8.182 0594 Alaska-slab2-v3                                                                  213.2660   59.0671 12.5
  7.314 0595 Alaska-slab2-v3                                                                  213.1312   59.1243 13.3
  6.644 0596 Alaska-slab2-v3                                                                  212.9957   59.1814 13.9
  6.139 0597 Alaska-slab2-v3                                                                  212.8597   59.2385 14.4
  5.722 0598 Alaska-slab2-v3                                                                  212.7232   59.2954 14.8
 10.966 0628 Alaska-slab2-v3                                                                  213.6139   58.6921  6.9
 10.966 0629 Alaska-slab2-v3                                                                  213.4727   58.7421  8.6
 10.773 0630 Alaska-slab2-v3                                                                  213.3324   58.7934 10.1
  9.363 0631 Alaska-slab2-v3                                                                  213.1942   58.8468 11.4
  8.217 0632 Alaska-slab2-v3                                                                  213.0564   58.9011 12.4
  7.303 0633 Alaska-slab2-v3                                                                  212.9178   58.9554 13.3
  6.576 0634 Alaska-slab2-v3                                                                  212.7787   59.0096 13.9
  6.003 0635 Alaska-slab2-v3                                                                  212.6390   59.0637 14.5
  5.541 0636 Alaska-slab2-v3                                                                  212.4985   59.1175 14.9
 10.966 0664 Alaska-slab2-v3                                                                  213.4216   58.5336  6.9
 10.966 0665 Alaska-slab2-v3                                                                  213.2794   58.5822  8.7
 10.365 0666 Alaska-slab2-v3                                                                  213.1372   58.6314 10.3
  8.894 0667 Alaska-slab2-v3                                                                  212.9951   58.6814 11.6
  7.726 0668 Alaska-slab2-v3                                                                  212.8525   58.7318 12.6
  6.805 0669 Alaska-slab2-v3                                                                  212.7092   58.7822 13.5
  6.098 0670 Alaska-slab2-v3                                                                  212.5653   58.8324 14.1
  5.547 0671 Alaska-slab2-v3                                                                  212.4209   58.8826 14.6
  5.121 0672 Alaska-slab2-v3                                                                  212.2756   58.9323 15.0
  8.910 0699 Alaska-slab2-v3                                                                  213.2312   58.3782  7.1
  8.910 0700 Alaska-slab2-v3                                                                  213.0897   58.4261  9.1
  8.127 0701 Alaska-slab2-v3                                                                  212.9473   58.4744 10.8
  6.912 0702 Alaska-slab2-v3                                                                  212.8039   58.5229 12.1
  6.003 0703 Alaska-slab2-v3                                                                  212.6595   58.5714 13.1
  5.337 0704 Alaska-slab2-v3                                                                  212.5144   58.6199 13.9
  4.878 0705 Alaska-slab2-v3                                                                  212.3686   58.6683 14.4
  4.554 0706 Alaska-slab2-v3                                                                  212.2224   58.7166 14.7
  6.854 0734 Alaska-slab2-v3                                                                  213.0391   58.2265  7.2
  6.854 0735 Alaska-slab2-v3                                                                  212.8990   58.2742  9.5
  5.847 0736 Alaska-slab2-v3                                                                  212.7582   58.3227 11.3
  4.888 0737 Alaska-slab2-v3                                                                  212.6163   58.3719 12.7
  4.222 0738 Alaska-slab2-v3                                                                  212.4734   58.4212 13.7
  3.784 0739 Alaska-slab2-v3                                                                  212.3297   58.4705 14.3
  3.527 0740 Alaska-slab2-v3                                                                  212.1853   58.5196 14.7
  3.382 0741 Alaska-slab2-v3                                                                  212.0405   58.5687 14.9
  4.798 0769 Alaska-slab2-v3                                                                  212.8435   58.0761  7.3
  4.798 0770 Alaska-slab2-v3                                                                  212.7037   58.1232  9.6
  4.006 0771 Alaska-slab2-v3                                                                  212.5640   58.1721 11.5
  3.333 0772 Alaska-slab2-v3                                                                  212.4241   58.2223 12.9
  2.875 0773 Alaska-slab2-v3                                                                  212.2830   58.2726 13.8
  2.588 0774 Alaska-slab2-v3                                                                  212.1411   58.3229 14.4
  2.427 0775 Alaska-slab2-v3                                                                  211.9987   58.3731 14.7
  2.344 0776 Alaska-slab2-v3                                                                  211.8558   58.4231 14.9
  2.295 0777 Alaska-slab2-v3                                                                  211.7126   58.4732 15.0
  2.741 0803 Alaska-slab2-v3                                                                  212.6419   57.9286  7.2
  2.741 0804 Alaska-slab2-v3                                                                  212.5018   57.9757  9.3
  2.378 0805 Alaska-slab2-v3                                                                  212.3630   58.0250 11.1
  2.001 0806 Alaska-slab2-v3                                                                  212.2250   58.0764 12.5
  1.733 0807 Alaska-slab2-v3                                                                  212.0860   58.1278 13.4
  1.557 0808 Alaska-slab2-v3                                                                  211.9461   58.1791 14.1
  1.442 0809 Alaska-slab2-v3                                                                  211.8057   58.2304 14.5
  1.375 0810 Alaska-slab2-v3                                                                  211.6649   58.2816 14.7
  1.322 0811 Alaska-slab2-v3                                                                  211.5236   58.3327 14.9
  2.741 0837 Alaska-slab2-v3                                                                  212.4328   57.7855  7.0
  2.741 0838 Alaska-slab2-v3                                                                  212.2938   57.8339  8.9
  2.535 0839 Alaska-slab2-v3                                                                  212.1557   57.8839 10.5
  2.176 0840 Alaska-slab2-v3                                                                  212.0188   57.9358 11.8
  1.903 0841 Alaska-slab2-v3                                                                  211.8814   57.9880 12.8
  1.704 0842 Alaska-slab2-v3                                                                  211.7432   58.0402 13.5
  1.558 0843 Alaska-slab2-v3                                                                  211.6045   58.0922 14.0
  1.451 0844 Alaska-slab2-v3                                                                  211.4652   58.1442 14.4
  1.359 0845 Alaska-slab2-v3                                                                  211.3256   58.1960 14.7
  2.741 0871 Alaska-slab2-v3                                                                  212.2148   57.6471  6.8
  2.741 0872 Alaska-slab2-v3                                                                  212.0783   57.6978  8.4
  2.678 0873 Alaska-slab2-v3                                                                  211.9416   57.7490  9.9
  2.334 0874 Alaska-slab2-v3                                                                  211.8053   57.8010 11.1
  2.059 0875 Alaska-slab2-v3                                                                  211.6687   57.8535 12.1
  1.841 0876 Alaska-slab2-v3                                                                  211.5314   57.9059 12.8
  1.665 0877 Alaska-slab2-v3                                                                  211.3937   57.9582 13.5
  1.515 0878 Alaska-slab2-v3                                                                  211.2554   58.0104 14.0
  1.384 0879 Alaska-slab2-v3                                                                  211.1167   58.0625 14.4
  1.251 0880 Alaska-slab2-v3                                                                  210.9789   58.1152 14.9
