 50.417 0231 Alaska-slab2-v3                                                                  216.3398   60.3457  8.9
 44.102 0232 Alaska-slab2-v3                                                                  216.2532   60.4228 10.7
 37.415 0233 Alaska-slab2-v3                                                                  216.1527   60.4968 11.9
 32.692 0234 Alaska-slab2-v3                                                                  216.0465   60.5698 12.8
 28.924 0235 Alaska-slab2-v3                                                                  215.9396   60.6428 13.6
 24.996 0236 Alaska-slab2-v3                                                                  215.8326   60.7157 14.3
 46.707 0255 Alaska-slab2-v3                                                                  216.0024   60.2336 10.4
 37.365 0256 Alaska-slab2-v3                                                                  215.9029   60.3067 12.2
 31.449 0257 Alaska-slab2-v3                                                                  215.7964   60.3790 13.4
 27.816 0258 Alaska-slab2-v3                                                                  215.6890   60.4516 14.1
 25.274 0259 Alaska-slab2-v3                                                                  215.5810   60.5242 14.6
 50.417 0281 Alaska-slab2-v3                                                                  215.7667   60.0238  8.5
 45.442 0282 Alaska-slab2-v3                                                                  215.6685   60.0957 10.9
 36.810 0283 Alaska-slab2-v3                                                                  215.5633   60.1673 12.6
 31.276 0284 Alaska-slab2-v3                                                                  215.4567   60.2395 13.7
 27.823 0285 Alaska-slab2-v3                                                                  215.3492   60.3119 14.4
 25.386 0286 Alaska-slab2-v3                                                                  215.2419   60.3845 14.9
 50.417 0311 Alaska-slab2-v3                                                                  215.4642   59.8739  8.3
 48.205 0312 Alaska-slab2-v3                                                                  215.3509   59.9410 10.4
 40.375 0313 Alaska-slab2-v3                                                                  215.2419   60.0111 11.9
 34.374 0314 Alaska-slab2-v3                                                                  215.1347   60.0828 13.1
 29.696 0315 Alaska-slab2-v3                                                                  215.0267   60.1546 14.0
 25.882 0316 Alaska-slab2-v3                                                                  214.9191   60.2267 14.7
 50.417 0344 Alaska-slab2-v3                                                                  215.1063   59.7707  9.3
 43.888 0345 Alaska-slab2-v3                                                                  214.9901   59.8370 11.1
 36.770 0346 Alaska-slab2-v3                                                                  214.8804   59.9071 12.5
 31.546 0347 Alaska-slab2-v3                                                                  214.7697   59.9775 13.5
 27.654 0348 Alaska-slab2-v3                                                                  214.6583   60.0480 14.3
 24.633 0349 Alaska-slab2-v3                                                                  214.5502   60.1198 14.9
 50.417 0386 Alaska-slab2-v3                                                                  214.8431   59.6356  9.5
 43.273 0387 Alaska-slab2-v3                                                                  214.7243   59.7004 11.4
 36.432 0388 Alaska-slab2-v3                                                                  214.6103   59.7687 12.7
 31.720 0389 Alaska-slab2-v3                                                                  214.4953   59.8373 13.6
 28.629 0390 Alaska-slab2-v3                                                                  214.3795   59.9059 14.2
 26.653 0391 Alaska-slab2-v3                                                                  214.2631   59.9745 14.6
 25.285 0392 Alaska-slab2-v3                                                                  214.1482   60.0437 14.9
 50.417 0428 Alaska-slab2-v3                                                                  214.5858   59.4974  9.6
 42.680 0429 Alaska-slab2-v3                                                                  214.4641   59.5605 11.5
 35.752 0430 Alaska-slab2-v3                                                                  214.3463   59.6269 12.9
 31.049 0431 Alaska-slab2-v3                                                                  214.2275   59.6935 13.8
 28.167 0432 Alaska-slab2-v3                                                                  214.1078   59.7602 14.4
 26.549 0433 Alaska-slab2-v3                                                                  213.9875   59.8269 14.7
 25.790 0434 Alaska-slab2-v3                                                                  213.8667   59.8935 14.8
 25.234 0435 Alaska-slab2-v3                                                                  213.7462   59.9604 14.9
 40.964 0469 Alaska-slab2-v3                                                                  214.3377   59.3548  9.5
 33.743 0470 Alaska-slab2-v3                                                                  214.2120   59.4156 11.4
 27.957 0471 Alaska-slab2-v3                                                                  214.0899   59.4797 12.8
 23.987 0472 Alaska-slab2-v3                                                                  213.9667   59.5441 13.7
 21.538 0473 Alaska-slab2-v3                                                                  213.8427   59.6084 14.3
 20.186 0474 Alaska-slab2-v3                                                                  213.7181   59.6728 14.6
 19.553 0475 Alaska-slab2-v3                                                                  213.5930   59.7370 14.8
 19.215 0476 Alaska-slab2-v3                                                                  213.4673   59.8012 14.9
 18.835 0477 Alaska-slab2-v3                                                                  213.3418   59.8654 14.9
 31.511 0510 Alaska-slab2-v3                                                                  214.1024   59.2073  9.3
 26.963 0511 Alaska-slab2-v3                                                                  213.9719   59.2655 11.1
 22.627 0512 Alaska-slab2-v3                                                                  213.8453   59.3270 12.4
 19.529 0513 Alaska-slab2-v3                                                                  213.7176   59.3887 13.3
 17.508 0514 Alaska-slab2-v3                                                                  213.5892   59.4504 14.0
 16.236 0515 Alaska-slab2-v3                                                                  213.4601   59.5121 14.4
 15.486 0516 Alaska-slab2-v3                                                                  213.3304   59.5737 14.6
 15.030 0517 Alaska-slab2-v3                                                                  213.2003   59.6352 14.7
 14.508 0518 Alaska-slab2-v3                                                                  213.0697   59.6965 14.9
 22.058 0551 Alaska-slab2-v3                                                                  213.8813   59.0556  8.9
 20.096 0552 Alaska-slab2-v3                                                                  213.7467   59.1112 10.6
 17.147 0553 Alaska-slab2-v3                                                                  213.6158   59.1701 11.9
 14.947 0554 Alaska-slab2-v3                                                                  213.4846   59.2294 12.9
 13.337 0555 Alaska-slab2-v3                                                                  213.3527   59.2888 13.6
 12.225 0556 Alaska-slab2-v3                                                                  213.2201   59.3481 14.1
 11.431 0557 Alaska-slab2-v3                                                                  213.0869   59.4073 14.4
 10.819 0558 Alaska-slab2-v3                                                                  212.9532   59.4664 14.7
 10.252 0559 Alaska-slab2-v3                                                                  212.8188   59.5252 14.9
 12.604 0591 Alaska-slab2-v3                                                                  213.6725   58.9003  8.7
 12.295 0592 Alaska-slab2-v3                                                                  213.5347   58.9537 10.2
 10.679 0593 Alaska-slab2-v3                                                                  213.4001   59.0099 11.5
  9.404 0594 Alaska-slab2-v3                                                                  213.2660   59.0671 12.5
  8.407 0595 Alaska-slab2-v3                                                                  213.1312   59.1243 13.3
  7.637 0596 Alaska-slab2-v3                                                                  212.9957   59.1814 13.9
  7.056 0597 Alaska-slab2-v3                                                                  212.8597   59.2385 14.4
  6.577 0598 Alaska-slab2-v3                                                                  212.7232   59.2954 14.8
 12.604 0629 Alaska-slab2-v3                                                                  213.4727   58.7421  8.6
 12.383 0630 Alaska-slab2-v3                                                                  213.3324   58.7934 10.1
 10.762 0631 Alaska-slab2-v3                                                                  213.1942   58.8468 11.4
  9.445 0632 Alaska-slab2-v3                                                                  213.0564   58.9011 12.4
  8.394 0633 Alaska-slab2-v3                                                                  212.9178   58.9554 13.3
  7.559 0634 Alaska-slab2-v3                                                                  212.7787   59.0096 13.9
  6.900 0635 Alaska-slab2-v3                                                                  212.6390   59.0637 14.5
  6.369 0636 Alaska-slab2-v3                                                                  212.4985   59.1175 14.9
 12.604 0665 Alaska-slab2-v3                                                                  213.2794   58.5822  8.7
 11.914 0666 Alaska-slab2-v3                                                                  213.1372   58.6314 10.3
 10.223 0667 Alaska-slab2-v3                                                                  212.9951   58.6814 11.6
  8.880 0668 Alaska-slab2-v3                                                                  212.8525   58.7318 12.6
  7.822 0669 Alaska-slab2-v3                                                                  212.7092   58.7822 13.5
  7.009 0670 Alaska-slab2-v3                                                                  212.5653   58.8324 14.1
  6.376 0671 Alaska-slab2-v3                                                                  212.4209   58.8826 14.6
  5.886 0672 Alaska-slab2-v3                                                                  212.2756   58.9323 15.0
 12.604 0700 Alaska-slab2-v3                                                                  213.0897   58.4261  9.1
 11.497 0701 Alaska-slab2-v3                                                                  212.9473   58.4744 10.8
  9.778 0702 Alaska-slab2-v3                                                                  212.8039   58.5229 12.1
  8.492 0703 Alaska-slab2-v3                                                                  212.6595   58.5714 13.1
  7.550 0704 Alaska-slab2-v3                                                                  212.5144   58.6199 13.9
  6.901 0705 Alaska-slab2-v3                                                                  212.3686   58.6683 14.4
  6.442 0706 Alaska-slab2-v3                                                                  212.2224   58.7166 14.7
 12.604 0735 Alaska-slab2-v3                                                                  212.8990   58.2742  9.5
 10.753 0736 Alaska-slab2-v3                                                                  212.7582   58.3227 11.3
  8.990 0737 Alaska-slab2-v3                                                                  212.6163   58.3719 12.7
  7.764 0738 Alaska-slab2-v3                                                                  212.4734   58.4212 13.7
  6.960 0739 Alaska-slab2-v3                                                                  212.3297   58.4705 14.3
  6.487 0740 Alaska-slab2-v3                                                                  212.1853   58.5196 14.7
  6.219 0741 Alaska-slab2-v3                                                                  212.0405   58.5687 14.9
 12.604 0770 Alaska-slab2-v3                                                                  212.7037   58.1232  9.6
 10.524 0771 Alaska-slab2-v3                                                                  212.5640   58.1721 11.5
  8.757 0772 Alaska-slab2-v3                                                                  212.4241   58.2223 12.9
  7.554 0773 Alaska-slab2-v3                                                                  212.2830   58.2726 13.8
  6.798 0774 Alaska-slab2-v3                                                                  212.1411   58.3229 14.4
  6.376 0775 Alaska-slab2-v3                                                                  211.9987   58.3731 14.7
  6.158 0776 Alaska-slab2-v3                                                                  211.8558   58.4231 14.9
  6.030 0777 Alaska-slab2-v3                                                                  211.7126   58.4732 15.0
 12.604 0804 Alaska-slab2-v3                                                                  212.5018   57.9757  9.3
 10.934 0805 Alaska-slab2-v3                                                                  212.3630   58.0250 11.1
  9.200 0806 Alaska-slab2-v3                                                                  212.2250   58.0764 12.5
  7.966 0807 Alaska-slab2-v3                                                                  212.0860   58.1278 13.4
  7.157 0808 Alaska-slab2-v3                                                                  211.9461   58.1791 14.1
  6.630 0809 Alaska-slab2-v3                                                                  211.8057   58.2304 14.5
  6.321 0810 Alaska-slab2-v3                                                                  211.6649   58.2816 14.7
  6.077 0811 Alaska-slab2-v3                                                                  211.5236   58.3327 14.9
 12.604 0838 Alaska-slab2-v3                                                                  212.2938   57.8339  8.9
 11.656 0839 Alaska-slab2-v3                                                                  212.1557   57.8839 10.5
 10.003 0840 Alaska-slab2-v3                                                                  212.0188   57.9358 11.8
  8.751 0841 Alaska-slab2-v3                                                                  211.8814   57.9880 12.8
  7.835 0842 Alaska-slab2-v3                                                                  211.7432   58.0402 13.5
  7.164 0843 Alaska-slab2-v3                                                                  211.6045   58.0922 14.0
  6.673 0844 Alaska-slab2-v3                                                                  211.4652   58.1442 14.4
  6.247 0845 Alaska-slab2-v3                                                                  211.3256   58.1960 14.7
 12.604 0872 Alaska-slab2-v3                                                                  212.0783   57.6978  8.4
 12.311 0873 Alaska-slab2-v3                                                                  211.9416   57.7490  9.9
 10.733 0874 Alaska-slab2-v3                                                                  211.8053   57.8010 11.1
  9.468 0875 Alaska-slab2-v3                                                                  211.6687   57.8535 12.1
  8.464 0876 Alaska-slab2-v3                                                                  211.5314   57.9059 12.8
  7.655 0877 Alaska-slab2-v3                                                                  211.3937   57.9582 13.5
  6.964 0878 Alaska-slab2-v3                                                                  211.2554   58.0104 14.0
  6.364 0879 Alaska-slab2-v3                                                                  211.1167   58.0625 14.4
  5.751 0880 Alaska-slab2-v3                                                                  210.9789   58.1152 14.9
