  0.937 1764 Alaska-slab2-v3                                                                  202.8416   54.1708  6.7
  0.855 1765 Alaska-slab2-v3                                                                  202.7468   54.2407  8.1
  0.692 1766 Alaska-slab2-v3                                                                  202.6515   54.3106  9.4
  0.547 1767 Alaska-slab2-v3                                                                  202.5552   54.3803 10.6
  0.416 1768 Alaska-slab2-v3                                                                  202.4578   54.4497 11.6
  0.290 1769 Alaska-slab2-v3                                                                  202.3600   54.5191 12.6
  0.155 1770 Alaska-slab2-v3                                                                  202.2619   54.5883 13.7
  0.937 1783 Alaska-slab2-v3                                                                  202.5474   54.1138  6.7
  0.788 1784 Alaska-slab2-v3                                                                  202.4519   54.1833  8.1
  0.611 1785 Alaska-slab2-v3                                                                  202.3560   54.2528  9.5
  0.450 1786 Alaska-slab2-v3                                                                  202.2587   54.3219 10.7
  0.304 1787 Alaska-slab2-v3                                                                  202.1601   54.3906 11.8
  0.157 1788 Alaska-slab2-v3                                                                  202.0612   54.4592 12.9
  0.937 1802 Alaska-slab2-v3                                                                  202.2527   54.0590  6.7
  0.812 1803 Alaska-slab2-v3                                                                  202.1571   54.1283  8.2
  0.635 1804 Alaska-slab2-v3                                                                  202.0608   54.1975  9.5
  0.473 1805 Alaska-slab2-v3                                                                  201.9626   54.2661 10.8
  0.321 1806 Alaska-slab2-v3                                                                  201.8628   54.3340 11.9
  0.166 1807 Alaska-slab2-v3                                                                  201.7627   54.4018 13.1
  0.937 1820 Alaska-slab2-v3                                                                  201.9577   54.0054  6.8
  0.828 1821 Alaska-slab2-v3                                                                  201.8617   54.0745  8.2
  0.652 1822 Alaska-slab2-v3                                                                  201.7650   54.1434  9.6
  0.489 1823 Alaska-slab2-v3                                                                  201.6662   54.2115 10.9
  0.334 1824 Alaska-slab2-v3                                                                  201.5657   54.2789 12.1
  0.176 1825 Alaska-slab2-v3                                                                  201.4649   54.3462 13.3
  0.935 1838 Alaska-slab2-v3                                                                  201.6623   53.9521  6.8
  0.723 1839 Alaska-slab2-v3                                                                  201.5647   54.0202  8.3
  0.525 1840 Alaska-slab2-v3                                                                  201.4665   54.0882  9.8
  0.347 1841 Alaska-slab2-v3                                                                  201.3671   54.1560 11.1
  0.177 1842 Alaska-slab2-v3                                                                  201.2668   54.2234 12.3
  0.937 1855 Alaska-slab2-v3                                                                  201.3664   53.8981  6.9
  0.723 1856 Alaska-slab2-v3                                                                  201.2655   53.9641  8.6
  0.519 1857 Alaska-slab2-v3                                                                  201.1650   54.0308 10.1
  0.343 1858 Alaska-slab2-v3                                                                  201.0653   54.0982 11.4
  0.177 1859 Alaska-slab2-v3                                                                  200.9656   54.1659 12.6
  0.937 1872 Alaska-slab2-v3                                                                  201.0706   53.8428  7.0
  0.723 1873 Alaska-slab2-v3                                                                  200.9652   53.9058  8.9
  0.512 1874 Alaska-slab2-v3                                                                  200.8627   53.9709 10.5
  0.338 1875 Alaska-slab2-v3                                                                  200.7636   54.0385 11.9
  0.176 1876 Alaska-slab2-v3                                                                  200.6643   54.1064 13.1
  0.893 1889 Alaska-slab2-v3                                                                  200.7756   53.7862  7.1
  0.604 1890 Alaska-slab2-v3                                                                  200.6664   53.8460  9.2
  0.365 1891 Alaska-slab2-v3                                                                  200.5628   53.9102 11.0
  0.173 1892 Alaska-slab2-v3                                                                  200.4644   53.9780 12.4
  0.904 1906 Alaska-slab2-v3                                                                  200.4822   53.7288  7.2
  0.599 1907 Alaska-slab2-v3                                                                  200.3709   53.7866  9.5
  0.357 1908 Alaska-slab2-v3                                                                  200.2675   53.8503 11.3
  0.169 1909 Alaska-slab2-v3                                                                  200.1695   53.9183 12.7
  0.903 1923 Alaska-slab2-v3                                                                  200.1907   53.6713  7.3
  0.591 1924 Alaska-slab2-v3                                                                  200.0792   53.7284  9.6
  0.347 1925 Alaska-slab2-v3                                                                  199.9768   53.7924 11.5
  0.164 1926 Alaska-slab2-v3                                                                  199.8801   53.8610 12.9
  0.897 1940 Alaska-slab2-v3                                                                  199.9012   53.6142  7.3
  0.582 1941 Alaska-slab2-v3                                                                  199.7909   53.6720  9.6
  0.339 1942 Alaska-slab2-v3                                                                  199.6904   53.7369 11.5
  0.159 1943 Alaska-slab2-v3                                                                  199.5958   53.8066 12.8
  0.889 1957 Alaska-slab2-v3                                                                  199.6135   53.5574  7.3
  0.578 1958 Alaska-slab2-v3                                                                  199.5056   53.6169  9.6
  0.335 1959 Alaska-slab2-v3                                                                  199.4072   53.6831 11.3
  0.157 1960 Alaska-slab2-v3                                                                  199.3153   53.7539 12.6
  0.937 1974 Alaska-slab2-v3                                                                  199.3270   53.5006  7.2
  0.689 1975 Alaska-slab2-v3                                                                  199.2223   53.5625  9.4
  0.470 1976 Alaska-slab2-v3                                                                  199.1261   53.6299 11.1
  0.303 1977 Alaska-slab2-v3                                                                  199.0365   53.7018 12.4
  0.159 1978 Alaska-slab2-v3                                                                  198.9464   53.7737 13.6
  1.639 1991 Alaska-slab2-v3                                                                  199.0414   53.4436  7.1
  1.219 1992 Alaska-slab2-v3                                                                  198.9403   53.5080  9.2
  0.838 1993 Alaska-slab2-v3                                                                  198.8460   53.5765 10.9
  0.539 1994 Alaska-slab2-v3                                                                  198.7579   53.6489 12.2
  0.276 1995 Alaska-slab2-v3                                                                  198.6694   53.7215 13.4
  2.342 2007 Alaska-slab2-v3                                                                  198.7560   53.3861  7.0
  1.779 2008 Alaska-slab2-v3                                                                  198.6587   53.4528  9.0
  1.242 2009 Alaska-slab2-v3                                                                  198.5659   53.5222 10.6
  0.802 2010 Alaska-slab2-v3                                                                  198.4779   53.5946 12.0
  0.408 2011 Alaska-slab2-v3                                                                  198.3898   53.6672 13.2
  3.044 2023 Alaska-slab2-v3                                                                  198.4700   53.3279  7.0
  2.364 2024 Alaska-slab2-v3                                                                  198.3749   53.3958  8.9
  1.674 2025 Alaska-slab2-v3                                                                  198.2830   53.4657 10.6
  1.096 2026 Alaska-slab2-v3                                                                  198.1946   53.5378 11.9
  0.565 2027 Alaska-slab2-v3                                                                  198.1064   53.6102 13.2
  3.747 2039 Alaska-slab2-v3                                                                  198.1828   53.2689  7.1
  2.943 2040 Alaska-slab2-v3                                                                  198.0871   53.3362  9.0
  2.097 2041 Alaska-slab2-v3                                                                  197.9952   53.4060 10.7
  1.391 2042 Alaska-slab2-v3                                                                  197.9073   53.4782 12.1
  0.731 2043 Alaska-slab2-v3                                                                  197.8192   53.5506 13.4
  3.604 2055 Alaska-slab2-v3                                                                  197.8943   53.2088  7.2
  2.403 2056 Alaska-slab2-v3                                                                  197.7964   53.2740  9.4
  1.449 2057 Alaska-slab2-v3                                                                  197.7048   53.3436 11.2
  0.706 2058 Alaska-slab2-v3                                                                  197.6178   53.4162 12.6
  3.639 2070 Alaska-slab2-v3                                                                  197.6050   53.1470  7.5
  2.289 2071 Alaska-slab2-v3                                                                  197.5054   53.2094 10.1
  1.335 2072 Alaska-slab2-v3                                                                  197.4159   53.2794 12.0
  0.657 2073 Alaska-slab2-v3                                                                  197.3297   53.3524 13.3
  3.299 2085 Alaska-slab2-v3                                                                  197.3160   53.0831  7.9
  1.644 2086 Alaska-slab2-v3                                                                  197.2162   53.1421 11.0
  0.625 2087 Alaska-slab2-v3                                                                  197.1304   53.2137 12.9
  3.266 2100 Alaska-slab2-v3                                                                  197.0307   53.0183  8.2
  1.456 2101 Alaska-slab2-v3                                                                  196.9324   53.0739 11.7
  0.494 2102 Alaska-slab2-v3                                                                  196.8491   53.1466 13.6
  3.197 2115 Alaska-slab2-v3                                                                  196.7498   52.9534  8.5
  1.242 2116 Alaska-slab2-v3                                                                  196.6541   53.0059 12.4
  0.348 2117 Alaska-slab2-v3                                                                  196.5720   53.0791 14.1
  3.128 2130 Alaska-slab2-v3                                                                  196.4706   52.8875  8.7
  1.073 2131 Alaska-slab2-v3                                                                  196.3781   52.9384 12.8
  0.226 2132 Alaska-slab2-v3                                                                  196.2978   53.0122 14.5
  3.090 2145 Alaska-slab2-v3                                                                  196.1928   52.8211  8.8
  0.985 2146 Alaska-slab2-v3                                                                  196.1029   52.8721 13.0
  0.155 2147 Alaska-slab2-v3                                                                  196.0243   52.9465 14.7
