  6.841 1764 Alaska-slab2-v3                                                                  202.8416   54.1708  6.7
  6.841 1765 Alaska-slab2-v3                                                                  202.7468   54.2407  8.1
  6.573 1766 Alaska-slab2-v3                                                                  202.6515   54.3106  9.4
  5.703 1767 Alaska-slab2-v3                                                                  202.5552   54.3803 10.6
  4.916 1768 Alaska-slab2-v3                                                                  202.4578   54.4497 11.6
  4.160 1769 Alaska-slab2-v3                                                                  202.3600   54.5191 12.6
  3.343 1770 Alaska-slab2-v3                                                                  202.2619   54.5883 13.7
  2.413 1771 Alaska-slab2-v3                                                                  202.1648   54.6578 14.9
  6.841 1783 Alaska-slab2-v3                                                                  202.5474   54.1138  6.7
  6.841 1784 Alaska-slab2-v3                                                                  202.4519   54.1833  8.1
  6.794 1785 Alaska-slab2-v3                                                                  202.3560   54.2528  9.5
  5.915 1786 Alaska-slab2-v3                                                                  202.2587   54.3219 10.7
  5.116 1787 Alaska-slab2-v3                                                                  202.1601   54.3906 11.8
  4.316 1788 Alaska-slab2-v3                                                                  202.0612   54.4592 12.9
  3.459 1789 Alaska-slab2-v3                                                                  201.9621   54.5277 14.1
  6.841 1802 Alaska-slab2-v3                                                                  202.2527   54.0590  6.7
  6.841 1803 Alaska-slab2-v3                                                                  202.1571   54.1283  8.2
  6.841 1804 Alaska-slab2-v3                                                                  202.0608   54.1975  9.5
  6.095 1805 Alaska-slab2-v3                                                                  201.9626   54.2661 10.8
  5.272 1806 Alaska-slab2-v3                                                                  201.8628   54.3340 11.9
  4.434 1807 Alaska-slab2-v3                                                                  201.7627   54.4018 13.1
  3.533 1808 Alaska-slab2-v3                                                                  201.6629   54.4697 14.4
  6.841 1820 Alaska-slab2-v3                                                                  201.9577   54.0054  6.8
  6.841 1821 Alaska-slab2-v3                                                                  201.8617   54.0745  8.2
  6.433 1822 Alaska-slab2-v3                                                                  201.7650   54.1434  9.6
  5.466 1823 Alaska-slab2-v3                                                                  201.6662   54.2115 10.9
  4.543 1824 Alaska-slab2-v3                                                                  201.5657   54.2789 12.1
  3.606 1825 Alaska-slab2-v3                                                                  201.4649   54.3462 13.3
  2.563 1826 Alaska-slab2-v3                                                                  201.3653   54.4140 14.7
  6.841 1838 Alaska-slab2-v3                                                                  201.6623   53.9521  6.8
  6.841 1839 Alaska-slab2-v3                                                                  201.5647   54.0202  8.3
  6.564 1840 Alaska-slab2-v3                                                                  201.4665   54.0882  9.8
  5.623 1841 Alaska-slab2-v3                                                                  201.3671   54.1560 11.1
  4.726 1842 Alaska-slab2-v3                                                                  201.2668   54.2234 12.3
  3.793 1843 Alaska-slab2-v3                                                                  201.1661   54.2907 13.6
  6.841 1855 Alaska-slab2-v3                                                                  201.3664   53.8981  6.9
  6.841 1856 Alaska-slab2-v3                                                                  201.2655   53.9641  8.6
  6.621 1857 Alaska-slab2-v3                                                                  201.1650   54.0308 10.1
  5.703 1858 Alaska-slab2-v3                                                                  201.0653   54.0982 11.4
  4.841 1859 Alaska-slab2-v3                                                                  200.9656   54.1659 12.6
  3.916 1860 Alaska-slab2-v3                                                                  200.8656   54.2334 13.9
  6.841 1872 Alaska-slab2-v3                                                                  201.0706   53.8428  7.0
  6.841 1873 Alaska-slab2-v3                                                                  200.9652   53.9058  8.9
  5.726 1874 Alaska-slab2-v3                                                                  200.8627   53.9709 10.5
  4.705 1875 Alaska-slab2-v3                                                                  200.7636   54.0385 11.9
  3.759 1876 Alaska-slab2-v3                                                                  200.6643   54.1064 13.1
  2.730 1877 Alaska-slab2-v3                                                                  200.5657   54.1744 14.5
  6.841 1889 Alaska-slab2-v3                                                                  200.7756   53.7862  7.1
  6.841 1890 Alaska-slab2-v3                                                                  200.6664   53.8460  9.2
  5.656 1891 Alaska-slab2-v3                                                                  200.5628   53.9102 11.0
  4.639 1892 Alaska-slab2-v3                                                                  200.4644   53.9780 12.4
  3.717 1893 Alaska-slab2-v3                                                                  200.3654   54.0459 13.6
  6.841 1906 Alaska-slab2-v3                                                                  200.4822   53.7288  7.2
  6.841 1907 Alaska-slab2-v3                                                                  200.3709   53.7866  9.5
  5.572 1908 Alaska-slab2-v3                                                                  200.2675   53.8503 11.3
  4.568 1909 Alaska-slab2-v3                                                                  200.1695   53.9183 12.7
  3.665 1910 Alaska-slab2-v3                                                                  200.0710   53.9863 14.0
  6.841 1923 Alaska-slab2-v3                                                                  200.1907   53.6713  7.3
  6.813 1924 Alaska-slab2-v3                                                                  200.0792   53.7284  9.6
  5.509 1925 Alaska-slab2-v3                                                                  199.9768   53.7924 11.5
  4.525 1926 Alaska-slab2-v3                                                                  199.8801   53.8610 12.9
  3.649 1927 Alaska-slab2-v3                                                                  199.7829   53.9297 14.1
  6.841 1940 Alaska-slab2-v3                                                                  199.9012   53.6142  7.3
  6.762 1941 Alaska-slab2-v3                                                                  199.7909   53.6720  9.6
  5.457 1942 Alaska-slab2-v3                                                                  199.6904   53.7369 11.5
  4.496 1943 Alaska-slab2-v3                                                                  199.5958   53.8066 12.8
  3.643 1944 Alaska-slab2-v3                                                                  199.5008   53.8763 14.0
  6.841 1957 Alaska-slab2-v3                                                                  199.6135   53.5574  7.3
  6.717 1958 Alaska-slab2-v3                                                                  199.5056   53.6169  9.6
  5.412 1959 Alaska-slab2-v3                                                                  199.4072   53.6831 11.3
  4.456 1960 Alaska-slab2-v3                                                                  199.3153   53.7539 12.6
  3.610 1961 Alaska-slab2-v3                                                                  199.2228   53.8248 13.8
  6.841 1974 Alaska-slab2-v3                                                                  199.3270   53.5006  7.2
  6.681 1975 Alaska-slab2-v3                                                                  199.2223   53.5625  9.4
  5.382 1976 Alaska-slab2-v3                                                                  199.1261   53.6299 11.1
  4.397 1977 Alaska-slab2-v3                                                                  199.0365   53.7018 12.4
  3.546 1978 Alaska-slab2-v3                                                                  198.9464   53.7737 13.6
  2.605 1979 Alaska-slab2-v3                                                                  198.8576   53.8460 14.8
 11.972 1991 Alaska-slab2-v3                                                                  199.0414   53.4436  7.1
 11.972 1992 Alaska-slab2-v3                                                                  198.9403   53.5080  9.2
 10.918 1993 Alaska-slab2-v3                                                                  198.8460   53.5765 10.9
  9.324 1994 Alaska-slab2-v3                                                                  198.7579   53.6489 12.2
  7.922 1995 Alaska-slab2-v3                                                                  198.6694   53.7215 13.4
  6.448 1996 Alaska-slab2-v3                                                                  198.5814   53.7941 14.6
 17.103 2007 Alaska-slab2-v3                                                                  198.7560   53.3861  7.0
 17.103 2008 Alaska-slab2-v3                                                                  198.6587   53.4528  9.0
 15.788 2009 Alaska-slab2-v3                                                                  198.5659   53.5222 10.6
 13.433 2010 Alaska-slab2-v3                                                                  198.4779   53.5946 12.0
 11.321 2011 Alaska-slab2-v3                                                                  198.3898   53.6672 13.2
  9.140 2012 Alaska-slab2-v3                                                                  198.3020   53.7399 14.5
 22.234 2023 Alaska-slab2-v3                                                                  198.4700   53.3279  7.0
 22.234 2024 Alaska-slab2-v3                                                                  198.3749   53.3958  8.9
 21.000 2025 Alaska-slab2-v3                                                                  198.2830   53.4657 10.6
 17.930 2026 Alaska-slab2-v3                                                                  198.1946   53.5378 11.9
 15.105 2027 Alaska-slab2-v3                                                                  198.1064   53.6102 13.2
 12.102 2028 Alaska-slab2-v3                                                                  198.0189   53.6829 14.6
 27.365 2039 Alaska-slab2-v3                                                                  198.1828   53.2689  7.1
 27.365 2040 Alaska-slab2-v3                                                                  198.0871   53.3362  9.0
 23.233 2041 Alaska-slab2-v3                                                                  197.9952   53.4060 10.7
 19.116 2042 Alaska-slab2-v3                                                                  197.9073   53.4782 12.1
 15.263 2043 Alaska-slab2-v3                                                                  197.8192   53.5506 13.4
 10.999 2044 Alaska-slab2-v3                                                                  197.7333   53.6236 14.9
 27.365 2055 Alaska-slab2-v3                                                                  197.8943   53.2088  7.2
 27.365 2056 Alaska-slab2-v3                                                                  197.7964   53.2740  9.4
 23.336 2057 Alaska-slab2-v3                                                                  197.7048   53.3436 11.2
 19.475 2058 Alaska-slab2-v3                                                                  197.6178   53.4162 12.6
 15.809 2059 Alaska-slab2-v3                                                                  197.5304   53.4887 13.9
 27.365 2070 Alaska-slab2-v3                                                                  197.6050   53.1470  7.5
 24.454 2071 Alaska-slab2-v3                                                                  197.5054   53.2094 10.1
 18.901 2072 Alaska-slab2-v3                                                                  197.4159   53.2794 12.0
 14.959 2073 Alaska-slab2-v3                                                                  197.3297   53.3524 13.3
 11.137 2074 Alaska-slab2-v3                                                                  197.2445   53.4258 14.6
 27.365 2085 Alaska-slab2-v3                                                                  197.3160   53.0831  7.9
 23.276 2086 Alaska-slab2-v3                                                                  197.2162   53.1421 11.0
 17.794 2087 Alaska-slab2-v3                                                                  197.1304   53.2137 12.9
 14.436 2088 Alaska-slab2-v3                                                                  197.0449   53.2870 14.0
 27.365 2100 Alaska-slab2-v3                                                                  197.0307   53.0183  8.2
 21.814 2101 Alaska-slab2-v3                                                                  196.9324   53.0739 11.7
 16.571 2102 Alaska-slab2-v3                                                                  196.8491   53.1466 13.6
 13.879 2103 Alaska-slab2-v3                                                                  196.7645   53.2206 14.6
 27.365 2115 Alaska-slab2-v3                                                                  196.7498   52.9534  8.5
 20.424 2116 Alaska-slab2-v3                                                                  196.6541   53.0059 12.4
 15.519 2117 Alaska-slab2-v3                                                                  196.5720   53.0791 14.1
 13.607 2118 Alaska-slab2-v3                                                                  196.4889   53.1538 14.8
 27.365 2130 Alaska-slab2-v3                                                                  196.4706   52.8875  8.7
 19.411 2131 Alaska-slab2-v3                                                                  196.3781   52.9384 12.8
 14.751 2132 Alaska-slab2-v3                                                                  196.2978   53.0122 14.5
 13.510 2133 Alaska-slab2-v3                                                                  196.2163   53.0876 14.9
 27.365 2145 Alaska-slab2-v3                                                                  196.1928   52.8211  8.8
 18.904 2146 Alaska-slab2-v3                                                                  196.1029   52.8721 13.0
 14.336 2147 Alaska-slab2-v3                                                                  196.0243   52.9465 14.7
 13.483 2148 Alaska-slab2-v3                                                                  195.9443   53.0225 15.0
