  3.583 2474 Alaska-slab2-v3                                                                  189.6864   51.7088 14.1
  3.583 2475 Alaska-slab2-v3                                                                  189.6395   51.7924 15.9
  3.583 2476 Alaska-slab2-v3                                                                  189.5966   51.8761 18.1
  3.222 2477 Alaska-slab2-v3                                                                  189.5517   51.9580 20.9
  2.590 2478 Alaska-slab2-v3                                                                  189.5044   52.0377 24.2
  3.583 2487 Alaska-slab2-v3                                                                  189.4233   51.6486 14.6
  3.583 2488 Alaska-slab2-v3                                                                  189.3786   51.7326 16.5
  3.583 2489 Alaska-slab2-v3                                                                  189.3368   51.8163 18.8
  3.159 2490 Alaska-slab2-v3                                                                  189.2920   51.8981 21.6
  2.536 2491 Alaska-slab2-v3                                                                  189.2457   51.9779 25.0
  3.583 2500 Alaska-slab2-v3                                                                  189.1606   51.5928 15.2
  3.583 2501 Alaska-slab2-v3                                                                  189.1191   51.6771 17.3
  3.583 2502 Alaska-slab2-v3                                                                  189.0776   51.7604 19.8
  3.057 2503 Alaska-slab2-v3                                                                  189.0325   51.8419 22.7
  3.583 2512 Alaska-slab2-v3                                                                  188.9407   51.4562 14.3
  3.583 2513 Alaska-slab2-v3                                                                  188.8984   51.5409 16.0
  3.583 2514 Alaska-slab2-v3                                                                  188.8598   51.6253 18.3
  3.465 2515 Alaska-slab2-v3                                                                  188.8181   51.7081 21.0
  2.939 2516 Alaska-slab2-v3                                                                  188.7724   51.7893 24.0
  3.583 2525 Alaska-slab2-v3                                                                  188.6752   51.4069 15.0
  3.583 2526 Alaska-slab2-v3                                                                  188.6360   51.4919 16.9
  3.583 2527 Alaska-slab2-v3                                                                  188.5981   51.5760 19.3
  3.359 2528 Alaska-slab2-v3                                                                  188.5557   51.6584 22.1
  3.583 2537 Alaska-slab2-v3                                                                  188.4488   51.2742 14.3
  3.583 2538 Alaska-slab2-v3                                                                  188.4086   51.3599 15.6
  3.583 2539 Alaska-slab2-v3                                                                  188.3715   51.4450 17.6
  3.333 2540 Alaska-slab2-v3                                                                  188.3330   51.5288 20.1
  2.799 2541 Alaska-slab2-v3                                                                  188.2902   51.6111 22.9
  3.583 2549 Alaska-slab2-v3                                                                  188.1783   51.2288 14.7
  3.583 2550 Alaska-slab2-v3                                                                  188.1402   51.3148 16.0
  3.583 2551 Alaska-slab2-v3                                                                  188.1045   51.3999 18.1
  3.298 2552 Alaska-slab2-v3                                                                  188.0659   51.4837 20.6
  2.775 2553 Alaska-slab2-v3                                                                  188.0232   51.5660 23.4
  3.583 2560 Alaska-slab2-v3                                                                  187.9448   51.0992 14.0
  3.583 2561 Alaska-slab2-v3                                                                  187.9064   51.1856 14.9
  3.583 2562 Alaska-slab2-v3                                                                  187.8701   51.2717 16.3
  3.583 2563 Alaska-slab2-v3                                                                  187.8356   51.3569 18.5
  3.275 2564 Alaska-slab2-v3                                                                  187.7975   51.4407 21.1
  2.767 2565 Alaska-slab2-v3                                                                  187.7555   51.5233 23.8
  3.583 2573 Alaska-slab2-v3                                                                  187.6335   51.1444 15.0
  3.583 2574 Alaska-slab2-v3                                                                  187.5990   51.2306 16.6
  3.583 2575 Alaska-slab2-v3                                                                  187.5659   51.3157 18.9
  3.249 2576 Alaska-slab2-v3                                                                  187.5286   51.3996 21.5
  2.749 2577 Alaska-slab2-v3                                                                  187.4877   51.4824 24.2
  3.583 2585 Alaska-slab2-v3                                                                  187.3605   51.1042 14.9
  3.583 2586 Alaska-slab2-v3                                                                  187.3276   51.1904 16.6
  3.583 2587 Alaska-slab2-v3                                                                  187.2958   51.2756 19.0
  3.219 2588 Alaska-slab2-v3                                                                  187.2596   51.3594 21.7
  2.717 2589 Alaska-slab2-v3                                                                  187.2200   51.4424 24.5
  3.583 2597 Alaska-slab2-v3                                                                  187.0879   51.0642 14.8
  3.583 2598 Alaska-slab2-v3                                                                  187.0563   51.1506 16.5
  3.583 2599 Alaska-slab2-v3                                                                  187.0262   51.2361 18.9
  3.210 2600 Alaska-slab2-v3                                                                  186.9916   51.3201 21.5
  2.690 2601 Alaska-slab2-v3                                                                  186.9531   51.4031 24.4
  3.583 2609 Alaska-slab2-v3                                                                  186.8157   51.0243 14.5
  3.583 2610 Alaska-slab2-v3                                                                  186.7857   51.1111 16.2
  3.583 2611 Alaska-slab2-v3                                                                  186.7578   51.1974 18.3
  3.248 2612 Alaska-slab2-v3                                                                  186.7261   51.2821 20.8
  2.712 2613 Alaska-slab2-v3                                                                  186.6892   51.3653 23.7
  3.583 2621 Alaska-slab2-v3                                                                  186.5444   50.9853 14.0
  3.583 2622 Alaska-slab2-v3                                                                  186.5161   51.0725 15.6
  3.583 2623 Alaska-slab2-v3                                                                  186.4904   51.1595 17.5
  3.583 2624 Alaska-slab2-v3                                                                  186.4633   51.2456 19.7
  3.271 2625 Alaska-slab2-v3                                                                  186.4304   51.3299 22.3
  3.583 2635 Alaska-slab2-v3                                                                  186.2478   51.0353 15.0
  3.583 2636 Alaska-slab2-v3                                                                  186.2236   51.1228 16.6
  3.583 2637 Alaska-slab2-v3                                                                  186.2002   51.2099 18.6
  3.340 2638 Alaska-slab2-v3                                                                  186.1726   51.2958 20.9
  2.835 2639 Alaska-slab2-v3                                                                  186.1398   51.3799 23.6
  3.583 2648 Alaska-slab2-v3                                                                  185.9799   50.9999 14.2
  3.583 2649 Alaska-slab2-v3                                                                  185.9571   51.0878 15.7
  3.583 2650 Alaska-slab2-v3                                                                  185.9348   51.1752 17.6
  3.347 2651 Alaska-slab2-v3                                                                  185.9110   51.2620 19.7
  2.892 2652 Alaska-slab2-v3                                                                  185.8833   51.3478 22.0
  3.583 2662 Alaska-slab2-v3                                                                  185.6891   51.0545 14.9
  3.583 2663 Alaska-slab2-v3                                                                  185.6675   51.1422 16.7
  3.583 2664 Alaska-slab2-v3                                                                  185.6451   51.2292 18.7
  3.388 2665 Alaska-slab2-v3                                                                  185.6203   51.3157 20.9
  2.931 2666 Alaska-slab2-v3                                                                  185.5928   51.4011 23.5
  3.583 2676 Alaska-slab2-v3                                                                  185.4172   51.0229 14.4
  3.583 2677 Alaska-slab2-v3                                                                  185.3969   51.1109 16.0
  3.583 2678 Alaska-slab2-v3                                                                  185.3752   51.1980 18.0
  3.333 2679 Alaska-slab2-v3                                                                  185.3522   51.2847 20.2
  2.882 2680 Alaska-slab2-v3                                                                  185.3272   51.3708 22.6
  3.583 2690 Alaska-slab2-v3                                                                  185.1420   50.9925 14.2
  3.583 2691 Alaska-slab2-v3                                                                  185.1230   51.0809 15.6
  3.583 2692 Alaska-slab2-v3                                                                  185.1026   51.1684 17.5
  3.583 2693 Alaska-slab2-v3                                                                  185.0813   51.2553 19.7
  3.365 2694 Alaska-slab2-v3                                                                  185.0579   51.3416 22.1
  2.905 2695 Alaska-slab2-v3                                                                  185.0325   51.4269 24.7
  3.583 2705 Alaska-slab2-v3                                                                  184.8668   50.9635 14.4
  3.583 2706 Alaska-slab2-v3                                                                  184.8487   51.0521 15.7
  3.583 2707 Alaska-slab2-v3                                                                  184.8291   51.1401 17.3
  3.583 2708 Alaska-slab2-v3                                                                  184.8091   51.2274 19.3
  3.331 2709 Alaska-slab2-v3                                                                  184.7869   51.3139 21.7
  2.865 2710 Alaska-slab2-v3                                                                  184.7628   51.3995 24.3
  6.271 2720 Alaska-slab2-v3                                                                  184.5923   50.9359 14.6
  6.271 2721 Alaska-slab2-v3                                                                  184.5748   51.0247 15.8
  6.271 2722 Alaska-slab2-v3                                                                  184.5556   51.1130 17.3
  6.271 2723 Alaska-slab2-v3                                                                  184.5363   51.2007 19.1
  5.831 2724 Alaska-slab2-v3                                                                  184.5152   51.2874 21.4
  5.009 2725 Alaska-slab2-v3                                                                  184.4923   51.3732 24.0
  8.959 2735 Alaska-slab2-v3                                                                  184.3167   50.9099 14.7
  8.959 2736 Alaska-slab2-v3                                                                  184.2999   50.9987 15.9
  8.959 2737 Alaska-slab2-v3                                                                  184.2813   51.0871 17.3
  8.959 2738 Alaska-slab2-v3                                                                  184.2627   51.1751 19.0
  8.378 2739 Alaska-slab2-v3                                                                  184.2425   51.2621 21.2
  7.220 2740 Alaska-slab2-v3                                                                  184.2209   51.3481 23.8
 11.646 2750 Alaska-slab2-v3                                                                  184.0402   50.8858 14.6
 11.646 2751 Alaska-slab2-v3                                                                  184.0244   50.9747 15.9
 11.646 2752 Alaska-slab2-v3                                                                  184.0065   51.0631 17.3
 11.646 2753 Alaska-slab2-v3                                                                  183.9887   51.1511 19.1
 10.964 2754 Alaska-slab2-v3                                                                  183.9695   51.2384 21.1
  9.495 2755 Alaska-slab2-v3                                                                  183.9490   51.3246 23.7
 14.334 2765 Alaska-slab2-v3                                                                  183.7633   50.8640 14.5
 14.334 2766 Alaska-slab2-v3                                                                  183.7487   50.9529 15.8
 14.334 2767 Alaska-slab2-v3                                                                  183.7317   51.0412 17.4
 14.334 2768 Alaska-slab2-v3                                                                  183.7146   51.1291 19.2
 13.535 2769 Alaska-slab2-v3                                                                  183.6962   51.2164 21.3
 11.745 2770 Alaska-slab2-v3                                                                  183.6768   51.3027 23.8
 14.334 2780 Alaska-slab2-v3                                                                  183.4859   50.8448 14.3
 14.334 2781 Alaska-slab2-v3                                                                  183.4725   50.9336 15.6
 14.334 2782 Alaska-slab2-v3                                                                  183.4566   51.0218 17.4
 14.334 2783 Alaska-slab2-v3                                                                  183.4403   51.1095 19.4
 13.503 2784 Alaska-slab2-v3                                                                  183.4229   51.1966 21.6
 11.687 2785 Alaska-slab2-v3                                                                  183.4046   51.2828 24.2
 14.334 2795 Alaska-slab2-v3                                                                  183.2078   50.8284 14.2
 14.334 2796 Alaska-slab2-v3                                                                  183.1956   50.9172 15.6
 14.334 2797 Alaska-slab2-v3                                                                  183.1809   51.0053 17.4
 14.334 2798 Alaska-slab2-v3                                                                  183.1656   51.0928 19.6
 13.459 2799 Alaska-slab2-v3                                                                  183.1494   51.1796 22.0
 11.590 2800 Alaska-slab2-v3                                                                  183.1322   51.2657 24.7
 14.334 2810 Alaska-slab2-v3                                                                  182.9294   50.8151 14.2
 14.334 2811 Alaska-slab2-v3                                                                  182.9181   50.9039 15.6
 14.334 2812 Alaska-slab2-v3                                                                  182.9046   50.9921 17.5
 14.334 2813 Alaska-slab2-v3                                                                  182.8905   51.0794 19.7
 13.459 2814 Alaska-slab2-v3                                                                  182.8754   51.1660 22.2
 14.334 2825 Alaska-slab2-v3                                                                  182.6507   50.8052 14.2
 14.334 2826 Alaska-slab2-v3                                                                  182.6403   50.8941 15.6
 14.334 2827 Alaska-slab2-v3                                                                  182.6279   50.9823 17.4
 13.493 2828 Alaska-slab2-v3                                                                  182.6151   51.0698 19.7
 11.442 2829 Alaska-slab2-v3                                                                  182.6012   51.1562 22.3
 14.334 2839 Alaska-slab2-v3                                                                  182.3720   50.7989 14.1
 14.334 2840 Alaska-slab2-v3                                                                  182.3624   50.8878 15.6
 14.334 2841 Alaska-slab2-v3                                                                  182.3512   50.9762 17.4
 13.683 2842 Alaska-slab2-v3                                                                  182.3395   51.0636 19.7
 11.633 2843 Alaska-slab2-v3                                                                  182.3269   51.1500 22.4
 14.334 2853 Alaska-slab2-v3                                                                  182.0936   50.7965 14.0
 14.334 2854 Alaska-slab2-v3                                                                  182.0847   50.8853 15.6
 14.334 2855 Alaska-slab2-v3                                                                  182.0745   50.9736 17.5
 13.873 2856 Alaska-slab2-v3                                                                  182.0637   51.0610 19.7
 11.842 2857 Alaska-slab2-v3                                                                  182.0522   51.1474 22.5
 14.334 2868 Alaska-slab2-v3                                                                  181.8068   50.8865 15.6
 14.334 2869 Alaska-slab2-v3                                                                  181.7974   50.9745 17.6
 14.052 2870 Alaska-slab2-v3                                                                  181.7875   51.0618 20.0
 12.019 2871 Alaska-slab2-v3                                                                  181.7772   51.1481 22.8
 14.334 2882 Alaska-slab2-v3                                                                  181.5284   50.8914 15.7
 14.334 2883 Alaska-slab2-v3                                                                  181.5199   50.9791 17.9
 14.228 2884 Alaska-slab2-v3                                                                  181.5111   51.0661 20.4
 12.157 2885 Alaska-slab2-v3                                                                  181.5020   51.1520 23.4
 14.334 2895 Alaska-slab2-v3                                                                  181.2558   50.8118 14.1
 14.334 2896 Alaska-slab2-v3                                                                  181.2495   50.9001 16.0
 14.334 2897 Alaska-slab2-v3                                                                  181.2423   50.9875 18.4
 12.266 2898 Alaska-slab2-v3                                                                  181.2349   51.0739 21.1
  9.825 2899 Alaska-slab2-v3                                                                  181.2272   51.1593 24.2
 14.334 2908 Alaska-slab2-v3                                                                  180.9758   50.8239 14.5
 14.334 2909 Alaska-slab2-v3                                                                  180.9708   50.9120 16.5
 14.334 2910 Alaska-slab2-v3                                                                  180.9650   50.9992 19.0
 12.396 2911 Alaska-slab2-v3                                                                  180.9593   51.0852 21.9
 14.334 2921 Alaska-slab2-v3                                                                  180.6963   50.8386 15.0
 14.334 2922 Alaska-slab2-v3                                                                  180.6925   50.9266 17.1
 14.334 2923 Alaska-slab2-v3                                                                  180.6884   51.0136 19.7
 12.479 2924 Alaska-slab2-v3                                                                  180.6843   51.0991 22.8
