 11.919 2474 Alaska-slab2-v3                                                                  189.6864   51.7088 14.1
  9.802 2475 Alaska-slab2-v3                                                                  189.6395   51.7924 15.9
  7.158 2476 Alaska-slab2-v3                                                                  189.5966   51.8761 18.1
  3.918 2477 Alaska-slab2-v3                                                                  189.5517   51.9580 20.9
 11.814 2487 Alaska-slab2-v3                                                                  189.4233   51.6486 14.6
  9.678 2488 Alaska-slab2-v3                                                                  189.3786   51.7326 16.5
  7.020 2489 Alaska-slab2-v3                                                                  189.3368   51.8163 18.8
  3.817 2490 Alaska-slab2-v3                                                                  189.2920   51.8981 21.6
  9.313 2500 Alaska-slab2-v3                                                                  189.1606   51.5928 15.2
  6.763 2501 Alaska-slab2-v3                                                                  189.1191   51.6771 17.3
  3.638 2502 Alaska-slab2-v3                                                                  189.0776   51.7604 19.8
 11.405 2512 Alaska-slab2-v3                                                                  188.9407   51.4562 14.3
  9.368 2513 Alaska-slab2-v3                                                                  188.8984   51.5409 16.0
  6.691 2514 Alaska-slab2-v3                                                                  188.8598   51.6253 18.3
  3.529 2515 Alaska-slab2-v3                                                                  188.8181   51.7081 21.0
  9.082 2525 Alaska-slab2-v3                                                                  188.6752   51.4069 15.0
  6.680 2526 Alaska-slab2-v3                                                                  188.6360   51.4919 16.9
  3.558 2527 Alaska-slab2-v3                                                                  188.5981   51.5760 19.3
 10.647 2537 Alaska-slab2-v3                                                                  188.4488   51.2742 14.3
  9.050 2538 Alaska-slab2-v3                                                                  188.4086   51.3599 15.6
  6.586 2539 Alaska-slab2-v3                                                                  188.3715   51.4450 17.6
  3.467 2540 Alaska-slab2-v3                                                                  188.3330   51.5288 20.1
 10.552 2549 Alaska-slab2-v3                                                                  188.1783   51.2288 14.7
  8.967 2550 Alaska-slab2-v3                                                                  188.1402   51.3148 16.0
  6.425 2551 Alaska-slab2-v3                                                                  188.1045   51.3999 18.1
  3.376 2552 Alaska-slab2-v3                                                                  188.0659   51.4837 20.6
 11.658 2560 Alaska-slab2-v3                                                                  187.9448   51.0992 14.0
 10.586 2561 Alaska-slab2-v3                                                                  187.9064   51.1856 14.9
  8.907 2562 Alaska-slab2-v3                                                                  187.8701   51.2717 16.3
  6.287 2563 Alaska-slab2-v3                                                                  187.8356   51.3569 18.5
  3.275 2564 Alaska-slab2-v3                                                                  187.7975   51.4407 21.1
 10.787 2573 Alaska-slab2-v3                                                                  187.6335   51.1444 15.0
  8.935 2574 Alaska-slab2-v3                                                                  187.5990   51.2306 16.6
  6.226 2575 Alaska-slab2-v3                                                                  187.5659   51.3157 18.9
  3.213 2576 Alaska-slab2-v3                                                                  187.5286   51.3996 21.5
 11.044 2585 Alaska-slab2-v3                                                                  187.3605   51.1042 14.9
  9.049 2586 Alaska-slab2-v3                                                                  187.3276   51.1904 16.6
  6.276 2587 Alaska-slab2-v3                                                                  187.2958   51.2756 19.0
  3.202 2588 Alaska-slab2-v3                                                                  187.2596   51.3594 21.7
 11.185 2597 Alaska-slab2-v3                                                                  187.0879   51.0642 14.8
  9.137 2598 Alaska-slab2-v3                                                                  187.0563   51.1506 16.5
  6.425 2599 Alaska-slab2-v3                                                                  187.0262   51.2361 18.9
  3.294 2600 Alaska-slab2-v3                                                                  186.9916   51.3201 21.5
 11.017 2609 Alaska-slab2-v3                                                                  186.8157   51.0243 14.5
  8.991 2610 Alaska-slab2-v3                                                                  186.7857   51.1111 16.2
  6.462 2611 Alaska-slab2-v3                                                                  186.7578   51.1974 18.3
  3.417 2612 Alaska-slab2-v3                                                                  186.7261   51.2821 20.8
  8.562 2621 Alaska-slab2-v3                                                                  186.5444   50.9853 14.0
  6.922 2622 Alaska-slab2-v3                                                                  186.5161   51.0725 15.6
  5.024 2623 Alaska-slab2-v3                                                                  186.4904   51.1595 17.5
  2.723 2624 Alaska-slab2-v3                                                                  186.4633   51.2456 19.7
  6.500 2635 Alaska-slab2-v3                                                                  186.2478   51.0353 15.0
  5.246 2636 Alaska-slab2-v3                                                                  186.2236   51.1228 16.6
  3.775 2637 Alaska-slab2-v3                                                                  186.2002   51.2099 18.6
  2.064 2638 Alaska-slab2-v3                                                                  186.1726   51.2958 20.9
  4.392 2648 Alaska-slab2-v3                                                                  185.9799   50.9999 14.2
  3.535 2649 Alaska-slab2-v3                                                                  185.9571   51.0878 15.7
  2.492 2650 Alaska-slab2-v3                                                                  185.9348   51.1752 17.6
  1.319 2651 Alaska-slab2-v3                                                                  185.9110   51.2620 19.7
  2.581 2662 Alaska-slab2-v3                                                                  185.6891   51.0545 14.9
  2.049 2663 Alaska-slab2-v3                                                                  185.6675   51.1422 16.7
  1.427 2664 Alaska-slab2-v3                                                                  185.6451   51.2292 18.7
  0.765 2665 Alaska-slab2-v3                                                                  185.6203   51.3157 20.9
  2.580 2676 Alaska-slab2-v3                                                                  185.4172   51.0229 14.4
  2.081 2677 Alaska-slab2-v3                                                                  185.3969   51.1109 16.0
  1.441 2678 Alaska-slab2-v3                                                                  185.3752   51.1980 18.0
  0.747 2679 Alaska-slab2-v3                                                                  185.3522   51.2847 20.2
  3.012 2690 Alaska-slab2-v3                                                                  185.1420   50.9925 14.2
  2.608 2691 Alaska-slab2-v3                                                                  185.1230   51.0809 15.6
  2.072 2692 Alaska-slab2-v3                                                                  185.1026   51.1684 17.5
  1.445 2693 Alaska-slab2-v3                                                                  185.0813   51.2553 19.7
  0.765 2694 Alaska-slab2-v3                                                                  185.0579   51.3416 22.1
  2.892 2705 Alaska-slab2-v3                                                                  184.8668   50.9635 14.4
  2.522 2706 Alaska-slab2-v3                                                                  184.8487   51.0521 15.7
  2.044 2707 Alaska-slab2-v3                                                                  184.8291   51.1401 17.3
  1.452 2708 Alaska-slab2-v3                                                                  184.8091   51.2274 19.3
  0.767 2709 Alaska-slab2-v3                                                                  184.7869   51.3139 21.7
  2.770 2720 Alaska-slab2-v3                                                                  184.5923   50.9359 14.6
  2.421 2721 Alaska-slab2-v3                                                                  184.5748   51.0247 15.8
  1.983 2722 Alaska-slab2-v3                                                                  184.5556   51.1130 17.3
  1.439 2723 Alaska-slab2-v3                                                                  184.5363   51.2007 19.1
  0.774 2724 Alaska-slab2-v3                                                                  184.5152   51.2874 21.4
  2.696 2735 Alaska-slab2-v3                                                                  184.3167   50.9099 14.7
  2.347 2736 Alaska-slab2-v3                                                                  184.2999   50.9987 15.9
  1.926 2737 Alaska-slab2-v3                                                                  184.2813   51.0871 17.3
  1.406 2738 Alaska-slab2-v3                                                                  184.2627   51.1751 19.0
  0.767 2739 Alaska-slab2-v3                                                                  184.2425   51.2621 21.2
  2.702 2750 Alaska-slab2-v3                                                                  184.0402   50.8858 14.6
  2.337 2751 Alaska-slab2-v3                                                                  184.0244   50.9747 15.9
  1.899 2752 Alaska-slab2-v3                                                                  184.0065   51.0631 17.3
  1.378 2753 Alaska-slab2-v3                                                                  183.9887   51.1511 19.1
  0.755 2754 Alaska-slab2-v3                                                                  183.9695   51.2384 21.1
  2.782 2765 Alaska-slab2-v3                                                                  183.7633   50.8640 14.5
  2.398 2766 Alaska-slab2-v3                                                                  183.7487   50.9529 15.8
  1.928 2767 Alaska-slab2-v3                                                                  183.7317   51.0412 17.4
  1.375 2768 Alaska-slab2-v3                                                                  183.7146   51.1291 19.2
  0.750 2769 Alaska-slab2-v3                                                                  183.6962   51.2164 21.3
  2.907 2780 Alaska-slab2-v3                                                                  183.4859   50.8448 14.3
  2.509 2781 Alaska-slab2-v3                                                                  183.4725   50.9336 15.6
  2.003 2782 Alaska-slab2-v3                                                                  183.4566   51.0218 17.4
  1.414 2783 Alaska-slab2-v3                                                                  183.4403   51.1095 19.4
  0.758 2784 Alaska-slab2-v3                                                                  183.4229   51.1966 21.6
  3.014 2795 Alaska-slab2-v3                                                                  183.2078   50.8284 14.2
  2.609 2796 Alaska-slab2-v3                                                                  183.1956   50.9172 15.6
  2.086 2797 Alaska-slab2-v3                                                                  183.1809   51.0053 17.4
  1.465 2798 Alaska-slab2-v3                                                                  183.1656   51.0928 19.6
  0.776 2799 Alaska-slab2-v3                                                                  183.1494   51.1796 22.0
  2.570 2810 Alaska-slab2-v3                                                                  182.9294   50.8151 14.2
  2.114 2811 Alaska-slab2-v3                                                                  182.9181   50.9039 15.6
  1.527 2812 Alaska-slab2-v3                                                                  182.9046   50.9921 17.5
  0.816 2813 Alaska-slab2-v3                                                                  182.8905   51.0794 19.7
  2.584 2825 Alaska-slab2-v3                                                                  182.6507   50.8052 14.2
  2.127 2826 Alaska-slab2-v3                                                                  182.6403   50.8941 15.6
  1.555 2827 Alaska-slab2-v3                                                                  182.6279   50.9823 17.4
  0.844 2828 Alaska-slab2-v3                                                                  182.6151   51.0698 19.7
  2.604 2839 Alaska-slab2-v3                                                                  182.3720   50.7989 14.1
  2.134 2840 Alaska-slab2-v3                                                                  182.3624   50.8878 15.6
  1.560 2841 Alaska-slab2-v3                                                                  182.3512   50.9762 17.4
  0.853 2842 Alaska-slab2-v3                                                                  182.3395   51.0636 19.7
  2.663 2853 Alaska-slab2-v3                                                                  182.0936   50.7965 14.0
  2.167 2854 Alaska-slab2-v3                                                                  182.0847   50.8853 15.6
  1.573 2855 Alaska-slab2-v3                                                                  182.0745   50.9736 17.5
  0.856 2856 Alaska-slab2-v3                                                                  182.0637   51.0610 19.7
  2.240 2868 Alaska-slab2-v3                                                                  181.8068   50.8865 15.6
  1.608 2869 Alaska-slab2-v3                                                                  181.7974   50.9745 17.6
  0.866 2870 Alaska-slab2-v3                                                                  181.7875   51.0618 20.0
  2.331 2882 Alaska-slab2-v3                                                                  181.5284   50.8914 15.7
  1.663 2883 Alaska-slab2-v3                                                                  181.5199   50.9791 17.9
  0.889 2884 Alaska-slab2-v3                                                                  181.5111   51.0661 20.4
  2.978 2895 Alaska-slab2-v3                                                                  181.2558   50.8118 14.1
  2.413 2896 Alaska-slab2-v3                                                                  181.2495   50.9001 16.0
  1.723 2897 Alaska-slab2-v3                                                                  181.2423   50.9875 18.4
  0.919 2898 Alaska-slab2-v3                                                                  181.2349   51.0739 21.1
  2.404 2908 Alaska-slab2-v3                                                                  180.9758   50.8239 14.5
  1.753 2909 Alaska-slab2-v3                                                                  180.9708   50.9120 16.5
  0.954 2910 Alaska-slab2-v3                                                                  180.9650   50.9992 19.0
  2.425 2921 Alaska-slab2-v3                                                                  180.6963   50.8386 15.0
  1.771 2922 Alaska-slab2-v3                                                                  180.6925   50.9266 17.1
  0.968 2923 Alaska-slab2-v3                                                                  180.6884   51.0136 19.7
