  5.446 1765 Alaska-slab2-v3                                                                  202.7468   54.2407  8.1
  5.232 1766 Alaska-slab2-v3                                                                  202.6515   54.3106  9.4
  4.540 1767 Alaska-slab2-v3                                                                  202.5552   54.3803 10.6
  3.914 1768 Alaska-slab2-v3                                                                  202.4578   54.4497 11.6
  3.312 1769 Alaska-slab2-v3                                                                  202.3600   54.5191 12.6
  2.661 1770 Alaska-slab2-v3                                                                  202.2619   54.5883 13.7
  1.921 1771 Alaska-slab2-v3                                                                  202.1648   54.6578 14.9
  5.446 1784 Alaska-slab2-v3                                                                  202.4519   54.1833  8.1
  5.409 1785 Alaska-slab2-v3                                                                  202.3560   54.2528  9.5
  4.709 1786 Alaska-slab2-v3                                                                  202.2587   54.3219 10.7
  4.072 1787 Alaska-slab2-v3                                                                  202.1601   54.3906 11.8
  3.436 1788 Alaska-slab2-v3                                                                  202.0612   54.4592 12.9
  2.753 1789 Alaska-slab2-v3                                                                  201.9621   54.5277 14.1
  5.446 1803 Alaska-slab2-v3                                                                  202.1571   54.1283  8.2
  5.446 1804 Alaska-slab2-v3                                                                  202.0608   54.1975  9.5
  4.852 1805 Alaska-slab2-v3                                                                  201.9626   54.2661 10.8
  4.197 1806 Alaska-slab2-v3                                                                  201.8628   54.3340 11.9
  3.530 1807 Alaska-slab2-v3                                                                  201.7627   54.4018 13.1
  2.813 1808 Alaska-slab2-v3                                                                  201.6629   54.4697 14.4
  5.446 1821 Alaska-slab2-v3                                                                  201.8617   54.0745  8.2
  5.121 1822 Alaska-slab2-v3                                                                  201.7650   54.1434  9.6
  4.351 1823 Alaska-slab2-v3                                                                  201.6662   54.2115 10.9
  3.617 1824 Alaska-slab2-v3                                                                  201.5657   54.2789 12.1
  2.871 1825 Alaska-slab2-v3                                                                  201.4649   54.3462 13.3
  2.040 1826 Alaska-slab2-v3                                                                  201.3653   54.4140 14.7
  5.446 1839 Alaska-slab2-v3                                                                  201.5647   54.0202  8.3
  5.226 1840 Alaska-slab2-v3                                                                  201.4665   54.0882  9.8
  4.477 1841 Alaska-slab2-v3                                                                  201.3671   54.1560 11.1
  3.762 1842 Alaska-slab2-v3                                                                  201.2668   54.2234 12.3
  3.019 1843 Alaska-slab2-v3                                                                  201.1661   54.2907 13.6
  9.531 1856 Alaska-slab2-v3                                                                  201.2655   53.9641  8.6
  9.223 1857 Alaska-slab2-v3                                                                  201.1650   54.0308 10.1
  7.945 1858 Alaska-slab2-v3                                                                  201.0653   54.0982 11.4
  6.744 1859 Alaska-slab2-v3                                                                  200.9656   54.1659 12.6
  5.456 1860 Alaska-slab2-v3                                                                  200.8656   54.2334 13.9
 13.616 1873 Alaska-slab2-v3                                                                  200.9652   53.9058  8.9
 11.395 1874 Alaska-slab2-v3                                                                  200.8627   53.9709 10.5
  9.363 1875 Alaska-slab2-v3                                                                  200.7636   54.0385 11.9
  7.481 1876 Alaska-slab2-v3                                                                  200.6643   54.1064 13.1
  5.434 1877 Alaska-slab2-v3                                                                  200.5657   54.1744 14.5
 17.700 1890 Alaska-slab2-v3                                                                  200.6664   53.8460  9.2
 14.633 1891 Alaska-slab2-v3                                                                  200.5628   53.9102 11.0
 12.002 1892 Alaska-slab2-v3                                                                  200.4644   53.9780 12.4
  9.617 1893 Alaska-slab2-v3                                                                  200.3654   54.0459 13.6
 21.785 1907 Alaska-slab2-v3                                                                  200.3709   53.7866  9.5
 17.743 1908 Alaska-slab2-v3                                                                  200.2675   53.8503 11.3
 14.546 1909 Alaska-slab2-v3                                                                  200.1695   53.9183 12.7
 11.669 1910 Alaska-slab2-v3                                                                  200.0710   53.9863 14.0
 21.694 1924 Alaska-slab2-v3                                                                  200.0792   53.7284  9.6
 17.541 1925 Alaska-slab2-v3                                                                  199.9768   53.7924 11.5
 14.410 1926 Alaska-slab2-v3                                                                  199.8801   53.8610 12.9
 11.619 1927 Alaska-slab2-v3                                                                  199.7829   53.9297 14.1
 21.534 1941 Alaska-slab2-v3                                                                  199.7909   53.6720  9.6
 17.378 1942 Alaska-slab2-v3                                                                  199.6904   53.7369 11.5
 14.318 1943 Alaska-slab2-v3                                                                  199.5958   53.8066 12.8
 11.600 1944 Alaska-slab2-v3                                                                  199.5008   53.8763 14.0
 21.390 1958 Alaska-slab2-v3                                                                  199.5056   53.6169  9.6
 17.233 1959 Alaska-slab2-v3                                                                  199.4072   53.6831 11.3
 14.190 1960 Alaska-slab2-v3                                                                  199.3153   53.7539 12.6
 11.496 1961 Alaska-slab2-v3                                                                  199.2228   53.8248 13.8
 21.274 1975 Alaska-slab2-v3                                                                  199.2223   53.5625  9.4
 17.138 1976 Alaska-slab2-v3                                                                  199.1261   53.6299 11.1
 14.000 1977 Alaska-slab2-v3                                                                  199.0365   53.7018 12.4
 11.291 1978 Alaska-slab2-v3                                                                  198.9464   53.7737 13.6
  8.296 1979 Alaska-slab2-v3                                                                  198.8576   53.8460 14.8
 21.785 1992 Alaska-slab2-v3                                                                  198.9403   53.5080  9.2
 19.866 1993 Alaska-slab2-v3                                                                  198.8460   53.5765 10.9
 16.966 1994 Alaska-slab2-v3                                                                  198.7579   53.6489 12.2
 14.414 1995 Alaska-slab2-v3                                                                  198.6694   53.7215 13.4
 11.732 1996 Alaska-slab2-v3                                                                  198.5814   53.7941 14.6
 21.785 2008 Alaska-slab2-v3                                                                  198.6587   53.4528  9.0
 20.109 2009 Alaska-slab2-v3                                                                  198.5659   53.5222 10.6
 17.110 2010 Alaska-slab2-v3                                                                  198.4779   53.5946 12.0
 14.420 2011 Alaska-slab2-v3                                                                  198.3898   53.6672 13.2
 11.642 2012 Alaska-slab2-v3                                                                  198.3020   53.7399 14.5
 21.785 2024 Alaska-slab2-v3                                                                  198.3749   53.3958  8.9
 20.575 2025 Alaska-slab2-v3                                                                  198.2830   53.4657 10.6
 17.567 2026 Alaska-slab2-v3                                                                  198.1946   53.5378 11.9
 14.799 2027 Alaska-slab2-v3                                                                  198.1064   53.6102 13.2
 11.857 2028 Alaska-slab2-v3                                                                  198.0189   53.6829 14.6
 21.785 2040 Alaska-slab2-v3                                                                  198.0871   53.3362  9.0
 18.495 2041 Alaska-slab2-v3                                                                  197.9952   53.4060 10.7
 15.218 2042 Alaska-slab2-v3                                                                  197.9073   53.4782 12.1
 12.151 2043 Alaska-slab2-v3                                                                  197.8192   53.5506 13.4
  8.756 2044 Alaska-slab2-v3                                                                  197.7333   53.6236 14.9
 17.700 2056 Alaska-slab2-v3                                                                  197.7964   53.2740  9.4
 15.094 2057 Alaska-slab2-v3                                                                  197.7048   53.3436 11.2
 12.596 2058 Alaska-slab2-v3                                                                  197.6178   53.4162 12.6
 10.226 2059 Alaska-slab2-v3                                                                  197.5304   53.4887 13.9
 12.167 2071 Alaska-slab2-v3                                                                  197.5054   53.2094 10.1
  9.404 2072 Alaska-slab2-v3                                                                  197.4159   53.2794 12.0
  7.443 2073 Alaska-slab2-v3                                                                  197.3297   53.3524 13.3
  5.541 2074 Alaska-slab2-v3                                                                  197.2445   53.4258 14.6
  8.106 2086 Alaska-slab2-v3                                                                  197.2162   53.1421 11.0
  6.197 2087 Alaska-slab2-v3                                                                  197.1304   53.2137 12.9
  5.028 2088 Alaska-slab2-v3                                                                  197.0449   53.2870 14.0
  5.446 2100 Alaska-slab2-v3                                                                  197.0307   53.0183  8.2
  4.341 2101 Alaska-slab2-v3                                                                  196.9324   53.0739 11.7
  3.298 2102 Alaska-slab2-v3                                                                  196.8491   53.1466 13.6
  2.762 2103 Alaska-slab2-v3                                                                  196.7645   53.2206 14.6
  5.446 2115 Alaska-slab2-v3                                                                  196.7498   52.9534  8.5
  4.065 2116 Alaska-slab2-v3                                                                  196.6541   53.0059 12.4
  3.088 2117 Alaska-slab2-v3                                                                  196.5720   53.0791 14.1
  2.708 2118 Alaska-slab2-v3                                                                  196.4889   53.1538 14.8
  5.446 2130 Alaska-slab2-v3                                                                  196.4706   52.8875  8.7
  3.863 2131 Alaska-slab2-v3                                                                  196.3781   52.9384 12.8
  2.936 2132 Alaska-slab2-v3                                                                  196.2978   53.0122 14.5
  2.689 2133 Alaska-slab2-v3                                                                  196.2163   53.0876 14.9
  5.446 2145 Alaska-slab2-v3                                                                  196.1928   52.8211  8.8
  3.762 2146 Alaska-slab2-v3                                                                  196.1029   52.8721 13.0
  2.853 2147 Alaska-slab2-v3                                                                  196.0243   52.9465 14.7
  2.683 2148 Alaska-slab2-v3                                                                  195.9443   53.0225 15.0
