  2.680 0904 Alaska-slab2-v3                                                                  211.9868   57.5137  6.7
  2.680 0905 Alaska-slab2-v3                                                                  211.8526   57.5663  8.1
  2.680 0906 Alaska-slab2-v3                                                                  211.7178   57.6189  9.4
  2.680 0907 Alaska-slab2-v3                                                                  211.5824   57.6714 10.6
  2.680 0908 Alaska-slab2-v3                                                                  211.4462   57.7238 11.5
  2.680 0909 Alaska-slab2-v3                                                                  211.3094   57.7761 12.4
  2.680 0910 Alaska-slab2-v3                                                                  211.1721   57.8283 13.1
  2.680 0911 Alaska-slab2-v3                                                                  211.0343   57.8803 13.7
  2.680 0912 Alaska-slab2-v3                                                                  210.8961   57.9322 14.3
  2.625 0913 Alaska-slab2-v3                                                                  210.7591   57.9852 14.9
  2.515 0914 Alaska-slab2-v3                                                                  210.6275   58.0418 15.5
  2.401 0915 Alaska-slab2-v3                                                                  210.4993   58.1009 16.1
  2.280 0916 Alaska-slab2-v3                                                                  210.3708   58.1598 16.8
  2.151 0917 Alaska-slab2-v3                                                                  210.2419   58.2186 17.5
  2.019 0918 Alaska-slab2-v3                                                                  210.1125   58.2773 18.2
  1.880 0919 Alaska-slab2-v3                                                                  209.9828   58.3358 19.0
  1.733 0920 Alaska-slab2-v3                                                                  209.8510   58.3930 19.8
  2.680 0937 Alaska-slab2-v3                                                                  211.7476   57.3859  6.7
  2.680 0938 Alaska-slab2-v3                                                                  211.6147   57.4395  7.9
  2.680 0939 Alaska-slab2-v3                                                                  211.4814   57.4929  9.1
  2.680 0940 Alaska-slab2-v3                                                                  211.3469   57.5459 10.2
  2.680 0941 Alaska-slab2-v3                                                                  211.2112   57.5983 11.2
  2.680 0942 Alaska-slab2-v3                                                                  211.0747   57.6504 12.1
  2.680 0943 Alaska-slab2-v3                                                                  210.9378   57.7023 12.9
  2.680 0944 Alaska-slab2-v3                                                                  210.8003   57.7542 13.7
  2.680 0945 Alaska-slab2-v3                                                                  210.6624   57.8059 14.4
  2.634 0946 Alaska-slab2-v3                                                                  210.5277   57.8598 15.0
  2.512 0947 Alaska-slab2-v3                                                                  210.3991   57.9180 15.7
  2.391 0948 Alaska-slab2-v3                                                                  210.2732   57.9782 16.4
  2.267 0949 Alaska-slab2-v3                                                                  210.1468   58.0382 17.0
  2.138 0950 Alaska-slab2-v3                                                                  210.0201   58.0980 17.8
  2.008 0951 Alaska-slab2-v3                                                                  209.8930   58.1578 18.5
  1.872 0952 Alaska-slab2-v3                                                                  209.7654   58.2174 19.2
  2.680 0970 Alaska-slab2-v3                                                                  211.4967   57.2642  6.6
  2.680 0971 Alaska-slab2-v3                                                                  211.3640   57.3176  7.8
  2.680 0972 Alaska-slab2-v3                                                                  211.2308   57.3710  9.0
  2.680 0973 Alaska-slab2-v3                                                                  211.0969   57.4240 10.1
  2.680 0974 Alaska-slab2-v3                                                                  210.9619   57.4765 11.1
  2.680 0975 Alaska-slab2-v3                                                                  210.8263   57.5288 12.1
  2.680 0976 Alaska-slab2-v3                                                                  210.6901   57.5810 12.9
  2.680 0977 Alaska-slab2-v3                                                                  210.5535   57.6331 13.7
  2.627 0978 Alaska-slab2-v3                                                                  210.4165   57.6851 14.5
  2.491 0979 Alaska-slab2-v3                                                                  210.2846   57.7406 15.2
  2.359 0980 Alaska-slab2-v3                                                                  210.1595   57.8006 15.9
  2.231 0981 Alaska-slab2-v3                                                                  210.0354   57.8616 16.6
  2.101 0982 Alaska-slab2-v3                                                                  209.9110   57.9225 17.3
  1.973 0983 Alaska-slab2-v3                                                                  209.7861   57.9832 18.0
  1.841 0984 Alaska-slab2-v3                                                                  209.6608   58.0438 18.7
  1.705 0985 Alaska-slab2-v3                                                                  209.5351   58.1043 19.4
  2.680 1002 Alaska-slab2-v3                                                                  211.2352   57.1486  6.7
  2.680 1003 Alaska-slab2-v3                                                                  211.1013   57.2007  7.9
  2.680 1004 Alaska-slab2-v3                                                                  210.9669   57.2526  9.2
  2.680 1005 Alaska-slab2-v3                                                                  210.8334   57.3056 10.3
  2.680 1006 Alaska-slab2-v3                                                                  210.7011   57.3598 11.3
  2.680 1007 Alaska-slab2-v3                                                                  210.5684   57.4139 12.2
  2.680 1008 Alaska-slab2-v3                                                                  210.4353   57.4680 13.0
  2.680 1009 Alaska-slab2-v3                                                                  210.3017   57.5220 13.7
  2.680 1010 Alaska-slab2-v3                                                                  210.1676   57.5759 14.5
  2.568 1011 Alaska-slab2-v3                                                                  210.0377   57.6325 15.2
  2.439 1012 Alaska-slab2-v3                                                                  209.9135   57.6930 15.9
  2.308 1013 Alaska-slab2-v3                                                                  209.7905   57.7543 16.6
  2.177 1014 Alaska-slab2-v3                                                                  209.6671   57.8155 17.3
  2.044 1015 Alaska-slab2-v3                                                                  209.5433   57.8766 18.0
  1.914 1016 Alaska-slab2-v3                                                                  209.4190   57.9376 18.7
  1.781 1017 Alaska-slab2-v3                                                                  209.2944   57.9985 19.4
  2.680 1034 Alaska-slab2-v3                                                                  210.9648   57.0387  6.8
  2.680 1035 Alaska-slab2-v3                                                                  210.8281   57.0879  8.2
  2.680 1036 Alaska-slab2-v3                                                                  210.6921   57.1379  9.5
  2.680 1037 Alaska-slab2-v3                                                                  210.5617   57.1925 10.6
  2.680 1038 Alaska-slab2-v3                                                                  210.4359   57.2507 11.6
  2.680 1039 Alaska-slab2-v3                                                                  210.3097   57.3090 12.3
  2.680 1040 Alaska-slab2-v3                                                                  210.1830   57.3673 13.0
  2.680 1041 Alaska-slab2-v3                                                                  210.0559   57.4255 13.6
  2.680 1042 Alaska-slab2-v3                                                                  209.9283   57.4835 14.2
  2.580 1043 Alaska-slab2-v3                                                                  209.8016   57.5422 14.8
  2.455 1044 Alaska-slab2-v3                                                                  209.6765   57.6020 15.5
  2.316 1045 Alaska-slab2-v3                                                                  209.5515   57.6619 16.2
  2.165 1046 Alaska-slab2-v3                                                                  209.4259   57.7216 17.0
  2.011 1047 Alaska-slab2-v3                                                                  209.2999   57.7811 17.8
  1.857 1048 Alaska-slab2-v3                                                                  209.1735   57.8405 18.6
  1.707 1049 Alaska-slab2-v3                                                                  209.0467   57.8997 19.5
  2.680 1065 Alaska-slab2-v3                                                                  210.6874   56.9346  6.8
  2.680 1066 Alaska-slab2-v3                                                                  210.5480   56.9808  8.4
  2.680 1067 Alaska-slab2-v3                                                                  210.4119   57.0299  9.8
  2.680 1068 Alaska-slab2-v3                                                                  210.2868   57.0872 10.9
  2.680 1069 Alaska-slab2-v3                                                                  210.1685   57.1498 11.8
  2.680 1070 Alaska-slab2-v3                                                                  210.0496   57.2125 12.4
  2.680 1071 Alaska-slab2-v3                                                                  209.9302   57.2750 12.9
  2.680 1072 Alaska-slab2-v3                                                                  209.8103   57.3375 13.4
  2.680 1073 Alaska-slab2-v3                                                                  209.6901   57.3999 13.8
  2.641 1074 Alaska-slab2-v3                                                                  209.5694   57.4622 14.3
  2.525 1075 Alaska-slab2-v3                                                                  209.4478   57.5238 14.9
  2.381 1076 Alaska-slab2-v3                                                                  209.3210   57.5823 15.7
  2.211 1077 Alaska-slab2-v3                                                                  209.1897   57.6379 16.6
  2.023 1078 Alaska-slab2-v3                                                                  209.0581   57.6934 17.6
  1.835 1079 Alaska-slab2-v3                                                                  208.9260   57.7487 18.6
  1.655 1080 Alaska-slab2-v3                                                                  208.7936   57.8039 19.5
  2.680 1095 Alaska-slab2-v3                                                                  210.4074   56.8380  6.8
  2.680 1096 Alaska-slab2-v3                                                                  210.2708   56.8864  8.3
  2.680 1097 Alaska-slab2-v3                                                                  210.1362   56.9367  9.6
  2.680 1098 Alaska-slab2-v3                                                                  210.0128   56.9950 10.7
  2.680 1099 Alaska-slab2-v3                                                                  209.8978   57.0594 11.5
  2.680 1100 Alaska-slab2-v3                                                                  209.7823   57.1238 12.1
  2.680 1101 Alaska-slab2-v3                                                                  209.6663   57.1881 12.6
  2.680 1102 Alaska-slab2-v3                                                                  209.5498   57.2524 13.0
  2.680 1103 Alaska-slab2-v3                                                                  209.4329   57.3166 13.4
  2.680 1104 Alaska-slab2-v3                                                                  209.3157   57.3806 13.9
  2.601 1105 Alaska-slab2-v3                                                                  209.1981   57.4444 14.5
  2.438 1106 Alaska-slab2-v3                                                                  209.0722   57.5028 15.4
  2.235 1107 Alaska-slab2-v3                                                                  208.9368   57.5550 16.5
  2.011 1108 Alaska-slab2-v3                                                                  208.8000   57.6062 17.6
  1.785 1109 Alaska-slab2-v3                                                                  208.6628   57.6573 18.8
  1.578 1110 Alaska-slab2-v3                                                                  208.5262   57.7091 19.9
  2.680 1124 Alaska-slab2-v3                                                                  210.1278   56.7480  6.7
  2.680 1125 Alaska-slab2-v3                                                                  210.0014   56.8041  8.0
  2.680 1126 Alaska-slab2-v3                                                                  209.8744   56.8602  9.1
  2.680 1127 Alaska-slab2-v3                                                                  209.7519   56.9196 10.1
  2.680 1128 Alaska-slab2-v3                                                                  209.6341   56.9823 10.9
  2.680 1129 Alaska-slab2-v3                                                                  209.5161   57.0452 11.5
  2.680 1130 Alaska-slab2-v3                                                                  209.3976   57.1080 12.0
  2.680 1131 Alaska-slab2-v3                                                                  209.2787   57.1707 12.5
  2.680 1132 Alaska-slab2-v3                                                                  209.1594   57.2333 13.0
  2.680 1133 Alaska-slab2-v3                                                                  209.0398   57.2957 13.7
  2.606 1134 Alaska-slab2-v3                                                                  208.9194   57.3575 14.5
  2.403 1135 Alaska-slab2-v3                                                                  208.7913   57.4141 15.6
  2.160 1136 Alaska-slab2-v3                                                                  208.6549   57.4649 16.9
  1.904 1137 Alaska-slab2-v3                                                                  208.5171   57.5147 18.2
  1.658 1138 Alaska-slab2-v3                                                                  208.3798   57.5651 19.5
  4.690 1153 Alaska-slab2-v3                                                                  209.8466   56.6594  6.6
  4.690 1154 Alaska-slab2-v3                                                                  209.7304   56.7223  7.6
  4.690 1155 Alaska-slab2-v3                                                                  209.6138   56.7850  8.6
  4.690 1156 Alaska-slab2-v3                                                                  209.4968   56.8478  9.5
  4.690 1157 Alaska-slab2-v3                                                                  209.3777   56.9096 10.4
  4.690 1158 Alaska-slab2-v3                                                                  209.2553   56.9697 11.1
  4.690 1159 Alaska-slab2-v3                                                                  209.1314   57.0291 11.7
  4.690 1160 Alaska-slab2-v3                                                                  209.0072   57.0883 12.4
  4.690 1161 Alaska-slab2-v3                                                                  208.8826   57.1474 13.1
  4.690 1162 Alaska-slab2-v3                                                                  208.7578   57.2063 14.0
  4.629 1163 Alaska-slab2-v3                                                                  208.6310   57.2637 15.1
  4.226 1164 Alaska-slab2-v3                                                                  208.4990   57.3173 16.4
  3.789 1165 Alaska-slab2-v3                                                                  208.3638   57.3687 17.8
  3.358 1166 Alaska-slab2-v3                                                                  208.2285   57.4201 19.1
  6.700 1181 Alaska-slab2-v3                                                                  209.5620   56.5690  6.5
  6.700 1182 Alaska-slab2-v3                                                                  209.4493   56.6338  7.4
  6.700 1183 Alaska-slab2-v3                                                                  209.3362   56.6985  8.4
  6.700 1184 Alaska-slab2-v3                                                                  209.2227   56.7631  9.3
  6.700 1185 Alaska-slab2-v3                                                                  209.1047   56.8252 10.2
  6.700 1186 Alaska-slab2-v3                                                                  208.9805   56.8838 11.0
  6.700 1187 Alaska-slab2-v3                                                                  208.8540   56.9412 11.9
  6.700 1188 Alaska-slab2-v3                                                                  208.7273   56.9984 12.8
  6.700 1189 Alaska-slab2-v3                                                                  208.6002   57.0555 13.8
  6.579 1190 Alaska-slab2-v3                                                                  208.4722   57.1118 14.9
  6.021 1191 Alaska-slab2-v3                                                                  208.3419   57.1666 16.1
  5.418 1192 Alaska-slab2-v3                                                                  208.2099   57.2201 17.5
  4.820 1193 Alaska-slab2-v3                                                                  208.0774   57.2733 18.8
  8.710 1208 Alaska-slab2-v3                                                                  209.2769   56.4763  6.5
  8.710 1209 Alaska-slab2-v3                                                                  209.1633   56.5403  7.6
  8.710 1210 Alaska-slab2-v3                                                                  209.0493   56.6043  8.6
  8.710 1211 Alaska-slab2-v3                                                                  208.9339   56.6675  9.7
  8.710 1212 Alaska-slab2-v3                                                                  208.8140   56.7282 10.7
  8.710 1213 Alaska-slab2-v3                                                                  208.6901   56.7867 11.7
  8.710 1214 Alaska-slab2-v3                                                                  208.5650   56.8445 12.7
  8.710 1215 Alaska-slab2-v3                                                                  208.4395   56.9022 13.7
  8.393 1216 Alaska-slab2-v3                                                                  208.3132   56.9594 14.8
  7.694 1217 Alaska-slab2-v3                                                                  208.1854   57.0156 16.0
  6.976 1218 Alaska-slab2-v3                                                                  208.0563   57.0710 17.2
  6.253 1219 Alaska-slab2-v3                                                                  207.9267   57.1262 18.4
  5.553 1220 Alaska-slab2-v3                                                                  207.7970   57.1815 19.5
 10.720 1235 Alaska-slab2-v3                                                                  208.9945   56.3819  6.7
 10.720 1236 Alaska-slab2-v3                                                                  208.8802   56.4447  8.1
 10.720 1237 Alaska-slab2-v3                                                                  208.7647   56.5072  9.4
 10.720 1238 Alaska-slab2-v3                                                                  208.6463   56.5684 10.6
 10.720 1239 Alaska-slab2-v3                                                                  208.5248   56.6279 11.7
 10.720 1240 Alaska-slab2-v3                                                                  208.4020   56.6869 12.7
 10.720 1241 Alaska-slab2-v3                                                                  208.2787   56.7458 13.7
 10.720 1242 Alaska-slab2-v3                                                                  208.1550   56.8045 14.6
  9.993 1243 Alaska-slab2-v3                                                                  208.0304   56.8627 15.7
  9.226 1244 Alaska-slab2-v3                                                                  207.9047   56.9202 16.7
  8.444 1245 Alaska-slab2-v3                                                                  207.7785   56.9776 17.8
  7.670 1246 Alaska-slab2-v3                                                                  207.6520   57.0348 18.9
  6.918 1247 Alaska-slab2-v3                                                                  207.5256   57.0923 19.9
 10.720 1261 Alaska-slab2-v3                                                                  208.7142   56.2852  7.0
 10.720 1262 Alaska-slab2-v3                                                                  208.5983   56.3460  8.8
 10.720 1263 Alaska-slab2-v3                                                                  208.4812   56.4069 10.4
 10.720 1264 Alaska-slab2-v3                                                                  208.3622   56.4673 11.7
 10.720 1265 Alaska-slab2-v3                                                                  208.2418   56.5275 12.7
 10.720 1266 Alaska-slab2-v3                                                                  208.1208   56.5876 13.5
 10.720 1267 Alaska-slab2-v3                                                                  207.9993   56.6476 14.3
 10.605 1268 Alaska-slab2-v3                                                                  207.8776   56.7076 15.1
  9.981 1269 Alaska-slab2-v3                                                                  207.7556   56.7674 16.0
  9.299 1270 Alaska-slab2-v3                                                                  207.6333   56.8270 16.9
  8.581 1271 Alaska-slab2-v3                                                                  207.5107   56.8865 17.9
  7.850 1272 Alaska-slab2-v3                                                                  207.3876   56.9458 18.9
  7.125 1273 Alaska-slab2-v3                                                                  207.2645   57.0052 20.0
 10.720 1286 Alaska-slab2-v3                                                                  208.4356   56.1865  7.2
 10.720 1287 Alaska-slab2-v3                                                                  208.3171   56.2446  9.4
 10.720 1288 Alaska-slab2-v3                                                                  208.2000   56.3048 11.1
 10.720 1289 Alaska-slab2-v3                                                                  208.0836   56.3666 12.4
 10.720 1290 Alaska-slab2-v3                                                                  207.9663   56.4286 13.3
 10.720 1291 Alaska-slab2-v3                                                                  207.8484   56.4905 13.9
 10.589 1292 Alaska-slab2-v3                                                                  207.7301   56.5524 14.5
 10.140 1293 Alaska-slab2-v3                                                                  207.6114   56.6141 15.1
  9.578 1294 Alaska-slab2-v3                                                                  207.4923   56.6756 15.9
  8.912 1295 Alaska-slab2-v3                                                                  207.3729   56.7369 16.7
  8.179 1296 Alaska-slab2-v3                                                                  207.2532   56.7980 17.7
  7.393 1297 Alaska-slab2-v3                                                                  207.1331   56.8590 18.8
  6.608 1298 Alaska-slab2-v3                                                                  207.0125   56.9197 19.8
 10.720 1311 Alaska-slab2-v3                                                                  208.1595   56.0867  7.3
 10.720 1312 Alaska-slab2-v3                                                                  208.0398   56.1434  9.6
 10.720 1313 Alaska-slab2-v3                                                                  207.9244   56.2042 11.4
 10.720 1314 Alaska-slab2-v3                                                                  207.8116   56.2679 12.6
 10.720 1315 Alaska-slab2-v3                                                                  207.6980   56.3317 13.5
 10.720 1316 Alaska-slab2-v3                                                                  207.5837   56.3957 14.0
 10.720 1317 Alaska-slab2-v3                                                                  207.4690   56.4595 14.5
 10.466 1318 Alaska-slab2-v3                                                                  207.3537   56.5231 14.9
  9.989 1319 Alaska-slab2-v3                                                                  207.2369   56.5859 15.6
  9.365 1320 Alaska-slab2-v3                                                                  207.1192   56.6480 16.5
  8.639 1321 Alaska-slab2-v3                                                                  207.0012   56.7100 17.4
  7.846 1322 Alaska-slab2-v3                                                                  206.8829   56.7717 18.5
  7.024 1323 Alaska-slab2-v3                                                                  206.7640   56.8332 19.6
 10.720 1335 Alaska-slab2-v3                                                                  207.8868   55.9865  7.2
 10.720 1336 Alaska-slab2-v3                                                                  207.7667   56.0430  9.5
 10.720 1337 Alaska-slab2-v3                                                                  207.6526   56.1043 11.3
 10.720 1338 Alaska-slab2-v3                                                                  207.5425   56.1693 12.5
 10.720 1339 Alaska-slab2-v3                                                                  207.4315   56.2344 13.4
 10.720 1340 Alaska-slab2-v3                                                                  207.3199   56.2996 13.9
 10.475 1341 Alaska-slab2-v3                                                                  207.2079   56.3648 14.4
 10.108 1342 Alaska-slab2-v3                                                                  207.0952   56.4297 14.8
  9.627 1343 Alaska-slab2-v3                                                                  206.9806   56.4935 15.5
  8.985 1344 Alaska-slab2-v3                                                                  206.8642   56.5562 16.3
  8.221 1345 Alaska-slab2-v3                                                                  206.7475   56.6188 17.3
  7.365 1346 Alaska-slab2-v3                                                                  206.6307   56.6812 18.4
  6.456 1347 Alaska-slab2-v3                                                                  206.5132   56.7432 19.6
 10.720 1359 Alaska-slab2-v3                                                                  207.6171   55.8859  7.2
 10.720 1360 Alaska-slab2-v3                                                                  207.4972   55.9427  9.3
 10.720 1361 Alaska-slab2-v3                                                                  207.3835   56.0042 11.0
 10.720 1362 Alaska-slab2-v3                                                                  207.2747   56.0698 12.2
 10.720 1363 Alaska-slab2-v3                                                                  207.1652   56.1355 13.1
 10.720 1364 Alaska-slab2-v3                                                                  207.0551   56.2013 13.7
 10.720 1365 Alaska-slab2-v3                                                                  206.9445   56.2670 14.2
 10.535 1366 Alaska-slab2-v3                                                                  206.8334   56.3326 14.8
 10.026 1367 Alaska-slab2-v3                                                                  206.7205   56.3971 15.5
  9.370 1368 Alaska-slab2-v3                                                                  206.6060   56.4607 16.4
  8.602 1369 Alaska-slab2-v3                                                                  206.4913   56.5241 17.4
  7.746 1370 Alaska-slab2-v3                                                                  206.3763   56.5873 18.6
  6.839 1371 Alaska-slab2-v3                                                                  206.2604   56.6500 19.8
 10.720 1383 Alaska-slab2-v3                                                                  207.3500   55.7844  7.0
 10.720 1384 Alaska-slab2-v3                                                                  207.2316   55.8425  9.0
 10.720 1385 Alaska-slab2-v3                                                                  207.1181   55.9043 10.6
 10.720 1386 Alaska-slab2-v3                                                                  207.0097   55.9699 11.9
 10.720 1387 Alaska-slab2-v3                                                                  206.9012   56.0360 12.8
 10.720 1388 Alaska-slab2-v3                                                                  206.7921   56.1021 13.5
 10.720 1389 Alaska-slab2-v3                                                                  206.6826   56.1682 14.1
 10.720 1390 Alaska-slab2-v3                                                                  206.5727   56.2341 14.7
 10.355 1391 Alaska-slab2-v3                                                                  206.4615   56.2993 15.5
  9.676 1392 Alaska-slab2-v3                                                                  206.3492   56.3639 16.5
  8.897 1393 Alaska-slab2-v3                                                                  206.2367   56.4282 17.5
  8.047 1394 Alaska-slab2-v3                                                                  206.1239   56.4924 18.7
  7.146 1395 Alaska-slab2-v3                                                                  206.0099   56.5559 20.0
 10.720 1406 Alaska-slab2-v3                                                                  207.0854   55.6821  6.9
 10.720 1407 Alaska-slab2-v3                                                                  206.9698   55.7423  8.7
 10.720 1408 Alaska-slab2-v3                                                                  206.8571   55.8047 10.2
 10.720 1409 Alaska-slab2-v3                                                                  206.7489   55.8703 11.4
 10.720 1410 Alaska-slab2-v3                                                                  206.6420   55.9370 12.3
 10.720 1411 Alaska-slab2-v3                                                                  206.5345   56.0037 13.1
 10.720 1412 Alaska-slab2-v3                                                                  206.4266   56.0704 13.8
 10.447 1413 Alaska-slab2-v3                                                                  206.3183   56.1369 14.5
  9.811 1414 Alaska-slab2-v3                                                                  206.2091   56.2030 15.4
  9.062 1415 Alaska-slab2-v3                                                                  206.0989   56.2685 16.4
  8.214 1416 Alaska-slab2-v3                                                                  205.9883   56.3337 17.5
  7.290 1417 Alaska-slab2-v3                                                                  205.8775   56.3987 18.7
  6.314 1418 Alaska-slab2-v3                                                                  205.7655   56.4631 20.0
 10.720 1429 Alaska-slab2-v3                                                                  206.8228   55.5788  6.8
 10.720 1430 Alaska-slab2-v3                                                                  206.7109   55.6415  8.3
 10.720 1431 Alaska-slab2-v3                                                                  206.5997   55.7049  9.7
 10.720 1432 Alaska-slab2-v3                                                                  206.4925   55.7709 10.9
 10.720 1433 Alaska-slab2-v3                                                                  206.3880   55.8387 11.8
 10.720 1434 Alaska-slab2-v3                                                                  206.2831   55.9065 12.6
 10.720 1435 Alaska-slab2-v3                                                                  206.1777   55.9743 13.4
 10.720 1436 Alaska-slab2-v3                                                                  206.0720   56.0420 14.1
 10.094 1437 Alaska-slab2-v3                                                                  205.9655   56.1092 15.0
  9.351 1438 Alaska-slab2-v3                                                                  205.8575   56.1757 15.9
  8.501 1439 Alaska-slab2-v3                                                                  205.7485   56.2416 17.1
  7.569 1440 Alaska-slab2-v3                                                                  205.6392   56.3072 18.3
  6.560 1441 Alaska-slab2-v3                                                                  205.5292   56.3725 19.6
 10.720 1452 Alaska-slab2-v3                                                                  206.5623   55.4747  6.7
 10.720 1453 Alaska-slab2-v3                                                                  206.4544   55.5398  8.0
 10.720 1454 Alaska-slab2-v3                                                                  206.3461   55.6049  9.2
 10.720 1455 Alaska-slab2-v3                                                                  206.2403   55.6716 10.3
 10.720 1456 Alaska-slab2-v3                                                                  206.1377   55.7402 11.2
 10.720 1457 Alaska-slab2-v3                                                                  206.0354   55.8091 12.1
 10.720 1458 Alaska-slab2-v3                                                                  205.9326   55.8780 12.8
 10.720 1459 Alaska-slab2-v3                                                                  205.8296   55.9468 13.6
 10.339 1460 Alaska-slab2-v3                                                                  205.7260   56.0154 14.4
  9.617 1461 Alaska-slab2-v3                                                                  205.6208   56.0831 15.4
  8.788 1462 Alaska-slab2-v3                                                                  205.5137   56.1499 16.5
  7.851 1463 Alaska-slab2-v3                                                                  205.4060   56.2162 17.7
  6.814 1464 Alaska-slab2-v3                                                                  205.2980   56.2824 19.0
 10.720 1475 Alaska-slab2-v3                                                                  206.3037   55.3696  6.6
 10.720 1476 Alaska-slab2-v3                                                                  206.1998   55.4370  7.7
 10.720 1477 Alaska-slab2-v3                                                                  206.0955   55.5043  8.8
 10.720 1478 Alaska-slab2-v3                                                                  205.9916   55.5720  9.8
 10.720 1479 Alaska-slab2-v3                                                                  205.8897   55.6408 10.7
 10.720 1480 Alaska-slab2-v3                                                                  205.7890   55.7103 11.5
 10.720 1481 Alaska-slab2-v3                                                                  205.6879   55.7798 12.3
 10.720 1482 Alaska-slab2-v3                                                                  205.5864   55.8492 13.1
 10.720 1483 Alaska-slab2-v3                                                                  205.4847   55.9185 13.9
 10.720 1484 Alaska-slab2-v3                                                                  205.3819   55.9873 14.9
  9.967 1485 Alaska-slab2-v3                                                                  205.2773   56.0552 15.9
  9.110 1486 Alaska-slab2-v3                                                                  205.1714   56.1224 17.1
  8.138 1487 Alaska-slab2-v3                                                                  205.0654   56.1893 18.5
  7.050 1488 Alaska-slab2-v3                                                                  204.9581   56.2554 20.0
 10.720 1498 Alaska-slab2-v3                                                                  206.0464   55.2637  6.5
 10.720 1499 Alaska-slab2-v3                                                                  205.9463   55.3329  7.4
 10.720 1500 Alaska-slab2-v3                                                                  205.8458   55.4021  8.3
 10.720 1501 Alaska-slab2-v3                                                                  205.7450   55.4712  9.2
 10.720 1502 Alaska-slab2-v3                                                                  205.6444   55.5406 10.1
 10.720 1503 Alaska-slab2-v3                                                                  205.5441   55.6102 10.9
 10.720 1504 Alaska-slab2-v3                                                                  205.4433   55.6797 11.7
 10.720 1505 Alaska-slab2-v3                                                                  205.3421   55.7491 12.6
 10.720 1506 Alaska-slab2-v3                                                                  205.2407   55.8184 13.5
 10.720 1507 Alaska-slab2-v3                                                                  205.1389   55.8874 14.5
 10.203 1508 Alaska-slab2-v3                                                                  205.0361   55.9561 15.5
  9.328 1509 Alaska-slab2-v3                                                                  204.9326   56.0242 16.8
  8.344 1510 Alaska-slab2-v3                                                                  204.8290   56.0922 18.1
  7.231 1511 Alaska-slab2-v3                                                                  204.7246   56.1596 19.6
  8.710 1521 Alaska-slab2-v3                                                                  205.7905   55.1568  6.4
  8.710 1522 Alaska-slab2-v3                                                                  205.6936   55.2276  7.2
  8.710 1523 Alaska-slab2-v3                                                                  205.5963   55.2983  7.9
  8.710 1524 Alaska-slab2-v3                                                                  205.4988   55.3689  8.7
  8.710 1525 Alaska-slab2-v3                                                                  205.4008   55.4394  9.5
  8.710 1526 Alaska-slab2-v3                                                                  205.3016   55.5095 10.3
  8.710 1527 Alaska-slab2-v3                                                                  205.2007   55.5787 11.2
  8.710 1528 Alaska-slab2-v3                                                                  205.0989   55.6477 12.1
  8.710 1529 Alaska-slab2-v3                                                                  204.9969   55.7165 13.0
  8.710 1530 Alaska-slab2-v3                                                                  204.8945   55.7851 14.1
  8.502 1531 Alaska-slab2-v3                                                                  204.7926   55.8539 15.2
  7.747 1532 Alaska-slab2-v3                                                                  204.6915   55.9229 16.5
  6.903 1533 Alaska-slab2-v3                                                                  204.5907   55.9919 18.0
  5.984 1534 Alaska-slab2-v3                                                                  204.4894   56.0606 19.5
  6.700 1544 Alaska-slab2-v3                                                                  205.5445   55.0436  6.3
  6.700 1545 Alaska-slab2-v3                                                                  205.4491   55.1150  7.0
  6.700 1546 Alaska-slab2-v3                                                                  205.3538   55.1864  7.8
  6.700 1547 Alaska-slab2-v3                                                                  205.2584   55.2577  8.5
  6.700 1548 Alaska-slab2-v3                                                                  205.1624   55.3289  9.3
  6.700 1549 Alaska-slab2-v3                                                                  205.0641   55.3994 10.1
  6.700 1550 Alaska-slab2-v3                                                                  204.9633   55.4688 11.0
  6.700 1551 Alaska-slab2-v3                                                                  204.8619   55.5377 11.9
  6.700 1552 Alaska-slab2-v3                                                                  204.7602   55.6064 12.9
  6.700 1553 Alaska-slab2-v3                                                                  204.6582   55.6750 14.0
  6.521 1554 Alaska-slab2-v3                                                                  204.5570   55.7439 15.2
  5.939 1555 Alaska-slab2-v3                                                                  204.4571   55.8134 16.5
  5.302 1556 Alaska-slab2-v3                                                                  204.3577   55.8830 17.9
  4.611 1557 Alaska-slab2-v3                                                                  204.2578   55.9522 19.5
  4.690 1567 Alaska-slab2-v3                                                                  205.3062   54.9248  6.3
  4.690 1568 Alaska-slab2-v3                                                                  205.2114   54.9964  7.0
  4.690 1569 Alaska-slab2-v3                                                                  205.1163   55.0678  7.7
  4.690 1570 Alaska-slab2-v3                                                                  205.0209   55.1392  8.5
  4.690 1571 Alaska-slab2-v3                                                                  204.9251   55.2105  9.3
  4.690 1572 Alaska-slab2-v3                                                                  204.8280   55.2811 10.2
  4.690 1573 Alaska-slab2-v3                                                                  204.7290   55.3509 11.1
  4.690 1574 Alaska-slab2-v3                                                                  204.6291   55.4202 12.2
  4.690 1575 Alaska-slab2-v3                                                                  204.5289   55.4895 13.2
  4.690 1576 Alaska-slab2-v3                                                                  204.4284   55.5586 14.4
  4.426 1577 Alaska-slab2-v3                                                                  204.3282   55.6280 15.5
  4.049 1578 Alaska-slab2-v3                                                                  204.2284   55.6975 16.7
  3.643 1579 Alaska-slab2-v3                                                                  204.1285   55.7670 18.0
  3.189 1580 Alaska-slab2-v3                                                                  204.0284   55.8361 19.4
  2.680 1590 Alaska-slab2-v3                                                                  205.0642   54.8092  6.4
  2.680 1591 Alaska-slab2-v3                                                                  204.9702   54.8809  7.1
  2.680 1592 Alaska-slab2-v3                                                                  204.8759   54.9526  7.8
  2.680 1593 Alaska-slab2-v3                                                                  204.7814   55.0242  8.6
  2.680 1594 Alaska-slab2-v3                                                                  204.6865   55.0957  9.4
  2.680 1595 Alaska-slab2-v3                                                                  204.5900   55.1664 10.4
  2.680 1596 Alaska-slab2-v3                                                                  204.4918   55.2363 11.4
  2.680 1597 Alaska-slab2-v3                                                                  204.3930   55.3061 12.5
  2.680 1598 Alaska-slab2-v3                                                                  204.2939   55.3757 13.6
  2.671 1599 Alaska-slab2-v3                                                                  204.1944   55.4452 14.6
  2.472 1600 Alaska-slab2-v3                                                                  204.0949   55.5148 15.7
  2.274 1601 Alaska-slab2-v3                                                                  203.9952   55.5844 16.8
  2.057 1602 Alaska-slab2-v3                                                                  203.8953   55.6538 18.0
  1.811 1603 Alaska-slab2-v3                                                                  203.7952   55.7230 19.3
  2.680 1613 Alaska-slab2-v3                                                                  204.8147   54.6997  6.4
  2.680 1614 Alaska-slab2-v3                                                                  204.7219   54.7718  7.2
  2.680 1615 Alaska-slab2-v3                                                                  204.6288   54.8438  8.0
  2.680 1616 Alaska-slab2-v3                                                                  204.5354   54.9157  8.9
  2.680 1617 Alaska-slab2-v3                                                                  204.4412   54.9874  9.8
  2.680 1618 Alaska-slab2-v3                                                                  204.3449   55.0581 10.7
  2.680 1619 Alaska-slab2-v3                                                                  204.2470   55.1280 11.7
  2.680 1620 Alaska-slab2-v3                                                                  204.1487   55.1978 12.8
  2.680 1621 Alaska-slab2-v3                                                                  204.0501   55.2676 13.8
  2.641 1622 Alaska-slab2-v3                                                                  203.9512   55.3373 14.9
  2.456 1623 Alaska-slab2-v3                                                                  203.8522   55.4071 15.9
  2.267 1624 Alaska-slab2-v3                                                                  203.7530   55.4769 16.9
  2.060 1625 Alaska-slab2-v3                                                                  203.6535   55.5464 18.0
  1.823 1626 Alaska-slab2-v3                                                                  203.5539   55.6158 19.3
  2.680 1636 Alaska-slab2-v3                                                                  204.5543   54.5999  6.5
  2.680 1637 Alaska-slab2-v3                                                                  204.4627   54.6723  7.4
  2.680 1638 Alaska-slab2-v3                                                                  204.3707   54.7446  8.3
  2.680 1639 Alaska-slab2-v3                                                                  204.2784   54.8168  9.2
  2.680 1640 Alaska-slab2-v3                                                                  204.1843   54.8883 10.2
  2.680 1641 Alaska-slab2-v3                                                                  204.0877   54.9587 11.1
  2.680 1642 Alaska-slab2-v3                                                                  203.9900   55.0287 12.1
  2.680 1643 Alaska-slab2-v3                                                                  203.8920   55.0987 13.1
  2.680 1644 Alaska-slab2-v3                                                                  203.7936   55.1685 14.0
  2.659 1645 Alaska-slab2-v3                                                                  203.6951   55.2384 15.0
  2.483 1646 Alaska-slab2-v3                                                                  203.5966   55.3083 16.0
  2.298 1647 Alaska-slab2-v3                                                                  203.4980   55.3783 17.0
  2.094 1648 Alaska-slab2-v3                                                                  203.3992   55.4480 18.1
  1.860 1649 Alaska-slab2-v3                                                                  203.3003   55.5176 19.5
  2.680 1659 Alaska-slab2-v3                                                                  204.2824   54.5112  6.5
  2.680 1660 Alaska-slab2-v3                                                                  204.1912   54.5835  7.6
  2.680 1661 Alaska-slab2-v3                                                                  204.0996   54.6557  8.6
  2.680 1662 Alaska-slab2-v3                                                                  204.0074   54.7278  9.6
  2.680 1663 Alaska-slab2-v3                                                                  203.9128   54.7990 10.6
  2.680 1664 Alaska-slab2-v3                                                                  203.8162   54.8693 11.5
  2.680 1665 Alaska-slab2-v3                                                                  203.7191   54.9396 12.4
  2.680 1666 Alaska-slab2-v3                                                                  203.6216   55.0097 13.3
  2.648 1667 Alaska-slab2-v3                                                                  203.5239   55.0798 14.2
  2.468 1668 Alaska-slab2-v3                                                                  203.4259   55.1499 15.2
  2.282 1669 Alaska-slab2-v3                                                                  203.3280   55.2200 16.1
  2.076 1670 Alaska-slab2-v3                                                                  203.2299   55.2900 17.2
  1.847 1671 Alaska-slab2-v3                                                                  203.1316   55.3598 18.4
  1.584 1672 Alaska-slab2-v3                                                                  203.0333   55.4294 19.8
  2.680 1681 Alaska-slab2-v3                                                                  204.0016   54.4321  6.6
  2.680 1682 Alaska-slab2-v3                                                                  203.9099   54.5040  7.8
  2.680 1683 Alaska-slab2-v3                                                                  203.8178   54.5758  8.9
  2.680 1684 Alaska-slab2-v3                                                                  203.7246   54.6474 10.0
  2.680 1685 Alaska-slab2-v3                                                                  203.6297   54.7183 10.9
  2.680 1686 Alaska-slab2-v3                                                                  203.5336   54.7888 11.8
  2.680 1687 Alaska-slab2-v3                                                                  203.4371   54.8593 12.7
  2.680 1688 Alaska-slab2-v3                                                                  203.3403   54.9297 13.6
  2.680 1689 Alaska-slab2-v3                                                                  203.2432   55.0001 14.4
  2.572 1690 Alaska-slab2-v3                                                                  203.1459   55.0703 15.4
  2.380 1691 Alaska-slab2-v3                                                                  203.0485   55.1405 16.5
  2.165 1692 Alaska-slab2-v3                                                                  202.9509   55.2104 17.6
  1.921 1693 Alaska-slab2-v3                                                                  202.8532   55.2802 19.0
  2.680 1703 Alaska-slab2-v3                                                                  203.7153   54.3603  6.6
  2.680 1704 Alaska-slab2-v3                                                                  203.6229   54.4317  7.9
  2.680 1705 Alaska-slab2-v3                                                                  203.5301   54.5031  9.1
  2.680 1706 Alaska-slab2-v3                                                                  203.4363   54.5742 10.1
  2.680 1707 Alaska-slab2-v3                                                                  203.3410   54.6449 11.1
  2.680 1708 Alaska-slab2-v3                                                                  203.2450   54.7154 12.0
  2.680 1709 Alaska-slab2-v3                                                                  203.1487   54.7859 12.9
  2.680 1710 Alaska-slab2-v3                                                                  203.0520   54.8563 13.8
  2.627 1711 Alaska-slab2-v3                                                                  202.9552   54.9266 14.7
  2.430 1712 Alaska-slab2-v3                                                                  202.8585   54.9969 15.8
  2.204 1713 Alaska-slab2-v3                                                                  202.7619   55.0672 17.0
  1.944 1714 Alaska-slab2-v3                                                                  202.6652   55.1371 18.4
  2.680 1724 Alaska-slab2-v3                                                                  203.4260   54.2934  6.7
  2.680 1725 Alaska-slab2-v3                                                                  203.3330   54.3645  7.9
  2.680 1726 Alaska-slab2-v3                                                                  203.2397   54.4355  9.2
  2.680 1727 Alaska-slab2-v3                                                                  203.1452   54.5063 10.3
  2.680 1728 Alaska-slab2-v3                                                                  203.0494   54.5766 11.2
  2.680 1729 Alaska-slab2-v3                                                                  202.9530   54.6469 12.2
  2.680 1730 Alaska-slab2-v3                                                                  202.8563   54.7171 13.1
  2.680 1731 Alaska-slab2-v3                                                                  202.7593   54.7871 14.0
  2.508 1732 Alaska-slab2-v3                                                                  202.6628   54.8573 15.1
  2.269 1733 Alaska-slab2-v3                                                                  202.5671   54.9278 16.4
  1.992 1734 Alaska-slab2-v3                                                                  202.4718   54.9981 17.9
  1.672 1735 Alaska-slab2-v3                                                                  202.3770   55.0683 19.6
  2.680 1744 Alaska-slab2-v3                                                                  203.1346   54.2305  6.7
  2.680 1745 Alaska-slab2-v3                                                                  203.0409   54.3010  8.0
  2.680 1746 Alaska-slab2-v3                                                                  202.9467   54.3715  9.3
  2.680 1747 Alaska-slab2-v3                                                                  202.8513   54.4418 10.4
  2.680 1748 Alaska-slab2-v3                                                                  202.7548   54.5117 11.4
  2.680 1749 Alaska-slab2-v3                                                                  202.6578   54.5816 12.3
  2.680 1750 Alaska-slab2-v3                                                                  202.5605   54.6514 13.3
  2.600 1751 Alaska-slab2-v3                                                                  202.4631   54.7210 14.4
  2.353 1752 Alaska-slab2-v3                                                                  202.3673   54.7912 15.7
  2.062 1753 Alaska-slab2-v3                                                                  202.2731   54.8618 17.2
  1.725 1754 Alaska-slab2-v3                                                                  202.1793   54.9322 19.0
