  2.449 2474 Alaska-slab2-v3                                                                  189.6864   51.7088 14.1
  2.014 2475 Alaska-slab2-v3                                                                  189.6395   51.7924 15.9
  1.471 2476 Alaska-slab2-v3                                                                  189.5966   51.8761 18.1
  0.805 2477 Alaska-slab2-v3                                                                  189.5517   51.9580 20.9
  2.427 2487 Alaska-slab2-v3                                                                  189.4233   51.6486 14.6
  1.988 2488 Alaska-slab2-v3                                                                  189.3786   51.7326 16.5
  1.442 2489 Alaska-slab2-v3                                                                  189.3368   51.8163 18.8
  0.784 2490 Alaska-slab2-v3                                                                  189.2920   51.8981 21.6
  1.913 2500 Alaska-slab2-v3                                                                  189.1606   51.5928 15.2
  1.390 2501 Alaska-slab2-v3                                                                  189.1191   51.6771 17.3
  0.747 2502 Alaska-slab2-v3                                                                  189.0776   51.7604 19.8
  2.343 2512 Alaska-slab2-v3                                                                  188.9407   51.4562 14.3
  1.925 2513 Alaska-slab2-v3                                                                  188.8984   51.5409 16.0
  1.375 2514 Alaska-slab2-v3                                                                  188.8598   51.6253 18.3
  0.725 2515 Alaska-slab2-v3                                                                  188.8181   51.7081 21.0
  1.866 2525 Alaska-slab2-v3                                                                  188.6752   51.4069 15.0
  1.372 2526 Alaska-slab2-v3                                                                  188.6360   51.4919 16.9
  0.731 2527 Alaska-slab2-v3                                                                  188.5981   51.5760 19.3
  2.188 2537 Alaska-slab2-v3                                                                  188.4488   51.2742 14.3
  1.859 2538 Alaska-slab2-v3                                                                  188.4086   51.3599 15.6
  1.353 2539 Alaska-slab2-v3                                                                  188.3715   51.4450 17.6
  0.712 2540 Alaska-slab2-v3                                                                  188.3330   51.5288 20.1
  2.168 2549 Alaska-slab2-v3                                                                  188.1783   51.2288 14.7
  1.842 2550 Alaska-slab2-v3                                                                  188.1402   51.3148 16.0
  1.320 2551 Alaska-slab2-v3                                                                  188.1045   51.3999 18.1
  0.694 2552 Alaska-slab2-v3                                                                  188.0659   51.4837 20.6
  2.395 2560 Alaska-slab2-v3                                                                  187.9448   51.0992 14.0
  2.175 2561 Alaska-slab2-v3                                                                  187.9064   51.1856 14.9
  1.830 2562 Alaska-slab2-v3                                                                  187.8701   51.2717 16.3
  1.292 2563 Alaska-slab2-v3                                                                  187.8356   51.3569 18.5
  0.673 2564 Alaska-slab2-v3                                                                  187.7975   51.4407 21.1
  2.216 2573 Alaska-slab2-v3                                                                  187.6335   51.1444 15.0
  1.836 2574 Alaska-slab2-v3                                                                  187.5990   51.2306 16.6
  1.279 2575 Alaska-slab2-v3                                                                  187.5659   51.3157 18.9
  0.660 2576 Alaska-slab2-v3                                                                  187.5286   51.3996 21.5
  2.269 2585 Alaska-slab2-v3                                                                  187.3605   51.1042 14.9
  1.859 2586 Alaska-slab2-v3                                                                  187.3276   51.1904 16.6
  1.290 2587 Alaska-slab2-v3                                                                  187.2958   51.2756 19.0
  0.658 2588 Alaska-slab2-v3                                                                  187.2596   51.3594 21.7
  2.298 2597 Alaska-slab2-v3                                                                  187.0879   51.0642 14.8
  1.877 2598 Alaska-slab2-v3                                                                  187.0563   51.1506 16.5
  1.320 2599 Alaska-slab2-v3                                                                  187.0262   51.2361 18.9
  0.677 2600 Alaska-slab2-v3                                                                  186.9916   51.3201 21.5
  2.264 2609 Alaska-slab2-v3                                                                  186.8157   51.0243 14.5
  1.847 2610 Alaska-slab2-v3                                                                  186.7857   51.1111 16.2
  1.328 2611 Alaska-slab2-v3                                                                  186.7578   51.1974 18.3
  0.702 2612 Alaska-slab2-v3                                                                  186.7261   51.2821 20.8
  2.165 2621 Alaska-slab2-v3                                                                  186.5444   50.9853 14.0
  1.750 2622 Alaska-slab2-v3                                                                  186.5161   51.0725 15.6
  1.270 2623 Alaska-slab2-v3                                                                  186.4904   51.1595 17.5
  0.689 2624 Alaska-slab2-v3                                                                  186.4633   51.2456 19.7
  2.137 2635 Alaska-slab2-v3                                                                  186.2478   51.0353 15.0
  1.725 2636 Alaska-slab2-v3                                                                  186.2236   51.1228 16.6
  1.241 2637 Alaska-slab2-v3                                                                  186.2002   51.2099 18.6
  0.679 2638 Alaska-slab2-v3                                                                  186.1726   51.2958 20.9
  2.063 2648 Alaska-slab2-v3                                                                  185.9799   50.9999 14.2
  1.660 2649 Alaska-slab2-v3                                                                  185.9571   51.0878 15.7
  1.170 2650 Alaska-slab2-v3                                                                  185.9348   51.1752 17.6
  0.620 2651 Alaska-slab2-v3                                                                  185.9110   51.2620 19.7
  2.121 2662 Alaska-slab2-v3                                                                  185.6891   51.0545 14.9
  1.684 2663 Alaska-slab2-v3                                                                  185.6675   51.1422 16.7
  1.173 2664 Alaska-slab2-v3                                                                  185.6451   51.2292 18.7
  0.628 2665 Alaska-slab2-v3                                                                  185.6203   51.3157 20.9
  2.121 2676 Alaska-slab2-v3                                                                  185.4172   51.0229 14.4
  1.710 2677 Alaska-slab2-v3                                                                  185.3969   51.1109 16.0
  1.184 2678 Alaska-slab2-v3                                                                  185.3752   51.1980 18.0
  0.614 2679 Alaska-slab2-v3                                                                  185.3522   51.2847 20.2
  2.476 2690 Alaska-slab2-v3                                                                  185.1420   50.9925 14.2
  2.144 2691 Alaska-slab2-v3                                                                  185.1230   51.0809 15.6
  1.703 2692 Alaska-slab2-v3                                                                  185.1026   51.1684 17.5
  1.187 2693 Alaska-slab2-v3                                                                  185.0813   51.2553 19.7
  0.629 2694 Alaska-slab2-v3                                                                  185.0579   51.3416 22.1
  2.377 2705 Alaska-slab2-v3                                                                  184.8668   50.9635 14.4
  2.073 2706 Alaska-slab2-v3                                                                  184.8487   51.0521 15.7
  1.680 2707 Alaska-slab2-v3                                                                  184.8291   51.1401 17.3
  1.193 2708 Alaska-slab2-v3                                                                  184.8091   51.2274 19.3
  0.630 2709 Alaska-slab2-v3                                                                  184.7869   51.3139 21.7
  3.983 2720 Alaska-slab2-v3                                                                  184.5923   50.9359 14.6
  3.482 2721 Alaska-slab2-v3                                                                  184.5748   51.0247 15.8
  2.853 2722 Alaska-slab2-v3                                                                  184.5556   51.1130 17.3
  2.070 2723 Alaska-slab2-v3                                                                  184.5363   51.2007 19.1
  1.114 2724 Alaska-slab2-v3                                                                  184.5152   51.2874 21.4
  5.539 2735 Alaska-slab2-v3                                                                  184.3167   50.9099 14.7
  4.822 2736 Alaska-slab2-v3                                                                  184.2999   50.9987 15.9
  3.957 2737 Alaska-slab2-v3                                                                  184.2813   51.0871 17.3
  2.889 2738 Alaska-slab2-v3                                                                  184.2627   51.1751 19.0
  1.577 2739 Alaska-slab2-v3                                                                  184.2425   51.2621 21.2
  7.218 2750 Alaska-slab2-v3                                                                  184.0402   50.8858 14.6
  6.241 2751 Alaska-slab2-v3                                                                  184.0244   50.9747 15.9
  5.073 2752 Alaska-slab2-v3                                                                  184.0065   51.0631 17.3
  3.681 2753 Alaska-slab2-v3                                                                  183.9887   51.1511 19.1
  2.016 2754 Alaska-slab2-v3                                                                  183.9695   51.2384 21.1
  9.146 2765 Alaska-slab2-v3                                                                  183.7633   50.8640 14.5
  7.885 2766 Alaska-slab2-v3                                                                  183.7487   50.9529 15.8
  6.339 2767 Alaska-slab2-v3                                                                  183.7317   51.0412 17.4
  4.519 2768 Alaska-slab2-v3                                                                  183.7146   51.1291 19.2
  2.465 2769 Alaska-slab2-v3                                                                  183.6962   51.2164 21.3
  9.557 2780 Alaska-slab2-v3                                                                  183.4859   50.8448 14.3
  8.248 2781 Alaska-slab2-v3                                                                  183.4725   50.9336 15.6
  6.583 2782 Alaska-slab2-v3                                                                  183.4566   51.0218 17.4
  4.649 2783 Alaska-slab2-v3                                                                  183.4403   51.1095 19.4
  2.493 2784 Alaska-slab2-v3                                                                  183.4229   51.1966 21.6
  9.908 2795 Alaska-slab2-v3                                                                  183.2078   50.8284 14.2
  8.576 2796 Alaska-slab2-v3                                                                  183.1956   50.9172 15.6
  6.857 2797 Alaska-slab2-v3                                                                  183.1809   51.0053 17.4
  4.817 2798 Alaska-slab2-v3                                                                  183.1656   51.0928 19.6
  2.550 2799 Alaska-slab2-v3                                                                  183.1494   51.1796 22.0
  8.448 2810 Alaska-slab2-v3                                                                  182.9294   50.8151 14.2
  6.949 2811 Alaska-slab2-v3                                                                  182.9181   50.9039 15.6
  5.021 2812 Alaska-slab2-v3                                                                  182.9046   50.9921 17.5
  2.683 2813 Alaska-slab2-v3                                                                  182.8905   51.0794 19.7
  8.494 2825 Alaska-slab2-v3                                                                  182.6507   50.8052 14.2
  6.991 2826 Alaska-slab2-v3                                                                  182.6403   50.8941 15.6
  5.113 2827 Alaska-slab2-v3                                                                  182.6279   50.9823 17.4
  2.776 2828 Alaska-slab2-v3                                                                  182.6151   51.0698 19.7
  8.559 2839 Alaska-slab2-v3                                                                  182.3720   50.7989 14.1
  7.016 2840 Alaska-slab2-v3                                                                  182.3624   50.8878 15.6
  5.129 2841 Alaska-slab2-v3                                                                  182.3512   50.9762 17.4
  2.804 2842 Alaska-slab2-v3                                                                  182.3395   51.0636 19.7
  8.753 2853 Alaska-slab2-v3                                                                  182.0936   50.7965 14.0
  7.123 2854 Alaska-slab2-v3                                                                  182.0847   50.8853 15.6
  5.171 2855 Alaska-slab2-v3                                                                  182.0745   50.9736 17.5
  2.814 2856 Alaska-slab2-v3                                                                  182.0637   51.0610 19.7
  7.364 2868 Alaska-slab2-v3                                                                  181.8068   50.8865 15.6
  5.285 2869 Alaska-slab2-v3                                                                  181.7974   50.9745 17.6
  2.847 2870 Alaska-slab2-v3                                                                  181.7875   51.0618 20.0
  7.664 2882 Alaska-slab2-v3                                                                  181.5284   50.8914 15.7
  5.469 2883 Alaska-slab2-v3                                                                  181.5199   50.9791 17.9
  2.924 2884 Alaska-slab2-v3                                                                  181.5111   51.0661 20.4
  9.790 2895 Alaska-slab2-v3                                                                  181.2558   50.8118 14.1
  7.934 2896 Alaska-slab2-v3                                                                  181.2495   50.9001 16.0
  5.664 2897 Alaska-slab2-v3                                                                  181.2423   50.9875 18.4
  3.020 2898 Alaska-slab2-v3                                                                  181.2349   51.0739 21.1
  7.902 2908 Alaska-slab2-v3                                                                  180.9758   50.8239 14.5
  5.764 2909 Alaska-slab2-v3                                                                  180.9708   50.9120 16.5
  3.137 2910 Alaska-slab2-v3                                                                  180.9650   50.9992 19.0
  7.972 2921 Alaska-slab2-v3                                                                  180.6963   50.8386 15.0
  5.823 2922 Alaska-slab2-v3                                                                  180.6925   50.9266 17.1
  3.183 2923 Alaska-slab2-v3                                                                  180.6884   51.0136 19.7
