  1.142 0231 Alaska-slab2-v3                                                                  216.3398   60.3457  8.9
  0.769 0232 Alaska-slab2-v3                                                                  216.2532   60.4228 10.7
  0.500 0233 Alaska-slab2-v3                                                                  216.1527   60.4968 11.9
  0.310 0234 Alaska-slab2-v3                                                                  216.0465   60.5698 12.8
  0.158 0235 Alaska-slab2-v3                                                                  215.9396   60.6428 13.6
  0.865 0255 Alaska-slab2-v3                                                                  216.0024   60.2336 10.4
  0.488 0256 Alaska-slab2-v3                                                                  215.9029   60.3067 12.2
  0.249 0257 Alaska-slab2-v3                                                                  215.7964   60.3790 13.4
  0.103 0258 Alaska-slab2-v3                                                                  215.6890   60.4516 14.1
  1.312 0281 Alaska-slab2-v3                                                                  215.7667   60.0238  8.5
  0.811 0282 Alaska-slab2-v3                                                                  215.6685   60.0957 10.9
  0.462 0283 Alaska-slab2-v3                                                                  215.5633   60.1673 12.6
  0.238 0284 Alaska-slab2-v3                                                                  215.4567   60.2395 13.7
  0.099 0285 Alaska-slab2-v3                                                                  215.3492   60.3119 14.4
  1.337 0311 Alaska-slab2-v3                                                                  215.4642   59.8739  8.3
  0.909 0312 Alaska-slab2-v3                                                                  215.3509   59.9410 10.4
  0.590 0313 Alaska-slab2-v3                                                                  215.2419   60.0111 11.9
  0.346 0314 Alaska-slab2-v3                                                                  215.1347   60.0828 13.1
  0.155 0315 Alaska-slab2-v3                                                                  215.0267   60.1546 14.0
  1.140 0344 Alaska-slab2-v3                                                                  215.1063   59.7707  9.3
  0.771 0345 Alaska-slab2-v3                                                                  214.9901   59.8370 11.1
  0.486 0346 Alaska-slab2-v3                                                                  214.8804   59.9071 12.5
  0.277 0347 Alaska-slab2-v3                                                                  214.7697   59.9775 13.5
  0.121 0348 Alaska-slab2-v3                                                                  214.6583   60.0480 14.3
  1.107 0386 Alaska-slab2-v3                                                                  214.8431   59.6356  9.5
  0.726 0387 Alaska-slab2-v3                                                                  214.7243   59.7004 11.4
  0.450 0388 Alaska-slab2-v3                                                                  214.6103   59.7687 12.7
  0.260 0389 Alaska-slab2-v3                                                                  214.4953   59.8373 13.6
  0.135 0390 Alaska-slab2-v3                                                                  214.3795   59.9059 14.2
  0.055 0391 Alaska-slab2-v3                                                                  214.2631   59.9745 14.6
  1.092 0428 Alaska-slab2-v3                                                                  214.5858   59.4974  9.6
  0.704 0429 Alaska-slab2-v3                                                                  214.4641   59.5605 11.5
  0.424 0430 Alaska-slab2-v3                                                                  214.3463   59.6269 12.9
  0.235 0431 Alaska-slab2-v3                                                                  214.2275   59.6935 13.8
  0.118 0432 Alaska-slab2-v3                                                                  214.1078   59.7602 14.4
  0.053 0433 Alaska-slab2-v3                                                                  213.9875   59.8269 14.7
  0.022 0434 Alaska-slab2-v3                                                                  213.8667   59.8935 14.8
  1.103 0469 Alaska-slab2-v3                                                                  214.3377   59.3548  9.5
  0.721 0470 Alaska-slab2-v3                                                                  214.2120   59.4156 11.4
  0.441 0471 Alaska-slab2-v3                                                                  214.0899   59.4797 12.8
  0.249 0472 Alaska-slab2-v3                                                                  213.9667   59.5441 13.7
  0.131 0473 Alaska-slab2-v3                                                                  213.8427   59.6084 14.3
  0.065 0474 Alaska-slab2-v3                                                                  213.7181   59.6728 14.6
  0.035 0475 Alaska-slab2-v3                                                                  213.5930   59.7370 14.8
  0.018 0476 Alaska-slab2-v3                                                                  213.4673   59.8012 14.9
  1.148 0510 Alaska-slab2-v3                                                                  214.1024   59.2073  9.3
  0.783 0511 Alaska-slab2-v3                                                                  213.9719   59.2655 11.1
  0.511 0512 Alaska-slab2-v3                                                                  213.8453   59.3270 12.4
  0.316 0513 Alaska-slab2-v3                                                                  213.7176   59.3887 13.3
  0.189 0514 Alaska-slab2-v3                                                                  213.5892   59.4504 14.0
  0.109 0515 Alaska-slab2-v3                                                                  213.4601   59.5121 14.4
  0.062 0516 Alaska-slab2-v3                                                                  213.3304   59.5737 14.6
  0.033 0517 Alaska-slab2-v3                                                                  213.2003   59.6352 14.7
  2.142 0551 Alaska-slab2-v3                                                                  213.8813   59.0556  8.9
  1.552 0552 Alaska-slab2-v3                                                                  213.7467   59.1112 10.6
  1.087 0553 Alaska-slab2-v3                                                                  213.6158   59.1701 11.9
  0.740 0554 Alaska-slab2-v3                                                                  213.4846   59.2294 12.9
  0.486 0555 Alaska-slab2-v3                                                                  213.3527   59.2888 13.6
  0.311 0556 Alaska-slab2-v3                                                                  213.2201   59.3481 14.1
  0.186 0557 Alaska-slab2-v3                                                                  213.0869   59.4073 14.4
  0.089 0558 Alaska-slab2-v3                                                                  212.9532   59.4664 14.7
  3.147 0591 Alaska-slab2-v3                                                                  213.6725   58.9003  8.7
  2.341 0592 Alaska-slab2-v3                                                                  213.5347   58.9537 10.2
  1.679 0593 Alaska-slab2-v3                                                                  213.4001   59.0099 11.5
  1.158 0594 Alaska-slab2-v3                                                                  213.2660   59.0671 12.5
  0.749 0595 Alaska-slab2-v3                                                                  213.1312   59.1243 13.3
  0.434 0596 Alaska-slab2-v3                                                                  212.9957   59.1814 13.9
  0.196 0597 Alaska-slab2-v3                                                                  212.8597   59.2385 14.4
  4.185 0629 Alaska-slab2-v3                                                                  213.4727   58.7421  8.6
  3.165 0630 Alaska-slab2-v3                                                                  213.3324   58.7934 10.1
  2.312 0631 Alaska-slab2-v3                                                                  213.1942   58.8468 11.4
  1.619 0632 Alaska-slab2-v3                                                                  213.0564   58.9011 12.4
  1.066 0633 Alaska-slab2-v3                                                                  212.9178   58.9554 13.3
  0.626 0634 Alaska-slab2-v3                                                                  212.7787   59.0096 13.9
  0.280 0635 Alaska-slab2-v3                                                                  212.6390   59.0637 14.5
  5.103 0665 Alaska-slab2-v3                                                                  213.2794   58.5822  8.7
  3.807 0666 Alaska-slab2-v3                                                                  213.1372   58.6314 10.3
  2.739 0667 Alaska-slab2-v3                                                                  212.9951   58.6814 11.6
  1.891 0668 Alaska-slab2-v3                                                                  212.8525   58.7318 12.6
  1.223 0669 Alaska-slab2-v3                                                                  212.7092   58.7822 13.5
  0.709 0670 Alaska-slab2-v3                                                                  212.5653   58.8324 14.1
  0.310 0671 Alaska-slab2-v3                                                                  212.4209   58.8826 14.6
  4.703 0700 Alaska-slab2-v3                                                                  213.0897   58.4261  9.1
  3.287 0701 Alaska-slab2-v3                                                                  212.9473   58.4744 10.8
  2.169 0702 Alaska-slab2-v3                                                                  212.8039   58.5229 12.1
  1.333 0703 Alaska-slab2-v3                                                                  212.6595   58.5714 13.1
  0.720 0704 Alaska-slab2-v3                                                                  212.5144   58.6199 13.9
  0.298 0705 Alaska-slab2-v3                                                                  212.3686   58.6683 14.4
  4.432 0735 Alaska-slab2-v3                                                                  212.8990   58.2742  9.5
  2.913 0736 Alaska-slab2-v3                                                                  212.7582   58.3227 11.3
  1.781 0737 Alaska-slab2-v3                                                                  212.6163   58.3719 12.7
  0.993 0738 Alaska-slab2-v3                                                                  212.4734   58.4212 13.7
  0.476 0739 Alaska-slab2-v3                                                                  212.3297   58.4705 14.3
  0.172 0740 Alaska-slab2-v3                                                                  212.1853   58.5196 14.7
  4.399 0770 Alaska-slab2-v3                                                                  212.7037   58.1232  9.6
  2.859 0771 Alaska-slab2-v3                                                                  212.5640   58.1721 11.5
  1.735 0772 Alaska-slab2-v3                                                                  212.4241   58.2223 12.9
  0.969 0773 Alaska-slab2-v3                                                                  212.2830   58.2726 13.8
  0.489 0774 Alaska-slab2-v3                                                                  212.1411   58.3229 14.4
  0.220 0775 Alaska-slab2-v3                                                                  211.9987   58.3731 14.7
  0.081 0776 Alaska-slab2-v3                                                                  211.8558   58.4231 14.9
  4.565 0804 Alaska-slab2-v3                                                                  212.5018   57.9757  9.3
  3.098 0805 Alaska-slab2-v3                                                                  212.3630   58.0250 11.1
  1.992 0806 Alaska-slab2-v3                                                                  212.2250   58.0764 12.5
  1.205 0807 Alaska-slab2-v3                                                                  212.0860   58.1278 13.4
  0.688 0808 Alaska-slab2-v3                                                                  211.9461   58.1791 14.1
  0.352 0809 Alaska-slab2-v3                                                                  211.8057   58.2304 14.5
  0.156 0810 Alaska-slab2-v3                                                                  211.6649   58.2816 14.7
  4.827 0838 Alaska-slab2-v3                                                                  212.2938   57.8339  8.9
  3.481 0839 Alaska-slab2-v3                                                                  212.1557   57.8839 10.5
  2.417 0840 Alaska-slab2-v3                                                                  212.0188   57.9358 11.8
  1.612 0841 Alaska-slab2-v3                                                                  211.8814   57.9880 12.8
  1.022 0842 Alaska-slab2-v3                                                                  211.7432   58.0402 13.5
  0.590 0843 Alaska-slab2-v3                                                                  211.6045   58.0922 14.0
  0.274 0844 Alaska-slab2-v3                                                                  211.4652   58.1442 14.4
  5.292 0872 Alaska-slab2-v3                                                                  212.0783   57.6978  8.4
  4.114 0873 Alaska-slab2-v3                                                                  211.9416   57.7490  9.9
  3.125 0874 Alaska-slab2-v3                                                                  211.8053   57.8010 11.1
  2.331 0875 Alaska-slab2-v3                                                                  211.6687   57.8535 12.1
  1.701 0876 Alaska-slab2-v3                                                                  211.5314   57.9059 12.8
  1.194 0877 Alaska-slab2-v3                                                                  211.3937   57.9582 13.5
  0.761 0878 Alaska-slab2-v3                                                                  211.2554   58.0104 14.0
  0.384 0879 Alaska-slab2-v3                                                                  211.1167   58.0625 14.4
