  1.783 1765 Alaska-slab2-v3                                                                  202.7468   54.2407  8.1
  1.713 1766 Alaska-slab2-v3                                                                  202.6515   54.3106  9.4
  1.487 1767 Alaska-slab2-v3                                                                  202.5552   54.3803 10.6
  1.282 1768 Alaska-slab2-v3                                                                  202.4578   54.4497 11.6
  1.084 1769 Alaska-slab2-v3                                                                  202.3600   54.5191 12.6
  0.871 1770 Alaska-slab2-v3                                                                  202.2619   54.5883 13.7
  0.629 1771 Alaska-slab2-v3                                                                  202.1648   54.6578 14.9
  1.783 1784 Alaska-slab2-v3                                                                  202.4519   54.1833  8.1
  1.771 1785 Alaska-slab2-v3                                                                  202.3560   54.2528  9.5
  1.542 1786 Alaska-slab2-v3                                                                  202.2587   54.3219 10.7
  1.333 1787 Alaska-slab2-v3                                                                  202.1601   54.3906 11.8
  1.125 1788 Alaska-slab2-v3                                                                  202.0612   54.4592 12.9
  0.902 1789 Alaska-slab2-v3                                                                  201.9621   54.5277 14.1
  1.783 1803 Alaska-slab2-v3                                                                  202.1571   54.1283  8.2
  1.783 1804 Alaska-slab2-v3                                                                  202.0608   54.1975  9.5
  1.589 1805 Alaska-slab2-v3                                                                  201.9626   54.2661 10.8
  1.374 1806 Alaska-slab2-v3                                                                  201.8628   54.3340 11.9
  1.156 1807 Alaska-slab2-v3                                                                  201.7627   54.4018 13.1
  0.921 1808 Alaska-slab2-v3                                                                  201.6629   54.4697 14.4
  1.783 1821 Alaska-slab2-v3                                                                  201.8617   54.0745  8.2
  1.677 1822 Alaska-slab2-v3                                                                  201.7650   54.1434  9.6
  1.425 1823 Alaska-slab2-v3                                                                  201.6662   54.2115 10.9
  1.184 1824 Alaska-slab2-v3                                                                  201.5657   54.2789 12.1
  0.940 1825 Alaska-slab2-v3                                                                  201.4649   54.3462 13.3
  0.668 1826 Alaska-slab2-v3                                                                  201.3653   54.4140 14.7
  1.783 1839 Alaska-slab2-v3                                                                  201.5647   54.0202  8.3
  1.711 1840 Alaska-slab2-v3                                                                  201.4665   54.0882  9.8
  1.466 1841 Alaska-slab2-v3                                                                  201.3671   54.1560 11.1
  1.232 1842 Alaska-slab2-v3                                                                  201.2668   54.2234 12.3
  0.989 1843 Alaska-slab2-v3                                                                  201.1661   54.2907 13.6
  1.783 1856 Alaska-slab2-v3                                                                  201.2655   53.9641  8.6
  1.726 1857 Alaska-slab2-v3                                                                  201.1650   54.0308 10.1
  1.487 1858 Alaska-slab2-v3                                                                  201.0653   54.0982 11.4
  1.262 1859 Alaska-slab2-v3                                                                  200.9656   54.1659 12.6
  1.021 1860 Alaska-slab2-v3                                                                  200.8656   54.2334 13.9
  1.783 1873 Alaska-slab2-v3                                                                  200.9652   53.9058  8.9
  1.492 1874 Alaska-slab2-v3                                                                  200.8627   53.9709 10.5
  1.226 1875 Alaska-slab2-v3                                                                  200.7636   54.0385 11.9
  0.980 1876 Alaska-slab2-v3                                                                  200.6643   54.1064 13.1
  0.712 1877 Alaska-slab2-v3                                                                  200.5657   54.1744 14.5
  1.783 1890 Alaska-slab2-v3                                                                  200.6664   53.8460  9.2
  1.474 1891 Alaska-slab2-v3                                                                  200.5628   53.9102 11.0
  1.209 1892 Alaska-slab2-v3                                                                  200.4644   53.9780 12.4
  0.969 1893 Alaska-slab2-v3                                                                  200.3654   54.0459 13.6
  1.783 1907 Alaska-slab2-v3                                                                  200.3709   53.7866  9.5
  1.452 1908 Alaska-slab2-v3                                                                  200.2675   53.8503 11.3
  1.191 1909 Alaska-slab2-v3                                                                  200.1695   53.9183 12.7
  0.955 1910 Alaska-slab2-v3                                                                  200.0710   53.9863 14.0
  1.776 1924 Alaska-slab2-v3                                                                  200.0792   53.7284  9.6
  1.436 1925 Alaska-slab2-v3                                                                  199.9768   53.7924 11.5
  1.180 1926 Alaska-slab2-v3                                                                  199.8801   53.8610 12.9
  0.951 1927 Alaska-slab2-v3                                                                  199.7829   53.9297 14.1
  1.763 1941 Alaska-slab2-v3                                                                  199.7909   53.6720  9.6
  1.423 1942 Alaska-slab2-v3                                                                  199.6904   53.7369 11.5
  1.172 1943 Alaska-slab2-v3                                                                  199.5958   53.8066 12.8
  0.950 1944 Alaska-slab2-v3                                                                  199.5008   53.8763 14.0
  1.751 1958 Alaska-slab2-v3                                                                  199.5056   53.6169  9.6
  1.411 1959 Alaska-slab2-v3                                                                  199.4072   53.6831 11.3
  1.162 1960 Alaska-slab2-v3                                                                  199.3153   53.7539 12.6
  0.941 1961 Alaska-slab2-v3                                                                  199.2228   53.8248 13.8
  1.741 1975 Alaska-slab2-v3                                                                  199.2223   53.5625  9.4
  1.403 1976 Alaska-slab2-v3                                                                  199.1261   53.6299 11.1
  1.146 1977 Alaska-slab2-v3                                                                  199.0365   53.7018 12.4
  0.924 1978 Alaska-slab2-v3                                                                  198.9464   53.7737 13.6
  0.679 1979 Alaska-slab2-v3                                                                  198.8576   53.8460 14.8
  3.121 1992 Alaska-slab2-v3                                                                  198.9403   53.5080  9.2
  2.846 1993 Alaska-slab2-v3                                                                  198.8460   53.5765 10.9
  2.430 1994 Alaska-slab2-v3                                                                  198.7579   53.6489 12.2
  2.065 1995 Alaska-slab2-v3                                                                  198.6694   53.7215 13.4
  1.681 1996 Alaska-slab2-v3                                                                  198.5814   53.7941 14.6
  4.458 2008 Alaska-slab2-v3                                                                  198.6587   53.4528  9.0
  4.115 2009 Alaska-slab2-v3                                                                  198.5659   53.5222 10.6
  3.502 2010 Alaska-slab2-v3                                                                  198.4779   53.5946 12.0
  2.951 2011 Alaska-slab2-v3                                                                  198.3898   53.6672 13.2
  2.383 2012 Alaska-slab2-v3                                                                  198.3020   53.7399 14.5
  5.796 2024 Alaska-slab2-v3                                                                  198.3749   53.3958  8.9
  5.474 2025 Alaska-slab2-v3                                                                  198.2830   53.4657 10.6
  4.674 2026 Alaska-slab2-v3                                                                  198.1946   53.5378 11.9
  3.937 2027 Alaska-slab2-v3                                                                  198.1064   53.6102 13.2
  3.154 2028 Alaska-slab2-v3                                                                  198.0189   53.6829 14.6
  7.133 2040 Alaska-slab2-v3                                                                  198.0871   53.3362  9.0
  6.056 2041 Alaska-slab2-v3                                                                  197.9952   53.4060 10.7
  4.983 2042 Alaska-slab2-v3                                                                  197.9073   53.4782 12.1
  3.979 2043 Alaska-slab2-v3                                                                  197.8192   53.5506 13.4
  2.867 2044 Alaska-slab2-v3                                                                  197.7333   53.6236 14.9
  7.133 2056 Alaska-slab2-v3                                                                  197.7964   53.2740  9.4
  6.083 2057 Alaska-slab2-v3                                                                  197.7048   53.3436 11.2
  5.076 2058 Alaska-slab2-v3                                                                  197.6178   53.4162 12.6
  4.121 2059 Alaska-slab2-v3                                                                  197.5304   53.4887 13.9
  6.374 2071 Alaska-slab2-v3                                                                  197.5054   53.2094 10.1
  4.927 2072 Alaska-slab2-v3                                                                  197.4159   53.2794 12.0
  3.899 2073 Alaska-slab2-v3                                                                  197.3297   53.3524 13.3
  2.903 2074 Alaska-slab2-v3                                                                  197.2445   53.4258 14.6
  6.067 2086 Alaska-slab2-v3                                                                  197.2162   53.1421 11.0
  4.638 2087 Alaska-slab2-v3                                                                  197.1304   53.2137 12.9
  3.763 2088 Alaska-slab2-v3                                                                  197.0449   53.2870 14.0
  7.133 2100 Alaska-slab2-v3                                                                  197.0307   53.0183  8.2
  5.686 2101 Alaska-slab2-v3                                                                  196.9324   53.0739 11.7
  4.319 2102 Alaska-slab2-v3                                                                  196.8491   53.1466 13.6
  3.618 2103 Alaska-slab2-v3                                                                  196.7645   53.2206 14.6
  7.133 2115 Alaska-slab2-v3                                                                  196.7498   52.9534  8.5
  5.324 2116 Alaska-slab2-v3                                                                  196.6541   53.0059 12.4
  4.045 2117 Alaska-slab2-v3                                                                  196.5720   53.0791 14.1
  3.547 2118 Alaska-slab2-v3                                                                  196.4889   53.1538 14.8
  7.133 2130 Alaska-slab2-v3                                                                  196.4706   52.8875  8.7
  5.060 2131 Alaska-slab2-v3                                                                  196.3781   52.9384 12.8
  3.845 2132 Alaska-slab2-v3                                                                  196.2978   53.0122 14.5
  3.522 2133 Alaska-slab2-v3                                                                  196.2163   53.0876 14.9
  7.133 2145 Alaska-slab2-v3                                                                  196.1928   52.8211  8.8
  4.928 2146 Alaska-slab2-v3                                                                  196.1029   52.8721 13.0
  3.737 2147 Alaska-slab2-v3                                                                  196.0243   52.9465 14.7
  3.515 2148 Alaska-slab2-v3                                                                  195.9443   53.0225 15.0
