  5.778 1453 Alaska-slab2-v3                                                                  206.4544   55.5398  8.0
  5.778 1454 Alaska-slab2-v3                                                                  206.3461   55.6049  9.2
  5.778 1455 Alaska-slab2-v3                                                                  206.2403   55.6716 10.3
  5.778 1456 Alaska-slab2-v3                                                                  206.1377   55.7402 11.2
  5.778 1457 Alaska-slab2-v3                                                                  206.0354   55.8091 12.1
  5.778 1458 Alaska-slab2-v3                                                                  205.9326   55.8780 12.8
  5.460 1459 Alaska-slab2-v3                                                                  205.8296   55.9468 13.6
  5.088 1460 Alaska-slab2-v3                                                                  205.7260   56.0154 14.4
  5.778 1477 Alaska-slab2-v3                                                                  206.0955   55.5043  8.8
  5.778 1478 Alaska-slab2-v3                                                                  205.9916   55.5720  9.8
  5.778 1479 Alaska-slab2-v3                                                                  205.8897   55.6408 10.7
  5.778 1480 Alaska-slab2-v3                                                                  205.7890   55.7103 11.5
  5.778 1481 Alaska-slab2-v3                                                                  205.6879   55.7798 12.3
  5.607 1482 Alaska-slab2-v3                                                                  205.5864   55.8492 13.1
  5.221 1483 Alaska-slab2-v3                                                                  205.4847   55.9185 13.9
  4.799 1484 Alaska-slab2-v3                                                                  205.3819   55.9873 14.9
  5.778 1500 Alaska-slab2-v3                                                                  205.8458   55.4021  8.3
  5.778 1501 Alaska-slab2-v3                                                                  205.7450   55.4712  9.2
  5.778 1502 Alaska-slab2-v3                                                                  205.6444   55.5406 10.1
  5.778 1503 Alaska-slab2-v3                                                                  205.5441   55.6102 10.9
  5.778 1504 Alaska-slab2-v3                                                                  205.4433   55.6797 11.7
  5.778 1505 Alaska-slab2-v3                                                                  205.3421   55.7491 12.6
  5.382 1506 Alaska-slab2-v3                                                                  205.2407   55.8184 13.5
  4.933 1507 Alaska-slab2-v3                                                                  205.1389   55.8874 14.5
  5.778 1524 Alaska-slab2-v3                                                                  205.4988   55.3689  8.7
  5.778 1525 Alaska-slab2-v3                                                                  205.4008   55.4394  9.5
  5.778 1526 Alaska-slab2-v3                                                                  205.3016   55.5095 10.3
  5.778 1527 Alaska-slab2-v3                                                                  205.2007   55.5787 11.2
  5.778 1528 Alaska-slab2-v3                                                                  205.0989   55.6477 12.1
  5.571 1529 Alaska-slab2-v3                                                                  204.9969   55.7165 13.0
  5.088 1530 Alaska-slab2-v3                                                                  204.8945   55.7851 14.1
  5.778 1547 Alaska-slab2-v3                                                                  205.2584   55.2577  8.5
  5.778 1548 Alaska-slab2-v3                                                                  205.1624   55.3289  9.3
  5.778 1549 Alaska-slab2-v3                                                                  205.0641   55.3994 10.1
  5.778 1550 Alaska-slab2-v3                                                                  204.9633   55.4688 11.0
  5.778 1551 Alaska-slab2-v3                                                                  204.8619   55.5377 11.9
  5.572 1552 Alaska-slab2-v3                                                                  204.7602   55.6064 12.9
  5.058 1553 Alaska-slab2-v3                                                                  204.6582   55.6750 14.0
  5.778 1570 Alaska-slab2-v3                                                                  205.0209   55.1392  8.5
  5.778 1571 Alaska-slab2-v3                                                                  204.9251   55.2105  9.3
  5.778 1572 Alaska-slab2-v3                                                                  204.8280   55.2811 10.2
  5.778 1573 Alaska-slab2-v3                                                                  204.7290   55.3509 11.1
  5.778 1574 Alaska-slab2-v3                                                                  204.6291   55.4202 12.2
  5.778 1575 Alaska-slab2-v3                                                                  204.5289   55.4895 13.2
  5.380 1576 Alaska-slab2-v3                                                                  204.4284   55.5586 14.4
  5.778 1593 Alaska-slab2-v3                                                                  204.7814   55.0242  8.6
  5.778 1594 Alaska-slab2-v3                                                                  204.6865   55.0957  9.4
  5.778 1595 Alaska-slab2-v3                                                                  204.5900   55.1664 10.4
  5.778 1596 Alaska-slab2-v3                                                                  204.4918   55.2363 11.4
  5.778 1597 Alaska-slab2-v3                                                                  204.3930   55.3061 12.5
  5.693 1598 Alaska-slab2-v3                                                                  204.2939   55.3757 13.6
  5.222 1599 Alaska-slab2-v3                                                                  204.1944   55.4452 14.6
  5.778 1615 Alaska-slab2-v3                                                                  204.6288   54.8438  8.0
  5.778 1616 Alaska-slab2-v3                                                                  204.5354   54.9157  8.9
  5.778 1617 Alaska-slab2-v3                                                                  204.4412   54.9874  9.8
  5.778 1618 Alaska-slab2-v3                                                                  204.3449   55.0581 10.7
  5.778 1619 Alaska-slab2-v3                                                                  204.2470   55.1280 11.7
  5.778 1620 Alaska-slab2-v3                                                                  204.1487   55.1978 12.8
  5.592 1621 Alaska-slab2-v3                                                                  204.0501   55.2676 13.8
  5.143 1622 Alaska-slab2-v3                                                                  203.9512   55.3373 14.9
  5.778 1638 Alaska-slab2-v3                                                                  204.3707   54.7446  8.3
  5.778 1639 Alaska-slab2-v3                                                                  204.2784   54.8168  9.2
  5.778 1640 Alaska-slab2-v3                                                                  204.1843   54.8883 10.2
  5.778 1641 Alaska-slab2-v3                                                                  204.0877   54.9587 11.1
  5.778 1642 Alaska-slab2-v3                                                                  203.9900   55.0287 12.1
  5.480 1643 Alaska-slab2-v3                                                                  203.8920   55.0987 13.1
  5.024 1644 Alaska-slab2-v3                                                                  203.7936   55.1685 14.0
  5.778 1661 Alaska-slab2-v3                                                                  204.0996   54.6557  8.6
  5.778 1662 Alaska-slab2-v3                                                                  204.0074   54.7278  9.6
  5.778 1663 Alaska-slab2-v3                                                                  203.9128   54.7990 10.6
  5.778 1664 Alaska-slab2-v3                                                                  203.8162   54.8693 11.5
  5.778 1665 Alaska-slab2-v3                                                                  203.7191   54.9396 12.4
  5.531 1666 Alaska-slab2-v3                                                                  203.6216   55.0097 13.3
  5.125 1667 Alaska-slab2-v3                                                                  203.5239   55.0798 14.2
  5.778 1683 Alaska-slab2-v3                                                                  203.8178   54.5758  8.9
  5.778 1684 Alaska-slab2-v3                                                                  203.7246   54.6474 10.0
  5.778 1685 Alaska-slab2-v3                                                                  203.6297   54.7183 10.9
  5.778 1686 Alaska-slab2-v3                                                                  203.5336   54.7888 11.8
  5.778 1687 Alaska-slab2-v3                                                                  203.4371   54.8593 12.7
  5.737 1688 Alaska-slab2-v3                                                                  203.3403   54.9297 13.6
  5.355 1689 Alaska-slab2-v3                                                                  203.2432   55.0001 14.4
  5.778 1705 Alaska-slab2-v3                                                                  203.5301   54.5031  9.1
  5.778 1706 Alaska-slab2-v3                                                                  203.4363   54.5742 10.1
  5.778 1707 Alaska-slab2-v3                                                                  203.3410   54.6449 11.1
  5.778 1708 Alaska-slab2-v3                                                                  203.2450   54.7154 12.0
  5.778 1709 Alaska-slab2-v3                                                                  203.1487   54.7859 12.9
  5.492 1710 Alaska-slab2-v3                                                                  203.0520   54.8563 13.8
  5.074 1711 Alaska-slab2-v3                                                                  202.9552   54.9266 14.7
  5.778 1726 Alaska-slab2-v3                                                                  203.2397   54.4355  9.2
  5.778 1727 Alaska-slab2-v3                                                                  203.1452   54.5063 10.3
  5.778 1728 Alaska-slab2-v3                                                                  203.0494   54.5766 11.2
  5.778 1729 Alaska-slab2-v3                                                                  202.9530   54.6469 12.2
  5.726 1730 Alaska-slab2-v3                                                                  202.8563   54.7171 13.1
  5.294 1731 Alaska-slab2-v3                                                                  202.7593   54.7871 14.0
 10.111 1745 Alaska-slab2-v3                                                                  203.0409   54.3010  8.0
 10.111 1746 Alaska-slab2-v3                                                                  202.9467   54.3715  9.3
 10.111 1747 Alaska-slab2-v3                                                                  202.8513   54.4418 10.4
 10.111 1748 Alaska-slab2-v3                                                                  202.7548   54.5117 11.4
 10.111 1749 Alaska-slab2-v3                                                                  202.6578   54.5816 12.3
  9.659 1750 Alaska-slab2-v3                                                                  202.5605   54.6514 13.3
  8.795 1751 Alaska-slab2-v3                                                                  202.4631   54.7210 14.4
 14.444 1765 Alaska-slab2-v3                                                                  202.7468   54.2407  8.1
 14.444 1766 Alaska-slab2-v3                                                                  202.6515   54.3106  9.4
 14.444 1767 Alaska-slab2-v3                                                                  202.5552   54.3803 10.6
 14.444 1768 Alaska-slab2-v3                                                                  202.4578   54.4497 11.6
 14.098 1769 Alaska-slab2-v3                                                                  202.3600   54.5191 12.6
 12.829 1770 Alaska-slab2-v3                                                                  202.2619   54.5883 13.7
 11.384 1771 Alaska-slab2-v3                                                                  202.1648   54.6578 14.9
 18.777 1784 Alaska-slab2-v3                                                                  202.4519   54.1833  8.1
 18.777 1785 Alaska-slab2-v3                                                                  202.3560   54.2528  9.5
 18.777 1786 Alaska-slab2-v3                                                                  202.2587   54.3219 10.7
 18.777 1787 Alaska-slab2-v3                                                                  202.1601   54.3906 11.8
 18.623 1788 Alaska-slab2-v3                                                                  202.0612   54.4592 12.9
 16.890 1789 Alaska-slab2-v3                                                                  201.9621   54.5277 14.1
 23.111 1803 Alaska-slab2-v3                                                                  202.1571   54.1283  8.2
 23.111 1804 Alaska-slab2-v3                                                                  202.0608   54.1975  9.5
 23.111 1805 Alaska-slab2-v3                                                                  201.9626   54.2661 10.8
 23.111 1806 Alaska-slab2-v3                                                                  201.8628   54.3340 11.9
 23.093 1807 Alaska-slab2-v3                                                                  201.7627   54.4018 13.1
 20.840 1808 Alaska-slab2-v3                                                                  201.6629   54.4697 14.4
 23.111 1821 Alaska-slab2-v3                                                                  201.8617   54.0745  8.2
 23.111 1822 Alaska-slab2-v3                                                                  201.7650   54.1434  9.6
 23.111 1823 Alaska-slab2-v3                                                                  201.6662   54.2115 10.9
 23.111 1824 Alaska-slab2-v3                                                                  201.5657   54.2789 12.1
 21.145 1825 Alaska-slab2-v3                                                                  201.4649   54.3462 13.3
 18.549 1826 Alaska-slab2-v3                                                                  201.3653   54.4140 14.7
 23.111 1839 Alaska-slab2-v3                                                                  201.5647   54.0202  8.3
 23.111 1840 Alaska-slab2-v3                                                                  201.4665   54.0882  9.8
 23.111 1841 Alaska-slab2-v3                                                                  201.3671   54.1560 11.1
 23.111 1842 Alaska-slab2-v3                                                                  201.2668   54.2234 12.3
 21.719 1843 Alaska-slab2-v3                                                                  201.1661   54.2907 13.6
 23.111 1856 Alaska-slab2-v3                                                                  201.2655   53.9641  8.6
 23.111 1857 Alaska-slab2-v3                                                                  201.1650   54.0308 10.1
 23.111 1858 Alaska-slab2-v3                                                                  201.0653   54.0982 11.4
 23.111 1859 Alaska-slab2-v3                                                                  200.9656   54.1659 12.6
 22.053 1860 Alaska-slab2-v3                                                                  200.8656   54.2334 13.9
 23.111 1873 Alaska-slab2-v3                                                                  200.9652   53.9058  8.9
 23.111 1874 Alaska-slab2-v3                                                                  200.8627   53.9709 10.5
 23.111 1875 Alaska-slab2-v3                                                                  200.7636   54.0385 11.9
 22.032 1876 Alaska-slab2-v3                                                                  200.6643   54.1064 13.1
 19.525 1877 Alaska-slab2-v3                                                                  200.5657   54.1744 14.5
 23.111 1890 Alaska-slab2-v3                                                                  200.6664   53.8460  9.2
 23.111 1891 Alaska-slab2-v3                                                                  200.5628   53.9102 11.0
 23.111 1892 Alaska-slab2-v3                                                                  200.4644   53.9780 12.4
 21.630 1893 Alaska-slab2-v3                                                                  200.3654   54.0459 13.6
 23.111 1907 Alaska-slab2-v3                                                                  200.3709   53.7866  9.5
 23.111 1908 Alaska-slab2-v3                                                                  200.2675   53.8503 11.3
 23.111 1909 Alaska-slab2-v3                                                                  200.1695   53.9183 12.7
 21.194 1910 Alaska-slab2-v3                                                                  200.0710   53.9863 14.0
 23.111 1924 Alaska-slab2-v3                                                                  200.0792   53.7284  9.6
 23.111 1925 Alaska-slab2-v3                                                                  199.9768   53.7924 11.5
 23.111 1926 Alaska-slab2-v3                                                                  199.8801   53.8610 12.9
 20.967 1927 Alaska-slab2-v3                                                                  199.7829   53.9297 14.1
 23.111 1941 Alaska-slab2-v3                                                                  199.7909   53.6720  9.6
 23.111 1942 Alaska-slab2-v3                                                                  199.6904   53.7369 11.5
 23.084 1943 Alaska-slab2-v3                                                                  199.5958   53.8066 12.8
 20.934 1944 Alaska-slab2-v3                                                                  199.5008   53.8763 14.0
