 13.893 2701 Alaska-slab2-v3                                                                  184.9321   50.6085  9.4
 13.893 2702 Alaska-slab2-v3                                                                  184.9167   50.6967 11.2
 13.893 2703 Alaska-slab2-v3                                                                  184.9002   50.7854 12.4
 13.893 2704 Alaska-slab2-v3                                                                  184.8836   50.8745 13.4
 13.113 2705 Alaska-slab2-v3                                                                  184.8668   50.9635 14.4
 11.819 2706 Alaska-slab2-v3                                                                  184.8487   51.0521 15.7
 10.148 2707 Alaska-slab2-v3                                                                  184.8291   51.1401 17.3
  8.080 2708 Alaska-slab2-v3                                                                  184.8091   51.2274 19.3
  5.686 2709 Alaska-slab2-v3                                                                  184.7869   51.3139 21.7
  3.006 2710 Alaska-slab2-v3                                                                  184.7628   51.3995 24.3
 13.893 2716 Alaska-slab2-v3                                                                  184.6522   50.5808  9.4
 13.893 2717 Alaska-slab2-v3                                                                  184.6381   50.6690 11.2
 13.893 2718 Alaska-slab2-v3                                                                  184.6230   50.7578 12.5
 13.759 2719 Alaska-slab2-v3                                                                  184.6078   50.8468 13.6
 12.707 2720 Alaska-slab2-v3                                                                  184.5923   50.9359 14.6
 11.490 2721 Alaska-slab2-v3                                                                  184.5748   51.0247 15.8
  9.963 2722 Alaska-slab2-v3                                                                  184.5556   51.1130 17.3
  8.065 2723 Alaska-slab2-v3                                                                  184.5363   51.2007 19.1
  5.745 2724 Alaska-slab2-v3                                                                  184.5152   51.2874 21.4
  3.043 2725 Alaska-slab2-v3                                                                  184.4923   51.3732 24.0
 13.893 2731 Alaska-slab2-v3                                                                  184.3720   50.5546  9.4
 13.893 2732 Alaska-slab2-v3                                                                  184.3591   50.6428 11.2
 13.893 2733 Alaska-slab2-v3                                                                  184.3452   50.7316 12.6
 13.597 2734 Alaska-slab2-v3                                                                  184.3312   50.8207 13.7
 12.507 2735 Alaska-slab2-v3                                                                  184.3167   50.9099 14.7
 11.293 2736 Alaska-slab2-v3                                                                  184.2999   50.9987 15.9
  9.829 2737 Alaska-slab2-v3                                                                  184.2813   51.0871 17.3
  8.023 2738 Alaska-slab2-v3                                                                  184.2627   51.1751 19.0
  5.802 2739 Alaska-slab2-v3                                                                  184.2425   51.2621 21.2
  3.135 2740 Alaska-slab2-v3                                                                  184.2209   51.3481 23.8
 13.893 2746 Alaska-slab2-v3                                                                  184.0914   50.5302  9.3
 13.893 2747 Alaska-slab2-v3                                                                  184.0794   50.6186 11.1
 13.893 2748 Alaska-slab2-v3                                                                  184.0666   50.7074 12.5
 13.690 2749 Alaska-slab2-v3                                                                  184.0536   50.7966 13.6
 12.580 2750 Alaska-slab2-v3                                                                  184.0402   50.8858 14.6
 11.314 2751 Alaska-slab2-v3                                                                  184.0244   50.9747 15.9
  9.798 2752 Alaska-slab2-v3                                                                  184.0065   51.0631 17.3
  7.992 2753 Alaska-slab2-v3                                                                  183.9887   51.1511 19.1
  5.833 2754 Alaska-slab2-v3                                                                  183.9695   51.2384 21.1
  3.218 2755 Alaska-slab2-v3                                                                  183.9490   51.3246 23.7
 13.893 2761 Alaska-slab2-v3                                                                  183.8105   50.5081  9.3
 13.893 2762 Alaska-slab2-v3                                                                  183.7994   50.5965 11.0
 13.893 2763 Alaska-slab2-v3                                                                  183.7875   50.6855 12.3
 13.893 2764 Alaska-slab2-v3                                                                  183.7755   50.7748 13.4
 12.873 2765 Alaska-slab2-v3                                                                  183.7633   50.8640 14.5
 11.545 2766 Alaska-slab2-v3                                                                  183.7487   50.9529 15.8
  9.918 2767 Alaska-slab2-v3                                                                  183.7317   51.0412 17.4
  8.002 2768 Alaska-slab2-v3                                                                  183.7146   51.1291 19.2
  5.839 2769 Alaska-slab2-v3                                                                  183.6962   51.2164 21.3
  3.244 2770 Alaska-slab2-v3                                                                  183.6768   51.3027 23.8
 13.893 2776 Alaska-slab2-v3                                                                  183.5292   50.4885  9.2
 13.893 2777 Alaska-slab2-v3                                                                  183.5191   50.5771 10.9
 13.893 2778 Alaska-slab2-v3                                                                  183.5081   50.6662 12.2
 13.893 2779 Alaska-slab2-v3                                                                  183.4970   50.7555 13.2
 13.279 2780 Alaska-slab2-v3                                                                  183.4859   50.8448 14.3
 11.898 2781 Alaska-slab2-v3                                                                  183.4725   50.9336 15.6
 10.142 2782 Alaska-slab2-v3                                                                  183.4566   51.0218 17.4
  8.101 2783 Alaska-slab2-v3                                                                  183.4403   51.1095 19.4
  5.827 2784 Alaska-slab2-v3                                                                  183.4229   51.1966 21.6
  3.198 2785 Alaska-slab2-v3                                                                  183.4046   51.2828 24.2
 11.288 2791 Alaska-slab2-v3                                                                  183.2476   50.4719  9.2
 11.288 2792 Alaska-slab2-v3                                                                  183.2383   50.5605 10.8
 11.288 2793 Alaska-slab2-v3                                                                  183.2282   50.6497 12.1
 11.288 2794 Alaska-slab2-v3                                                                  183.2180   50.7391 13.1
 11.065 2795 Alaska-slab2-v3                                                                  183.2078   50.8284 14.2
  9.921 2796 Alaska-slab2-v3                                                                  183.1956   50.9172 15.6
  8.445 2797 Alaska-slab2-v3                                                                  183.1809   51.0053 17.4
  6.692 2798 Alaska-slab2-v3                                                                  183.1656   51.0928 19.6
  4.746 2799 Alaska-slab2-v3                                                                  183.1494   51.1796 22.0
  2.555 2800 Alaska-slab2-v3                                                                  183.1322   51.2657 24.7
  8.683 2806 Alaska-slab2-v3                                                                  182.9656   50.4585  9.1
  8.683 2807 Alaska-slab2-v3                                                                  182.9573   50.5472 10.7
  8.683 2808 Alaska-slab2-v3                                                                  182.9481   50.6364 12.0
  8.683 2809 Alaska-slab2-v3                                                                  182.9388   50.7258 13.0
  8.646 2810 Alaska-slab2-v3                                                                  182.9294   50.8151 14.2
  7.767 2811 Alaska-slab2-v3                                                                  182.9181   50.9039 15.6
  6.635 2812 Alaska-slab2-v3                                                                  182.9046   50.9921 17.5
  5.264 2813 Alaska-slab2-v3                                                                  182.8905   51.0794 19.7
  3.690 2814 Alaska-slab2-v3                                                                  182.8754   51.1660 22.2
  6.078 2821 Alaska-slab2-v3                                                                  182.6836   50.4486  8.9
  6.078 2822 Alaska-slab2-v3                                                                  182.6763   50.5374 10.5
  6.078 2823 Alaska-slab2-v3                                                                  182.6679   50.6266 11.8
  6.078 2824 Alaska-slab2-v3                                                                  182.6593   50.7159 13.0
  6.078 2825 Alaska-slab2-v3                                                                  182.6507   50.8052 14.2
  5.506 2826 Alaska-slab2-v3                                                                  182.6403   50.8941 15.6
  4.741 2827 Alaska-slab2-v3                                                                  182.6279   50.9823 17.4
  3.788 2828 Alaska-slab2-v3                                                                  182.6151   51.0698 19.7
  2.657 2829 Alaska-slab2-v3                                                                  182.6012   51.1562 22.3
  3.473 2835 Alaska-slab2-v3                                                                  182.4019   50.4425  8.7
  3.473 2836 Alaska-slab2-v3                                                                  182.3958   50.5313 10.3
  3.473 2837 Alaska-slab2-v3                                                                  182.3882   50.6205 11.6
  3.473 2838 Alaska-slab2-v3                                                                  182.3801   50.7097 12.9
  3.473 2839 Alaska-slab2-v3                                                                  182.3720   50.7989 14.1
  3.192 2840 Alaska-slab2-v3                                                                  182.3624   50.8878 15.6
  2.757 2841 Alaska-slab2-v3                                                                  182.3512   50.9762 17.4
  2.222 2842 Alaska-slab2-v3                                                                  182.3395   51.0636 19.7
  1.576 2843 Alaska-slab2-v3                                                                  182.3269   51.1500 22.4
  3.473 2849 Alaska-slab2-v3                                                                  182.1201   50.4400  8.5
  3.473 2850 Alaska-slab2-v3                                                                  182.1156   50.5291 10.0
  3.473 2851 Alaska-slab2-v3                                                                  182.1090   50.6182 11.3
  3.473 2852 Alaska-slab2-v3                                                                  182.1013   50.7074 12.6
  3.473 2853 Alaska-slab2-v3                                                                  182.0936   50.7965 14.0
  3.250 2854 Alaska-slab2-v3                                                                  182.0847   50.8853 15.6
  2.805 2855 Alaska-slab2-v3                                                                  182.0745   50.9736 17.5
  2.266 2856 Alaska-slab2-v3                                                                  182.0637   51.0610 19.7
  1.624 2857 Alaska-slab2-v3                                                                  182.0522   51.1474 22.5
  3.473 2863 Alaska-slab2-v3                                                                  181.8380   50.4414  8.3
  3.473 2864 Alaska-slab2-v3                                                                  181.8349   50.5305  9.7
  3.473 2865 Alaska-slab2-v3                                                                  181.8294   50.6197 11.1
  3.473 2866 Alaska-slab2-v3                                                                  181.8222   50.7089 12.4
  3.473 2867 Alaska-slab2-v3                                                                  181.8150   50.7979 13.9
  3.324 2868 Alaska-slab2-v3                                                                  181.8068   50.8865 15.6
  2.852 2869 Alaska-slab2-v3                                                                  181.7974   50.9745 17.6
  2.298 2870 Alaska-slab2-v3                                                                  181.7875   51.0618 20.0
  1.652 2871 Alaska-slab2-v3                                                                  181.7772   51.1481 22.8
  3.473 2877 Alaska-slab2-v3                                                                  181.5553   50.4465  8.2
  3.473 2878 Alaska-slab2-v3                                                                  181.5532   50.5356  9.6
  3.473 2879 Alaska-slab2-v3                                                                  181.5486   50.6249 11.0
  3.473 2880 Alaska-slab2-v3                                                                  181.5422   50.7140 12.3
  3.353 2881 Alaska-slab2-v3                                                                  181.5358   50.8030 13.9
  2.878 2882 Alaska-slab2-v3                                                                  181.5284   50.8914 15.7
  2.307 2883 Alaska-slab2-v3                                                                  181.5199   50.9791 17.9
  1.645 2884 Alaska-slab2-v3                                                                  181.5111   51.0661 20.4
  0.885 2885 Alaska-slab2-v3                                                                  181.5020   51.1520 23.4
  3.473 2891 Alaska-slab2-v3                                                                  181.2723   50.4553  8.3
  3.473 2892 Alaska-slab2-v3                                                                  181.2705   50.5445  9.7
  3.473 2893 Alaska-slab2-v3                                                                  181.2666   50.6337 11.1
  3.473 2894 Alaska-slab2-v3                                                                  181.2612   50.7229 12.5
  3.440 2895 Alaska-slab2-v3                                                                  181.2558   50.8118 14.1
  2.958 2896 Alaska-slab2-v3                                                                  181.2495   50.9001 16.0
  2.370 2897 Alaska-slab2-v3                                                                  181.2423   50.9875 18.4
  1.684 2898 Alaska-slab2-v3                                                                  181.2349   51.0739 21.1
  0.900 2899 Alaska-slab2-v3                                                                  181.2272   51.1593 24.2
  3.473 2904 Alaska-slab2-v3                                                                  180.9893   50.4677  8.5
  3.473 2905 Alaska-slab2-v3                                                                  180.9876   50.5567 10.0
  3.473 2906 Alaska-slab2-v3                                                                  180.9842   50.6459 11.4
  3.473 2907 Alaska-slab2-v3                                                                  180.9801   50.7350 12.9
  3.473 2908 Alaska-slab2-v3                                                                  180.9758   50.8239 14.5
  3.024 2909 Alaska-slab2-v3                                                                  180.9708   50.9120 16.5
  2.437 2910 Alaska-slab2-v3                                                                  180.9650   50.9992 19.0
  1.735 2911 Alaska-slab2-v3                                                                  180.9593   51.0852 21.9
  3.473 2917 Alaska-slab2-v3                                                                  180.7065   50.4827  8.8
  3.473 2918 Alaska-slab2-v3                                                                  180.7050   50.5716 10.4
  3.473 2919 Alaska-slab2-v3                                                                  180.7024   50.6607 11.9
  3.452 2920 Alaska-slab2-v3                                                                  180.6995   50.7498 13.3
  3.011 2921 Alaska-slab2-v3                                                                  180.6963   50.8386 15.0
  2.460 2922 Alaska-slab2-v3                                                                  180.6925   50.9266 17.1
  1.783 2923 Alaska-slab2-v3                                                                  180.6884   51.0136 19.7
  0.966 2924 Alaska-slab2-v3                                                                  180.6843   51.0991 22.8
