  0.546 0770 Alaska-slab2-v3                                                                  212.7037   58.1232  9.6
  0.355 0771 Alaska-slab2-v3                                                                  212.5640   58.1721 11.5
  0.215 0772 Alaska-slab2-v3                                                                  212.4241   58.2223 12.9
  0.120 0773 Alaska-slab2-v3                                                                  212.2830   58.2726 13.8
  0.061 0774 Alaska-slab2-v3                                                                  212.1411   58.3229 14.4
  0.027 0775 Alaska-slab2-v3                                                                  211.9987   58.3731 14.7
  0.010 0776 Alaska-slab2-v3                                                                  211.8558   58.4231 14.9
  0.737 0804 Alaska-slab2-v3                                                                  212.5018   57.9757  9.3
  0.500 0805 Alaska-slab2-v3                                                                  212.3630   58.0250 11.1
  0.321 0806 Alaska-slab2-v3                                                                  212.2250   58.0764 12.5
  0.194 0807 Alaska-slab2-v3                                                                  212.0860   58.1278 13.4
  0.111 0808 Alaska-slab2-v3                                                                  211.9461   58.1791 14.1
  0.057 0809 Alaska-slab2-v3                                                                  211.8057   58.2304 14.5
  0.025 0810 Alaska-slab2-v3                                                                  211.6649   58.2816 14.7
  0.959 0838 Alaska-slab2-v3                                                                  212.2938   57.8339  8.9
  0.691 0839 Alaska-slab2-v3                                                                  212.1557   57.8839 10.5
  0.480 0840 Alaska-slab2-v3                                                                  212.0188   57.9358 11.8
  0.320 0841 Alaska-slab2-v3                                                                  211.8814   57.9880 12.8
  0.203 0842 Alaska-slab2-v3                                                                  211.7432   58.0402 13.5
  0.117 0843 Alaska-slab2-v3                                                                  211.6045   58.0922 14.0
  0.054 0844 Alaska-slab2-v3                                                                  211.4652   58.1442 14.4
  1.051 0872 Alaska-slab2-v3                                                                  212.0783   57.6978  8.4
  0.817 0873 Alaska-slab2-v3                                                                  211.9416   57.7490  9.9
  0.621 0874 Alaska-slab2-v3                                                                  211.8053   57.8010 11.1
  0.463 0875 Alaska-slab2-v3                                                                  211.6687   57.8535 12.1
  0.338 0876 Alaska-slab2-v3                                                                  211.5314   57.9059 12.8
  0.237 0877 Alaska-slab2-v3                                                                  211.3937   57.9582 13.5
  0.151 0878 Alaska-slab2-v3                                                                  211.2554   58.0104 14.0
  0.076 0879 Alaska-slab2-v3                                                                  211.1167   58.0625 14.4
