  7.095 2701 Alaska-slab2-v3                                                                  184.9321   50.6085  9.4
  7.095 2702 Alaska-slab2-v3                                                                  184.9167   50.6967 11.2
  6.949 2703 Alaska-slab2-v3                                                                  184.9002   50.7854 12.4
  6.371 2704 Alaska-slab2-v3                                                                  184.8836   50.8745 13.4
  5.788 2705 Alaska-slab2-v3                                                                  184.8668   50.9635 14.4
  5.047 2706 Alaska-slab2-v3                                                                  184.8487   51.0521 15.7
  4.090 2707 Alaska-slab2-v3                                                                  184.8291   51.1401 17.3
  2.906 2708 Alaska-slab2-v3                                                                  184.8091   51.2274 19.3
  1.535 2709 Alaska-slab2-v3                                                                  184.7869   51.3139 21.7
  7.095 2716 Alaska-slab2-v3                                                                  184.6522   50.5808  9.4
  7.095 2717 Alaska-slab2-v3                                                                  184.6381   50.6690 11.2
  6.779 2718 Alaska-slab2-v3                                                                  184.6230   50.7578 12.5
  6.146 2719 Alaska-slab2-v3                                                                  184.6078   50.8468 13.6
  5.542 2720 Alaska-slab2-v3                                                                  184.5923   50.9359 14.6
  4.844 2721 Alaska-slab2-v3                                                                  184.5748   51.0247 15.8
  3.969 2722 Alaska-slab2-v3                                                                  184.5556   51.1130 17.3
  2.881 2723 Alaska-slab2-v3                                                                  184.5363   51.2007 19.1
  1.550 2724 Alaska-slab2-v3                                                                  184.5152   51.2874 21.4
  7.095 2731 Alaska-slab2-v3                                                                  184.3720   50.5546  9.4
  7.095 2732 Alaska-slab2-v3                                                                  184.3591   50.6428 11.2
  6.686 2733 Alaska-slab2-v3                                                                  184.3452   50.7316 12.6
  6.023 2734 Alaska-slab2-v3                                                                  184.3312   50.8207 13.7
  5.395 2735 Alaska-slab2-v3                                                                  184.3167   50.9099 14.7
  4.696 2736 Alaska-slab2-v3                                                                  184.2999   50.9987 15.9
  3.854 2737 Alaska-slab2-v3                                                                  184.2813   51.0871 17.3
  2.814 2738 Alaska-slab2-v3                                                                  184.2627   51.1751 19.0
  1.536 2739 Alaska-slab2-v3                                                                  184.2425   51.2621 21.2
  7.095 2746 Alaska-slab2-v3                                                                  184.0914   50.5302  9.3
  7.095 2747 Alaska-slab2-v3                                                                  184.0794   50.6186 11.1
  6.714 2748 Alaska-slab2-v3                                                                  184.0666   50.7074 12.5
  6.049 2749 Alaska-slab2-v3                                                                  184.0536   50.7966 13.6
  5.407 2750 Alaska-slab2-v3                                                                  184.0402   50.8858 14.6
  4.676 2751 Alaska-slab2-v3                                                                  184.0244   50.9747 15.9
  3.801 2752 Alaska-slab2-v3                                                                  184.0065   51.0631 17.3
  2.758 2753 Alaska-slab2-v3                                                                  183.9887   51.1511 19.1
  1.511 2754 Alaska-slab2-v3                                                                  183.9695   51.2384 21.1
  7.095 2761 Alaska-slab2-v3                                                                  183.8105   50.5081  9.3
  7.095 2762 Alaska-slab2-v3                                                                  183.7994   50.5965 11.0
  6.854 2763 Alaska-slab2-v3                                                                  183.7875   50.6855 12.3
  6.217 2764 Alaska-slab2-v3                                                                  183.7755   50.7748 13.4
  5.568 2765 Alaska-slab2-v3                                                                  183.7633   50.8640 14.5
  4.799 2766 Alaska-slab2-v3                                                                  183.7487   50.9529 15.8
  3.859 2767 Alaska-slab2-v3                                                                  183.7317   51.0412 17.4
  2.751 2768 Alaska-slab2-v3                                                                  183.7146   51.1291 19.2
  1.501 2769 Alaska-slab2-v3                                                                  183.6962   51.2164 21.3
  7.095 2776 Alaska-slab2-v3                                                                  183.5292   50.4885  9.2
  7.095 2777 Alaska-slab2-v3                                                                  183.5191   50.5771 10.9
  7.066 2778 Alaska-slab2-v3                                                                  183.5081   50.6662 12.2
  6.456 2779 Alaska-slab2-v3                                                                  183.4970   50.7555 13.2
  5.818 2780 Alaska-slab2-v3                                                                  183.4859   50.8448 14.3
  5.021 2781 Alaska-slab2-v3                                                                  183.4725   50.9336 15.6
  4.007 2782 Alaska-slab2-v3                                                                  183.4566   51.0218 17.4
  2.830 2783 Alaska-slab2-v3                                                                  183.4403   51.1095 19.4
  1.517 2784 Alaska-slab2-v3                                                                  183.4229   51.1966 21.6
  5.765 2791 Alaska-slab2-v3                                                                  183.2476   50.4719  9.2
  5.765 2792 Alaska-slab2-v3                                                                  183.2383   50.5605 10.8
  5.765 2793 Alaska-slab2-v3                                                                  183.2282   50.6497 12.1
  5.419 2794 Alaska-slab2-v3                                                                  183.2180   50.7391 13.1
  4.900 2795 Alaska-slab2-v3                                                                  183.2078   50.8284 14.2
  4.242 2796 Alaska-slab2-v3                                                                  183.1956   50.9172 15.6
  3.392 2797 Alaska-slab2-v3                                                                  183.1809   51.0053 17.4
  2.382 2798 Alaska-slab2-v3                                                                  183.1656   51.0928 19.6
  1.261 2799 Alaska-slab2-v3                                                                  183.1494   51.1796 22.0
  4.434 2806 Alaska-slab2-v3                                                                  182.9656   50.4585  9.1
  4.434 2807 Alaska-slab2-v3                                                                  182.9573   50.5472 10.7
  4.099 2808 Alaska-slab2-v3                                                                  182.9481   50.6364 12.0
  3.669 2809 Alaska-slab2-v3                                                                  182.9388   50.7258 13.0
  3.214 2810 Alaska-slab2-v3                                                                  182.9294   50.8151 14.2
  2.644 2811 Alaska-slab2-v3                                                                  182.9181   50.9039 15.6
  1.910 2812 Alaska-slab2-v3                                                                  182.9046   50.9921 17.5
  1.021 2813 Alaska-slab2-v3                                                                  182.8905   51.0794 19.7
  3.104 2821 Alaska-slab2-v3                                                                  182.6836   50.4486  8.9
  3.104 2822 Alaska-slab2-v3                                                                  182.6763   50.5374 10.5
  2.918 2823 Alaska-slab2-v3                                                                  182.6679   50.6266 11.8
  2.596 2824 Alaska-slab2-v3                                                                  182.6593   50.7159 13.0
  2.262 2825 Alaska-slab2-v3                                                                  182.6507   50.8052 14.2
  1.862 2826 Alaska-slab2-v3                                                                  182.6403   50.8941 15.6
  1.362 2827 Alaska-slab2-v3                                                                  182.6279   50.9823 17.4
  0.739 2828 Alaska-slab2-v3                                                                  182.6151   51.0698 19.7
  1.774 2835 Alaska-slab2-v3                                                                  182.4019   50.4425  8.7
  1.774 2836 Alaska-slab2-v3                                                                  182.3958   50.5313 10.3
  1.702 2837 Alaska-slab2-v3                                                                  182.3882   50.6205 11.6
  1.506 2838 Alaska-slab2-v3                                                                  182.3801   50.7097 12.9
  1.303 2839 Alaska-slab2-v3                                                                  182.3720   50.7989 14.1
  1.068 2840 Alaska-slab2-v3                                                                  182.3624   50.8878 15.6
  0.781 2841 Alaska-slab2-v3                                                                  182.3512   50.9762 17.4
  0.427 2842 Alaska-slab2-v3                                                                  182.3395   51.0636 19.7
  1.774 2849 Alaska-slab2-v3                                                                  182.1201   50.4400  8.5
  1.774 2850 Alaska-slab2-v3                                                                  182.1156   50.5291 10.0
  1.756 2851 Alaska-slab2-v3                                                                  182.1090   50.6182 11.3
  1.549 2852 Alaska-slab2-v3                                                                  182.1013   50.7074 12.6
  1.332 2853 Alaska-slab2-v3                                                                  182.0936   50.7965 14.0
  1.084 2854 Alaska-slab2-v3                                                                  182.0847   50.8853 15.6
  0.787 2855 Alaska-slab2-v3                                                                  182.0745   50.9736 17.5
  0.428 2856 Alaska-slab2-v3                                                                  182.0637   51.0610 19.7
  1.774 2863 Alaska-slab2-v3                                                                  181.8380   50.4414  8.3
  1.774 2864 Alaska-slab2-v3                                                                  181.8349   50.5305  9.7
  1.774 2865 Alaska-slab2-v3                                                                  181.8294   50.6197 11.1
  1.612 2866 Alaska-slab2-v3                                                                  181.8222   50.7089 12.4
  1.384 2867 Alaska-slab2-v3                                                                  181.8150   50.7979 13.9
  1.121 2868 Alaska-slab2-v3                                                                  181.8068   50.8865 15.6
  0.804 2869 Alaska-slab2-v3                                                                  181.7974   50.9745 17.6
  0.433 2870 Alaska-slab2-v3                                                                  181.7875   51.0618 20.0
  1.774 2877 Alaska-slab2-v3                                                                  181.5553   50.4465  8.2
  1.774 2878 Alaska-slab2-v3                                                                  181.5532   50.5356  9.6
  1.774 2879 Alaska-slab2-v3                                                                  181.5486   50.6249 11.0
  1.675 2880 Alaska-slab2-v3                                                                  181.5422   50.7140 12.3
  1.444 2881 Alaska-slab2-v3                                                                  181.5358   50.8030 13.9
  1.166 2882 Alaska-slab2-v3                                                                  181.5284   50.8914 15.7
  0.832 2883 Alaska-slab2-v3                                                                  181.5199   50.9791 17.9
  0.445 2884 Alaska-slab2-v3                                                                  181.5111   51.0661 20.4
  1.774 2891 Alaska-slab2-v3                                                                  181.2723   50.4553  8.3
  1.774 2892 Alaska-slab2-v3                                                                  181.2705   50.5445  9.7
  1.774 2893 Alaska-slab2-v3                                                                  181.2666   50.6337 11.1
  1.721 2894 Alaska-slab2-v3                                                                  181.2612   50.7229 12.5
  1.490 2895 Alaska-slab2-v3                                                                  181.2558   50.8118 14.1
  1.207 2896 Alaska-slab2-v3                                                                  181.2495   50.9001 16.0
  0.862 2897 Alaska-slab2-v3                                                                  181.2423   50.9875 18.4
  0.460 2898 Alaska-slab2-v3                                                                  181.2349   51.0739 21.1
  1.774 2904 Alaska-slab2-v3                                                                  180.9893   50.4677  8.5
  1.774 2905 Alaska-slab2-v3                                                                  180.9876   50.5567 10.0
  1.696 2906 Alaska-slab2-v3                                                                  180.9842   50.6459 11.4
  1.466 2907 Alaska-slab2-v3                                                                  180.9801   50.7350 12.9
  1.202 2908 Alaska-slab2-v3                                                                  180.9758   50.8239 14.5
  0.877 2909 Alaska-slab2-v3                                                                  180.9708   50.9120 16.5
  0.477 2910 Alaska-slab2-v3                                                                  180.9650   50.9992 19.0
  1.774 2917 Alaska-slab2-v3                                                                  180.7065   50.4827  8.8
  1.774 2918 Alaska-slab2-v3                                                                  180.7050   50.5716 10.4
  1.699 2919 Alaska-slab2-v3                                                                  180.7024   50.6607 11.9
  1.475 2920 Alaska-slab2-v3                                                                  180.6995   50.7498 13.3
  1.213 2921 Alaska-slab2-v3                                                                  180.6963   50.8386 15.0
  0.886 2922 Alaska-slab2-v3                                                                  180.6925   50.9266 17.1
  0.484 2923 Alaska-slab2-v3                                                                  180.6884   51.0136 19.7
