  2.066 1764 Alaska-slab2-v3                                                                  202.8416   54.1708  6.7
  2.066 1765 Alaska-slab2-v3                                                                  202.7468   54.2407  8.1
  1.985 1766 Alaska-slab2-v3                                                                  202.6515   54.3106  9.4
  1.722 1767 Alaska-slab2-v3                                                                  202.5552   54.3803 10.6
  1.485 1768 Alaska-slab2-v3                                                                  202.4578   54.4497 11.6
  1.256 1769 Alaska-slab2-v3                                                                  202.3600   54.5191 12.6
  1.010 1770 Alaska-slab2-v3                                                                  202.2619   54.5883 13.7
  0.729 1771 Alaska-slab2-v3                                                                  202.1648   54.6578 14.9
  2.952 1783 Alaska-slab2-v3                                                                  202.5474   54.1138  6.7
  2.952 1784 Alaska-slab2-v3                                                                  202.4519   54.1833  8.1
  2.931 1785 Alaska-slab2-v3                                                                  202.3560   54.2528  9.5
  2.552 1786 Alaska-slab2-v3                                                                  202.2587   54.3219 10.7
  2.207 1787 Alaska-slab2-v3                                                                  202.1601   54.3906 11.8
  1.862 1788 Alaska-slab2-v3                                                                  202.0612   54.4592 12.9
  1.492 1789 Alaska-slab2-v3                                                                  201.9621   54.5277 14.1
  3.837 1802 Alaska-slab2-v3                                                                  202.2527   54.0590  6.7
  3.837 1803 Alaska-slab2-v3                                                                  202.1571   54.1283  8.2
  3.837 1804 Alaska-slab2-v3                                                                  202.0608   54.1975  9.5
  3.419 1805 Alaska-slab2-v3                                                                  201.9626   54.2661 10.8
  2.957 1806 Alaska-slab2-v3                                                                  201.8628   54.3340 11.9
  2.487 1807 Alaska-slab2-v3                                                                  201.7627   54.4018 13.1
  1.982 1808 Alaska-slab2-v3                                                                  201.6629   54.4697 14.4
  4.723 1820 Alaska-slab2-v3                                                                  201.9577   54.0054  6.8
  4.723 1821 Alaska-slab2-v3                                                                  201.8617   54.0745  8.2
  4.441 1822 Alaska-slab2-v3                                                                  201.7650   54.1434  9.6
  3.773 1823 Alaska-slab2-v3                                                                  201.6662   54.2115 10.9
  3.136 1824 Alaska-slab2-v3                                                                  201.5657   54.2789 12.1
  2.489 1825 Alaska-slab2-v3                                                                  201.4649   54.3462 13.3
  1.769 1826 Alaska-slab2-v3                                                                  201.3653   54.4140 14.7
  4.723 1838 Alaska-slab2-v3                                                                  201.6623   53.9521  6.8
  4.723 1839 Alaska-slab2-v3                                                                  201.5647   54.0202  8.3
  4.531 1840 Alaska-slab2-v3                                                                  201.4665   54.0882  9.8
  3.882 1841 Alaska-slab2-v3                                                                  201.3671   54.1560 11.1
  3.263 1842 Alaska-slab2-v3                                                                  201.2668   54.2234 12.3
  2.618 1843 Alaska-slab2-v3                                                                  201.1661   54.2907 13.6
  4.723 1855 Alaska-slab2-v3                                                                  201.3664   53.8981  6.9
  4.723 1856 Alaska-slab2-v3                                                                  201.2655   53.9641  8.6
  4.570 1857 Alaska-slab2-v3                                                                  201.1650   54.0308 10.1
  3.937 1858 Alaska-slab2-v3                                                                  201.0653   54.0982 11.4
  3.342 1859 Alaska-slab2-v3                                                                  200.9656   54.1659 12.6
  2.703 1860 Alaska-slab2-v3                                                                  200.8656   54.2334 13.9
  4.723 1872 Alaska-slab2-v3                                                                  201.0706   53.8428  7.0
  4.723 1873 Alaska-slab2-v3                                                                  200.9652   53.9058  8.9
  3.952 1874 Alaska-slab2-v3                                                                  200.8627   53.9709 10.5
  3.248 1875 Alaska-slab2-v3                                                                  200.7636   54.0385 11.9
  2.595 1876 Alaska-slab2-v3                                                                  200.6643   54.1064 13.1
  1.885 1877 Alaska-slab2-v3                                                                  200.5657   54.1744 14.5
  4.723 1889 Alaska-slab2-v3                                                                  200.7756   53.7862  7.1
  4.723 1890 Alaska-slab2-v3                                                                  200.6664   53.8460  9.2
  3.904 1891 Alaska-slab2-v3                                                                  200.5628   53.9102 11.0
  3.202 1892 Alaska-slab2-v3                                                                  200.4644   53.9780 12.4
  2.566 1893 Alaska-slab2-v3                                                                  200.3654   54.0459 13.6
  3.837 1906 Alaska-slab2-v3                                                                  200.4822   53.7288  7.2
  3.837 1907 Alaska-slab2-v3                                                                  200.3709   53.7866  9.5
  3.125 1908 Alaska-slab2-v3                                                                  200.2675   53.8503 11.3
  2.562 1909 Alaska-slab2-v3                                                                  200.1695   53.9183 12.7
  2.055 1910 Alaska-slab2-v3                                                                  200.0710   53.9863 14.0
  2.952 1923 Alaska-slab2-v3                                                                  200.1907   53.6713  7.3
  2.939 1924 Alaska-slab2-v3                                                                  200.0792   53.7284  9.6
  2.377 1925 Alaska-slab2-v3                                                                  199.9768   53.7924 11.5
  1.952 1926 Alaska-slab2-v3                                                                  199.8801   53.8610 12.9
  1.574 1927 Alaska-slab2-v3                                                                  199.7829   53.9297 14.1
  2.066 1940 Alaska-slab2-v3                                                                  199.9012   53.6142  7.3
  2.042 1941 Alaska-slab2-v3                                                                  199.7909   53.6720  9.6
  1.648 1942 Alaska-slab2-v3                                                                  199.6904   53.7369 11.5
  1.358 1943 Alaska-slab2-v3                                                                  199.5958   53.8066 12.8
  1.100 1944 Alaska-slab2-v3                                                                  199.5008   53.8763 14.0
