  1.253 2701 Alaska-slab2-v3                                                                  184.9321   50.6085  9.4
  1.253 2702 Alaska-slab2-v3                                                                  184.9167   50.6967 11.2
  1.253 2703 Alaska-slab2-v3                                                                  184.9002   50.7854 12.4
  1.253 2704 Alaska-slab2-v3                                                                  184.8836   50.8745 13.4
  1.253 2705 Alaska-slab2-v3                                                                  184.8668   50.9635 14.4
  1.234 2706 Alaska-slab2-v3                                                                  184.8487   51.0521 15.7
  1.101 2707 Alaska-slab2-v3                                                                  184.8291   51.1401 17.3
  0.936 2708 Alaska-slab2-v3                                                                  184.8091   51.2274 19.3
  0.745 2709 Alaska-slab2-v3                                                                  184.7869   51.3139 21.7
  0.532 2710 Alaska-slab2-v3                                                                  184.7628   51.3995 24.3
  1.253 2716 Alaska-slab2-v3                                                                  184.6522   50.5808  9.4
  1.253 2717 Alaska-slab2-v3                                                                  184.6381   50.6690 11.2
  1.253 2718 Alaska-slab2-v3                                                                  184.6230   50.7578 12.5
  1.253 2719 Alaska-slab2-v3                                                                  184.6078   50.8468 13.6
  1.253 2720 Alaska-slab2-v3                                                                  184.5923   50.9359 14.6
  1.253 2721 Alaska-slab2-v3                                                                  184.5748   51.0247 15.8
  1.253 2722 Alaska-slab2-v3                                                                  184.5556   51.1130 17.3
  1.133 2723 Alaska-slab2-v3                                                                  184.5363   51.2007 19.1
  0.971 2724 Alaska-slab2-v3                                                                  184.5152   51.2874 21.4
  0.783 2725 Alaska-slab2-v3                                                                  184.4923   51.3732 24.0
  1.253 2731 Alaska-slab2-v3                                                                  184.3720   50.5546  9.4
  1.253 2732 Alaska-slab2-v3                                                                  184.3591   50.6428 11.2
  1.253 2733 Alaska-slab2-v3                                                                  184.3452   50.7316 12.6
  1.253 2734 Alaska-slab2-v3                                                                  184.3312   50.8207 13.7
  1.253 2735 Alaska-slab2-v3                                                                  184.3167   50.9099 14.7
  1.253 2736 Alaska-slab2-v3                                                                  184.2999   50.9987 15.9
  1.253 2737 Alaska-slab2-v3                                                                  184.2813   51.0871 17.3
  1.133 2738 Alaska-slab2-v3                                                                  184.2627   51.1751 19.0
  0.978 2739 Alaska-slab2-v3                                                                  184.2425   51.2621 21.2
  0.793 2740 Alaska-slab2-v3                                                                  184.2209   51.3481 23.8
  1.253 2746 Alaska-slab2-v3                                                                  184.0914   50.5302  9.3
  1.253 2747 Alaska-slab2-v3                                                                  184.0794   50.6186 11.1
  1.253 2748 Alaska-slab2-v3                                                                  184.0666   50.7074 12.5
  1.253 2749 Alaska-slab2-v3                                                                  184.0536   50.7966 13.6
  1.253 2750 Alaska-slab2-v3                                                                  184.0402   50.8858 14.6
  1.253 2751 Alaska-slab2-v3                                                                  184.0244   50.9747 15.9
  1.253 2752 Alaska-slab2-v3                                                                  184.0065   51.0631 17.3
  1.136 2753 Alaska-slab2-v3                                                                  183.9887   51.1511 19.1
  0.986 2754 Alaska-slab2-v3                                                                  183.9695   51.2384 21.1
  0.805 2755 Alaska-slab2-v3                                                                  183.9490   51.3246 23.7
  1.253 2761 Alaska-slab2-v3                                                                  183.8105   50.5081  9.3
  1.253 2762 Alaska-slab2-v3                                                                  183.7994   50.5965 11.0
  1.253 2763 Alaska-slab2-v3                                                                  183.7875   50.6855 12.3
  1.253 2764 Alaska-slab2-v3                                                                  183.7755   50.7748 13.4
  1.253 2765 Alaska-slab2-v3                                                                  183.7633   50.8640 14.5
  1.223 2766 Alaska-slab2-v3                                                                  183.7487   50.9529 15.8
  1.094 2767 Alaska-slab2-v3                                                                  183.7317   51.0412 17.4
  0.943 2768 Alaska-slab2-v3                                                                  183.7146   51.1291 19.2
  0.772 2769 Alaska-slab2-v3                                                                  183.6962   51.2164 21.3
  0.567 2770 Alaska-slab2-v3                                                                  183.6768   51.3027 23.8
  1.253 2776 Alaska-slab2-v3                                                                  183.5292   50.4885  9.2
  1.253 2777 Alaska-slab2-v3                                                                  183.5191   50.5771 10.9
  1.253 2778 Alaska-slab2-v3                                                                  183.5081   50.6662 12.2
  1.253 2779 Alaska-slab2-v3                                                                  183.4970   50.7555 13.2
  1.253 2780 Alaska-slab2-v3                                                                  183.4859   50.8448 14.3
  1.249 2781 Alaska-slab2-v3                                                                  183.4725   50.9336 15.6
  1.110 2782 Alaska-slab2-v3                                                                  183.4566   51.0218 17.4
  0.948 2783 Alaska-slab2-v3                                                                  183.4403   51.1095 19.4
  0.768 2784 Alaska-slab2-v3                                                                  183.4229   51.1966 21.6
  0.560 2785 Alaska-slab2-v3                                                                  183.4046   51.2828 24.2
  1.253 2791 Alaska-slab2-v3                                                                  183.2476   50.4719  9.2
  1.253 2792 Alaska-slab2-v3                                                                  183.2383   50.5605 10.8
  1.253 2793 Alaska-slab2-v3                                                                  183.2282   50.6497 12.1
  1.253 2794 Alaska-slab2-v3                                                                  183.2180   50.7391 13.1
  1.253 2795 Alaska-slab2-v3                                                                  183.2078   50.8284 14.2
  1.253 2796 Alaska-slab2-v3                                                                  183.1956   50.9172 15.6
  1.126 2797 Alaska-slab2-v3                                                                  183.1809   51.0053 17.4
  0.955 2798 Alaska-slab2-v3                                                                  183.1656   51.0928 19.6
  0.765 2799 Alaska-slab2-v3                                                                  183.1494   51.1796 22.0
  0.551 2800 Alaska-slab2-v3                                                                  183.1322   51.2657 24.7
  2.193 2806 Alaska-slab2-v3                                                                  182.9656   50.4585  9.1
  2.193 2807 Alaska-slab2-v3                                                                  182.9573   50.5472 10.7
  2.193 2808 Alaska-slab2-v3                                                                  182.9481   50.6364 12.0
  2.193 2809 Alaska-slab2-v3                                                                  182.9388   50.7258 13.0
  2.193 2810 Alaska-slab2-v3                                                                  182.9294   50.8151 14.2
  2.193 2811 Alaska-slab2-v3                                                                  182.9181   50.9039 15.6
  2.001 2812 Alaska-slab2-v3                                                                  182.9046   50.9921 17.5
  1.696 2813 Alaska-slab2-v3                                                                  182.8905   51.0794 19.7
  1.346 2814 Alaska-slab2-v3                                                                  182.8754   51.1660 22.2
  3.133 2821 Alaska-slab2-v3                                                                  182.6836   50.4486  8.9
  3.133 2822 Alaska-slab2-v3                                                                  182.6763   50.5374 10.5
  3.133 2823 Alaska-slab2-v3                                                                  182.6679   50.6266 11.8
  3.133 2824 Alaska-slab2-v3                                                                  182.6593   50.7159 13.0
  3.133 2825 Alaska-slab2-v3                                                                  182.6507   50.8052 14.2
  3.133 2826 Alaska-slab2-v3                                                                  182.6403   50.8941 15.6
  2.909 2827 Alaska-slab2-v3                                                                  182.6279   50.9823 17.4
  2.478 2828 Alaska-slab2-v3                                                                  182.6151   51.0698 19.7
  1.966 2829 Alaska-slab2-v3                                                                  182.6012   51.1562 22.3
  4.073 2835 Alaska-slab2-v3                                                                  182.4019   50.4425  8.7
  4.073 2836 Alaska-slab2-v3                                                                  182.3958   50.5313 10.3
  4.073 2837 Alaska-slab2-v3                                                                  182.3882   50.6205 11.6
  4.073 2838 Alaska-slab2-v3                                                                  182.3801   50.7097 12.9
  4.073 2839 Alaska-slab2-v3                                                                  182.3720   50.7989 14.1
  4.073 2840 Alaska-slab2-v3                                                                  182.3624   50.8878 15.6
  3.840 2841 Alaska-slab2-v3                                                                  182.3512   50.9762 17.4
  3.289 2842 Alaska-slab2-v3                                                                  182.3395   51.0636 19.7
  2.625 2843 Alaska-slab2-v3                                                                  182.3269   51.1500 22.4
  5.013 2849 Alaska-slab2-v3                                                                  182.1201   50.4400  8.5
  5.013 2850 Alaska-slab2-v3                                                                  182.1156   50.5291 10.0
  5.013 2851 Alaska-slab2-v3                                                                  182.1090   50.6182 11.3
  5.013 2852 Alaska-slab2-v3                                                                  182.1013   50.7074 12.6
  5.013 2853 Alaska-slab2-v3                                                                  182.0936   50.7965 14.0
  5.013 2854 Alaska-slab2-v3                                                                  182.0847   50.8853 15.6
  4.796 2855 Alaska-slab2-v3                                                                  182.0745   50.9736 17.5
  4.116 2856 Alaska-slab2-v3                                                                  182.0637   51.0610 19.7
  3.305 2857 Alaska-slab2-v3                                                                  182.0522   51.1474 22.5
  5.013 2863 Alaska-slab2-v3                                                                  181.8380   50.4414  8.3
  5.013 2864 Alaska-slab2-v3                                                                  181.8349   50.5305  9.7
  5.013 2865 Alaska-slab2-v3                                                                  181.8294   50.6197 11.1
  5.013 2866 Alaska-slab2-v3                                                                  181.8222   50.7089 12.4
  5.013 2867 Alaska-slab2-v3                                                                  181.8150   50.7979 13.9
  5.013 2868 Alaska-slab2-v3                                                                  181.8068   50.8865 15.6
  4.869 2869 Alaska-slab2-v3                                                                  181.7974   50.9745 17.6
  4.172 2870 Alaska-slab2-v3                                                                  181.7875   51.0618 20.0
  3.358 2871 Alaska-slab2-v3                                                                  181.7772   51.1481 22.8
  5.013 2877 Alaska-slab2-v3                                                                  181.5553   50.4465  8.2
  5.013 2878 Alaska-slab2-v3                                                                  181.5532   50.5356  9.6
  5.013 2879 Alaska-slab2-v3                                                                  181.5486   50.6249 11.0
  5.013 2880 Alaska-slab2-v3                                                                  181.5422   50.7140 12.3
  5.013 2881 Alaska-slab2-v3                                                                  181.5358   50.8030 13.9
  4.913 2882 Alaska-slab2-v3                                                                  181.5284   50.8914 15.7
  4.196 2883 Alaska-slab2-v3                                                                  181.5199   50.9791 17.9
  3.365 2884 Alaska-slab2-v3                                                                  181.5111   51.0661 20.4
  2.409 2885 Alaska-slab2-v3                                                                  181.5020   51.1520 23.4
  5.013 2891 Alaska-slab2-v3                                                                  181.2723   50.4553  8.3
  5.013 2892 Alaska-slab2-v3                                                                  181.2705   50.5445  9.7
  5.013 2893 Alaska-slab2-v3                                                                  181.2666   50.6337 11.1
  5.013 2894 Alaska-slab2-v3                                                                  181.2612   50.7229 12.5
  5.013 2895 Alaska-slab2-v3                                                                  181.2558   50.8118 14.1
  5.013 2896 Alaska-slab2-v3                                                                  181.2495   50.9001 16.0
  4.287 2897 Alaska-slab2-v3                                                                  181.2423   50.9875 18.4
  3.427 2898 Alaska-slab2-v3                                                                  181.2349   51.0739 21.1
  2.445 2899 Alaska-slab2-v3                                                                  181.2272   51.1593 24.2
  5.013 2904 Alaska-slab2-v3                                                                  180.9893   50.4677  8.5
  5.013 2905 Alaska-slab2-v3                                                                  180.9876   50.5567 10.0
  5.013 2906 Alaska-slab2-v3                                                                  180.9842   50.6459 11.4
  5.013 2907 Alaska-slab2-v3                                                                  180.9801   50.7350 12.9
  5.013 2908 Alaska-slab2-v3                                                                  180.9758   50.8239 14.5
  5.013 2909 Alaska-slab2-v3                                                                  180.9708   50.9120 16.5
  4.374 2910 Alaska-slab2-v3                                                                  180.9650   50.9992 19.0
  3.495 2911 Alaska-slab2-v3                                                                  180.9593   51.0852 21.9
  5.013 2917 Alaska-slab2-v3                                                                  180.7065   50.4827  8.8
  5.013 2918 Alaska-slab2-v3                                                                  180.7050   50.5716 10.4
  5.013 2919 Alaska-slab2-v3                                                                  180.7024   50.6607 11.9
  5.013 2920 Alaska-slab2-v3                                                                  180.6995   50.7498 13.3
  5.013 2921 Alaska-slab2-v3                                                                  180.6963   50.8386 15.0
  4.436 2922 Alaska-slab2-v3                                                                  180.6925   50.9266 17.1
  3.592 2923 Alaska-slab2-v3                                                                  180.6884   51.0136 19.7
  2.574 2924 Alaska-slab2-v3                                                                  180.6843   51.0991 22.8
