  0.914 1452 Alaska-slab2-v3                                                                  206.5623   55.4747  6.7
  0.914 1453 Alaska-slab2-v3                                                                  206.4544   55.5398  8.0
  0.914 1454 Alaska-slab2-v3                                                                  206.3461   55.6049  9.2
  0.914 1455 Alaska-slab2-v3                                                                  206.2403   55.6716 10.3
  0.914 1456 Alaska-slab2-v3                                                                  206.1377   55.7402 11.2
  0.914 1457 Alaska-slab2-v3                                                                  206.0354   55.8091 12.1
  0.914 1458 Alaska-slab2-v3                                                                  205.9326   55.8780 12.8
  0.914 1459 Alaska-slab2-v3                                                                  205.8296   55.9468 13.6
  0.882 1460 Alaska-slab2-v3                                                                  205.7260   56.0154 14.4
  0.820 1461 Alaska-slab2-v3                                                                  205.6208   56.0831 15.4
  0.749 1462 Alaska-slab2-v3                                                                  205.5137   56.1499 16.5
  0.669 1463 Alaska-slab2-v3                                                                  205.4060   56.2162 17.7
  0.581 1464 Alaska-slab2-v3                                                                  205.2980   56.2824 19.0
  0.485 1465 Alaska-slab2-v3                                                                  205.1880   56.3473 20.5
  0.379 1466 Alaska-slab2-v3                                                                  205.0754   56.4107 22.1
  0.263 1467 Alaska-slab2-v3                                                                  204.9622   56.4735 23.9
  0.137 1468 Alaska-slab2-v3                                                                  204.8488   56.5360 25.8
  1.600 1475 Alaska-slab2-v3                                                                  206.3037   55.3696  6.6
  1.600 1476 Alaska-slab2-v3                                                                  206.1998   55.4370  7.7
  1.600 1477 Alaska-slab2-v3                                                                  206.0955   55.5043  8.8
  1.600 1478 Alaska-slab2-v3                                                                  205.9916   55.5720  9.8
  1.600 1479 Alaska-slab2-v3                                                                  205.8897   55.6408 10.7
  1.600 1480 Alaska-slab2-v3                                                                  205.7890   55.7103 11.5
  1.600 1481 Alaska-slab2-v3                                                                  205.6879   55.7798 12.3
  1.600 1482 Alaska-slab2-v3                                                                  205.5864   55.8492 13.1
  1.600 1483 Alaska-slab2-v3                                                                  205.4847   55.9185 13.9
  1.600 1484 Alaska-slab2-v3                                                                  205.3819   55.9873 14.9
  1.487 1485 Alaska-slab2-v3                                                                  205.2773   56.0552 15.9
  1.359 1486 Alaska-slab2-v3                                                                  205.1714   56.1224 17.1
  1.214 1487 Alaska-slab2-v3                                                                  205.0654   56.1893 18.5
  1.052 1488 Alaska-slab2-v3                                                                  204.9581   56.2554 20.0
  0.870 1489 Alaska-slab2-v3                                                                  204.8480   56.3198 21.7
  0.674 1490 Alaska-slab2-v3                                                                  204.7365   56.3833 23.5
  0.464 1491 Alaska-slab2-v3                                                                  204.6253   56.4467 25.5
  0.242 1492 Alaska-slab2-v3                                                                  204.5147   56.5103 27.5
  2.285 1498 Alaska-slab2-v3                                                                  206.0464   55.2637  6.5
  2.285 1499 Alaska-slab2-v3                                                                  205.9463   55.3329  7.4
  2.285 1500 Alaska-slab2-v3                                                                  205.8458   55.4021  8.3
  2.285 1501 Alaska-slab2-v3                                                                  205.7450   55.4712  9.2
  2.285 1502 Alaska-slab2-v3                                                                  205.6444   55.5406 10.1
  2.285 1503 Alaska-slab2-v3                                                                  205.5441   55.6102 10.9
  2.285 1504 Alaska-slab2-v3                                                                  205.4433   55.6797 11.7
  2.285 1505 Alaska-slab2-v3                                                                  205.3421   55.7491 12.6
  2.285 1506 Alaska-slab2-v3                                                                  205.2407   55.8184 13.5
  2.285 1507 Alaska-slab2-v3                                                                  205.1389   55.8874 14.5
  2.175 1508 Alaska-slab2-v3                                                                  205.0361   55.9561 15.5
  1.988 1509 Alaska-slab2-v3                                                                  204.9326   56.0242 16.8
  1.779 1510 Alaska-slab2-v3                                                                  204.8290   56.0922 18.1
  1.541 1511 Alaska-slab2-v3                                                                  204.7246   56.1596 19.6
  1.276 1512 Alaska-slab2-v3                                                                  204.6178   56.2254 21.4
  0.986 1513 Alaska-slab2-v3                                                                  204.5092   56.2902 23.2
  0.681 1514 Alaska-slab2-v3                                                                  204.4009   56.3549 25.2
  0.359 1515 Alaska-slab2-v3                                                                  204.2935   56.4199 27.3
  2.971 1521 Alaska-slab2-v3                                                                  205.7905   55.1568  6.4
  2.971 1522 Alaska-slab2-v3                                                                  205.6936   55.2276  7.2
  2.971 1523 Alaska-slab2-v3                                                                  205.5963   55.2983  7.9
  2.971 1524 Alaska-slab2-v3                                                                  205.4988   55.3689  8.7
  2.971 1525 Alaska-slab2-v3                                                                  205.4008   55.4394  9.5
  2.971 1526 Alaska-slab2-v3                                                                  205.3016   55.5095 10.3
  2.971 1527 Alaska-slab2-v3                                                                  205.2007   55.5787 11.2
  2.971 1528 Alaska-slab2-v3                                                                  205.0989   55.6477 12.1
  2.971 1529 Alaska-slab2-v3                                                                  204.9969   55.7165 13.0
  2.971 1530 Alaska-slab2-v3                                                                  204.8945   55.7851 14.1
  2.900 1531 Alaska-slab2-v3                                                                  204.7926   55.8539 15.2
  2.642 1532 Alaska-slab2-v3                                                                  204.6915   55.9229 16.5
  2.354 1533 Alaska-slab2-v3                                                                  204.5907   55.9919 18.0
  2.041 1534 Alaska-slab2-v3                                                                  204.4894   56.0606 19.5
  1.697 1535 Alaska-slab2-v3                                                                  204.3862   56.1281 21.2
  1.326 1536 Alaska-slab2-v3                                                                  204.2814   56.1947 23.1
  0.925 1537 Alaska-slab2-v3                                                                  204.1770   56.2611 25.1
  0.485 1538 Alaska-slab2-v3                                                                  204.0733   56.3276 27.3
  3.656 1544 Alaska-slab2-v3                                                                  205.5445   55.0436  6.3
  3.656 1545 Alaska-slab2-v3                                                                  205.4491   55.1150  7.0
  3.656 1546 Alaska-slab2-v3                                                                  205.3538   55.1864  7.8
  3.656 1547 Alaska-slab2-v3                                                                  205.2584   55.2577  8.5
  3.656 1548 Alaska-slab2-v3                                                                  205.1624   55.3289  9.3
  3.656 1549 Alaska-slab2-v3                                                                  205.0641   55.3994 10.1
  3.656 1550 Alaska-slab2-v3                                                                  204.9633   55.4688 11.0
  3.656 1551 Alaska-slab2-v3                                                                  204.8619   55.5377 11.9
  3.656 1552 Alaska-slab2-v3                                                                  204.7602   55.6064 12.9
  3.656 1553 Alaska-slab2-v3                                                                  204.6582   55.6750 14.0
  3.559 1554 Alaska-slab2-v3                                                                  204.5570   55.7439 15.2
  3.241 1555 Alaska-slab2-v3                                                                  204.4571   55.8134 16.5
  2.893 1556 Alaska-slab2-v3                                                                  204.3577   55.8830 17.9
  2.516 1557 Alaska-slab2-v3                                                                  204.2578   55.9522 19.5
  2.102 1558 Alaska-slab2-v3                                                                  204.1566   56.0207 21.1
  1.651 1559 Alaska-slab2-v3                                                                  204.0543   56.0884 23.0
  1.158 1560 Alaska-slab2-v3                                                                  203.9523   56.1559 25.0
  0.614 1561 Alaska-slab2-v3                                                                  203.8510   56.2233 27.2
  3.656 1567 Alaska-slab2-v3                                                                  205.3062   54.9248  6.3
  3.656 1568 Alaska-slab2-v3                                                                  205.2114   54.9964  7.0
  3.656 1569 Alaska-slab2-v3                                                                  205.1163   55.0678  7.7
  3.656 1570 Alaska-slab2-v3                                                                  205.0209   55.1392  8.5
  3.656 1571 Alaska-slab2-v3                                                                  204.9251   55.2105  9.3
  3.656 1572 Alaska-slab2-v3                                                                  204.8280   55.2811 10.2
  3.656 1573 Alaska-slab2-v3                                                                  204.7290   55.3509 11.1
  3.656 1574 Alaska-slab2-v3                                                                  204.6291   55.4202 12.2
  3.656 1575 Alaska-slab2-v3                                                                  204.5289   55.4895 13.2
  3.656 1576 Alaska-slab2-v3                                                                  204.4284   55.5586 14.4
  3.451 1577 Alaska-slab2-v3                                                                  204.3282   55.6280 15.5
  3.157 1578 Alaska-slab2-v3                                                                  204.2284   55.6975 16.7
  2.840 1579 Alaska-slab2-v3                                                                  204.1285   55.7670 18.0
  2.486 1580 Alaska-slab2-v3                                                                  204.0284   55.8361 19.4
  2.083 1581 Alaska-slab2-v3                                                                  203.9276   55.9048 21.0
  1.632 1582 Alaska-slab2-v3                                                                  203.8262   55.9728 22.8
  1.146 1583 Alaska-slab2-v3                                                                  203.7250   56.0407 24.8
  0.618 1584 Alaska-slab2-v3                                                                  203.6245   56.1085 26.9
  3.656 1590 Alaska-slab2-v3                                                                  205.0642   54.8092  6.4
  3.656 1591 Alaska-slab2-v3                                                                  204.9702   54.8809  7.1
  3.656 1592 Alaska-slab2-v3                                                                  204.8759   54.9526  7.8
  3.656 1593 Alaska-slab2-v3                                                                  204.7814   55.0242  8.6
  3.656 1594 Alaska-slab2-v3                                                                  204.6865   55.0957  9.4
  3.656 1595 Alaska-slab2-v3                                                                  204.5900   55.1664 10.4
  3.656 1596 Alaska-slab2-v3                                                                  204.4918   55.2363 11.4
  3.656 1597 Alaska-slab2-v3                                                                  204.3930   55.3061 12.5
  3.656 1598 Alaska-slab2-v3                                                                  204.2939   55.3757 13.6
  3.644 1599 Alaska-slab2-v3                                                                  204.1944   55.4452 14.6
  3.373 1600 Alaska-slab2-v3                                                                  204.0949   55.5148 15.7
  3.102 1601 Alaska-slab2-v3                                                                  203.9952   55.5844 16.8
  2.807 1602 Alaska-slab2-v3                                                                  203.8953   55.6538 18.0
  2.471 1603 Alaska-slab2-v3                                                                  203.7952   55.7230 19.3
  2.077 1604 Alaska-slab2-v3                                                                  203.6949   55.7918 20.9
  1.631 1605 Alaska-slab2-v3                                                                  203.5945   55.8602 22.7
  1.145 1606 Alaska-slab2-v3                                                                  203.4941   55.9284 24.6
  0.619 1607 Alaska-slab2-v3                                                                  203.3944   55.9965 26.7
  3.656 1613 Alaska-slab2-v3                                                                  204.8147   54.6997  6.4
  3.656 1614 Alaska-slab2-v3                                                                  204.7219   54.7718  7.2
  3.656 1615 Alaska-slab2-v3                                                                  204.6288   54.8438  8.0
  3.656 1616 Alaska-slab2-v3                                                                  204.5354   54.9157  8.9
  3.656 1617 Alaska-slab2-v3                                                                  204.4412   54.9874  9.8
  3.656 1618 Alaska-slab2-v3                                                                  204.3449   55.0581 10.7
  3.656 1619 Alaska-slab2-v3                                                                  204.2470   55.1280 11.7
  3.656 1620 Alaska-slab2-v3                                                                  204.1487   55.1978 12.8
  3.656 1621 Alaska-slab2-v3                                                                  204.0501   55.2676 13.8
  3.602 1622 Alaska-slab2-v3                                                                  203.9512   55.3373 14.9
  3.350 1623 Alaska-slab2-v3                                                                  203.8522   55.4071 15.9
  3.093 1624 Alaska-slab2-v3                                                                  203.7530   55.4769 16.9
  2.811 1625 Alaska-slab2-v3                                                                  203.6535   55.5464 18.0
  2.486 1626 Alaska-slab2-v3                                                                  203.5539   55.6158 19.3
  2.107 1627 Alaska-slab2-v3                                                                  203.4542   55.6848 20.9
  1.665 1628 Alaska-slab2-v3                                                                  203.3545   55.7535 22.6
  1.173 1629 Alaska-slab2-v3                                                                  203.2551   55.8218 24.6
  0.627 1630 Alaska-slab2-v3                                                                  203.1565   55.8902 26.8
  3.656 1636 Alaska-slab2-v3                                                                  204.5543   54.5999  6.5
  3.656 1637 Alaska-slab2-v3                                                                  204.4627   54.6723  7.4
  3.656 1638 Alaska-slab2-v3                                                                  204.3707   54.7446  8.3
  3.656 1639 Alaska-slab2-v3                                                                  204.2784   54.8168  9.2
  3.656 1640 Alaska-slab2-v3                                                                  204.1843   54.8883 10.2
  3.656 1641 Alaska-slab2-v3                                                                  204.0877   54.9587 11.1
  3.656 1642 Alaska-slab2-v3                                                                  203.9900   55.0287 12.1
  3.656 1643 Alaska-slab2-v3                                                                  203.8920   55.0987 13.1
  3.656 1644 Alaska-slab2-v3                                                                  203.7936   55.1685 14.0
  3.628 1645 Alaska-slab2-v3                                                                  203.6951   55.2384 15.0
  3.387 1646 Alaska-slab2-v3                                                                  203.5966   55.3083 16.0
  3.134 1647 Alaska-slab2-v3                                                                  203.4980   55.3783 17.0
  2.857 1648 Alaska-slab2-v3                                                                  203.3992   55.4480 18.1
  2.538 1649 Alaska-slab2-v3                                                                  203.3003   55.5176 19.5
  2.162 1650 Alaska-slab2-v3                                                                  203.2013   55.5868 21.0
  1.726 1651 Alaska-slab2-v3                                                                  203.1024   55.6556 22.8
  1.215 1652 Alaska-slab2-v3                                                                  203.0041   55.7242 24.8
  0.636 1653 Alaska-slab2-v3                                                                  202.9070   55.7926 27.2
  3.656 1659 Alaska-slab2-v3                                                                  204.2824   54.5112  6.5
  3.656 1660 Alaska-slab2-v3                                                                  204.1912   54.5835  7.6
  3.656 1661 Alaska-slab2-v3                                                                  204.0996   54.6557  8.6
  3.656 1662 Alaska-slab2-v3                                                                  204.0074   54.7278  9.6
  3.656 1663 Alaska-slab2-v3                                                                  203.9128   54.7990 10.6
  3.656 1664 Alaska-slab2-v3                                                                  203.8162   54.8693 11.5
  3.656 1665 Alaska-slab2-v3                                                                  203.7191   54.9396 12.4
  3.656 1666 Alaska-slab2-v3                                                                  203.6216   55.0097 13.3
  3.612 1667 Alaska-slab2-v3                                                                  203.5239   55.0798 14.2
  3.367 1668 Alaska-slab2-v3                                                                  203.4259   55.1499 15.2
  3.113 1669 Alaska-slab2-v3                                                                  203.3280   55.2200 16.1
  2.832 1670 Alaska-slab2-v3                                                                  203.2299   55.2900 17.2
  2.520 1671 Alaska-slab2-v3                                                                  203.1316   55.3598 18.4
  2.161 1672 Alaska-slab2-v3                                                                  203.0333   55.4294 19.8
  1.745 1673 Alaska-slab2-v3                                                                  202.9351   55.4988 21.4
  1.253 1674 Alaska-slab2-v3                                                                  202.8373   55.5678 23.3
  0.663 1675 Alaska-slab2-v3                                                                  202.7407   55.6364 25.6
  2.971 1681 Alaska-slab2-v3                                                                  204.0016   54.4321  6.6
  2.971 1682 Alaska-slab2-v3                                                                  203.9099   54.5040  7.8
  2.971 1683 Alaska-slab2-v3                                                                  203.8178   54.5758  8.9
  2.971 1684 Alaska-slab2-v3                                                                  203.7246   54.6474 10.0
  2.971 1685 Alaska-slab2-v3                                                                  203.6297   54.7183 10.9
  2.971 1686 Alaska-slab2-v3                                                                  203.5336   54.7888 11.8
  2.971 1687 Alaska-slab2-v3                                                                  203.4371   54.8593 12.7
  2.971 1688 Alaska-slab2-v3                                                                  203.3403   54.9297 13.6
  2.971 1689 Alaska-slab2-v3                                                                  203.2432   55.0001 14.4
  2.851 1690 Alaska-slab2-v3                                                                  203.1459   55.0703 15.4
  2.638 1691 Alaska-slab2-v3                                                                  203.0485   55.1405 16.5
  2.400 1692 Alaska-slab2-v3                                                                  202.9509   55.2104 17.6
  2.129 1693 Alaska-slab2-v3                                                                  202.8532   55.2802 19.0
  1.818 1694 Alaska-slab2-v3                                                                  202.7559   55.3499 20.5
  1.457 1695 Alaska-slab2-v3                                                                  202.6592   55.4194 22.4
  1.031 1696 Alaska-slab2-v3                                                                  202.5631   55.4886 24.5
  0.538 1697 Alaska-slab2-v3                                                                  202.4685   55.5575 26.9
  2.285 1703 Alaska-slab2-v3                                                                  203.7153   54.3603  6.6
  2.285 1704 Alaska-slab2-v3                                                                  203.6229   54.4317  7.9
  2.285 1705 Alaska-slab2-v3                                                                  203.5301   54.5031  9.1
  2.285 1706 Alaska-slab2-v3                                                                  203.4363   54.5742 10.1
  2.285 1707 Alaska-slab2-v3                                                                  203.3410   54.6449 11.1
  2.285 1708 Alaska-slab2-v3                                                                  203.2450   54.7154 12.0
  2.285 1709 Alaska-slab2-v3                                                                  203.1487   54.7859 12.9
  2.285 1710 Alaska-slab2-v3                                                                  203.0520   54.8563 13.8
  2.240 1711 Alaska-slab2-v3                                                                  202.9552   54.9266 14.7
  2.072 1712 Alaska-slab2-v3                                                                  202.8585   54.9969 15.8
  1.879 1713 Alaska-slab2-v3                                                                  202.7619   55.0672 17.0
  1.658 1714 Alaska-slab2-v3                                                                  202.6652   55.1371 18.4
  1.405 1715 Alaska-slab2-v3                                                                  202.5690   55.2070 20.0
  1.115 1716 Alaska-slab2-v3                                                                  202.4738   55.2770 21.8
  0.786 1717 Alaska-slab2-v3                                                                  202.3793   55.3468 23.9
  0.416 1718 Alaska-slab2-v3                                                                  202.2853   55.4162 26.3
  1.600 1724 Alaska-slab2-v3                                                                  203.4260   54.2934  6.7
  1.600 1725 Alaska-slab2-v3                                                                  203.3330   54.3645  7.9
  1.600 1726 Alaska-slab2-v3                                                                  203.2397   54.4355  9.2
  1.600 1727 Alaska-slab2-v3                                                                  203.1452   54.5063 10.3
  1.600 1728 Alaska-slab2-v3                                                                  203.0494   54.5766 11.2
  1.600 1729 Alaska-slab2-v3                                                                  202.9530   54.6469 12.2
  1.600 1730 Alaska-slab2-v3                                                                  202.8563   54.7171 13.1
  1.600 1731 Alaska-slab2-v3                                                                  202.7593   54.7871 14.0
  1.497 1732 Alaska-slab2-v3                                                                  202.6628   54.8573 15.1
  1.354 1733 Alaska-slab2-v3                                                                  202.5671   54.9278 16.4
  1.189 1734 Alaska-slab2-v3                                                                  202.4718   54.9981 17.9
  0.998 1735 Alaska-slab2-v3                                                                  202.3770   55.0683 19.6
  0.782 1736 Alaska-slab2-v3                                                                  202.2835   55.1387 21.5
  0.543 1737 Alaska-slab2-v3                                                                  202.1910   55.2091 23.6
  0.285 1738 Alaska-slab2-v3                                                                  202.0984   55.2791 25.9
  0.914 1744 Alaska-slab2-v3                                                                  203.1346   54.2305  6.7
  0.914 1745 Alaska-slab2-v3                                                                  203.0409   54.3010  8.0
  0.914 1746 Alaska-slab2-v3                                                                  202.9467   54.3715  9.3
  0.914 1747 Alaska-slab2-v3                                                                  202.8513   54.4418 10.4
  0.914 1748 Alaska-slab2-v3                                                                  202.7548   54.5117 11.4
  0.914 1749 Alaska-slab2-v3                                                                  202.6578   54.5816 12.3
  0.914 1750 Alaska-slab2-v3                                                                  202.5605   54.6514 13.3
  0.887 1751 Alaska-slab2-v3                                                                  202.4631   54.7210 14.4
  0.803 1752 Alaska-slab2-v3                                                                  202.3673   54.7912 15.7
  0.703 1753 Alaska-slab2-v3                                                                  202.2731   54.8618 17.2
  0.588 1754 Alaska-slab2-v3                                                                  202.1793   54.9322 19.0
  0.458 1755 Alaska-slab2-v3                                                                  202.0871   55.0028 21.0
  0.315 1756 Alaska-slab2-v3                                                                  201.9965   55.0738 23.2
  0.163 1757 Alaska-slab2-v3                                                                  201.9059   55.1443 25.5
