  6.482 0905 Alaska-slab2-v3                                                                  211.8526   57.5663  8.1
  6.482 0906 Alaska-slab2-v3                                                                  211.7178   57.6189  9.4
  6.482 0907 Alaska-slab2-v3                                                                  211.5824   57.6714 10.6
  6.482 0908 Alaska-slab2-v3                                                                  211.4462   57.7238 11.5
  6.482 0909 Alaska-slab2-v3                                                                  211.3094   57.7761 12.4
  6.113 0910 Alaska-slab2-v3                                                                  211.1721   57.8283 13.1
  5.778 0911 Alaska-slab2-v3                                                                  211.0343   57.8803 13.7
  5.464 0912 Alaska-slab2-v3                                                                  210.8961   57.9322 14.3
  5.160 0913 Alaska-slab2-v3                                                                  210.7591   57.9852 14.9
  4.845 0914 Alaska-slab2-v3                                                                  210.6275   58.0418 15.5
  4.521 0915 Alaska-slab2-v3                                                                  210.4993   58.1009 16.1
  4.175 0916 Alaska-slab2-v3                                                                  210.3708   58.1598 16.8
  3.808 0917 Alaska-slab2-v3                                                                  210.2419   58.2186 17.5
  3.431 0918 Alaska-slab2-v3                                                                  210.1125   58.2773 18.2
  3.033 0919 Alaska-slab2-v3                                                                  209.9828   58.3358 19.0
  2.614 0920 Alaska-slab2-v3                                                                  209.8510   58.3930 19.8
  6.482 0939 Alaska-slab2-v3                                                                  211.4814   57.4929  9.1
  6.482 0940 Alaska-slab2-v3                                                                  211.3469   57.5459 10.2
  6.482 0941 Alaska-slab2-v3                                                                  211.2112   57.5983 11.2
  6.482 0942 Alaska-slab2-v3                                                                  211.0747   57.6504 12.1
  6.235 0943 Alaska-slab2-v3                                                                  210.9378   57.7023 12.9
  5.850 0944 Alaska-slab2-v3                                                                  210.8003   57.7542 13.7
  5.485 0945 Alaska-slab2-v3                                                                  210.6624   57.8059 14.4
  5.136 0946 Alaska-slab2-v3                                                                  210.5277   57.8598 15.0
  4.787 0947 Alaska-slab2-v3                                                                  210.3991   57.9180 15.7
  4.438 0948 Alaska-slab2-v3                                                                  210.2732   57.9782 16.4
  4.084 0949 Alaska-slab2-v3                                                                  210.1468   58.0382 17.0
  3.714 0950 Alaska-slab2-v3                                                                  210.0201   58.0980 17.8
  3.339 0951 Alaska-slab2-v3                                                                  209.8930   58.1578 18.5
  2.948 0952 Alaska-slab2-v3                                                                  209.7654   58.2174 19.2
  6.482 0972 Alaska-slab2-v3                                                                  211.2308   57.3710  9.0
  6.482 0973 Alaska-slab2-v3                                                                  211.0969   57.4240 10.1
  6.482 0974 Alaska-slab2-v3                                                                  210.9619   57.4765 11.1
  6.482 0975 Alaska-slab2-v3                                                                  210.8263   57.5288 12.1
  6.195 0976 Alaska-slab2-v3                                                                  210.6901   57.5810 12.9
  5.776 0977 Alaska-slab2-v3                                                                  210.5535   57.6331 13.7
  5.384 0978 Alaska-slab2-v3                                                                  210.4165   57.6851 14.5
  5.007 0979 Alaska-slab2-v3                                                                  210.2846   57.7406 15.2
  4.641 0980 Alaska-slab2-v3                                                                  210.1595   57.8006 15.9
  4.285 0981 Alaska-slab2-v3                                                                  210.0354   57.8616 16.6
  3.924 0982 Alaska-slab2-v3                                                                  209.9110   57.9225 17.3
  3.568 0983 Alaska-slab2-v3                                                                  209.7861   57.9832 18.0
  3.202 0984 Alaska-slab2-v3                                                                  209.6608   58.0438 18.7
  2.825 0985 Alaska-slab2-v3                                                                  209.5351   58.1043 19.4
  6.482 1004 Alaska-slab2-v3                                                                  210.9669   57.2526  9.2
  6.482 1005 Alaska-slab2-v3                                                                  210.8334   57.3056 10.3
  6.482 1006 Alaska-slab2-v3                                                                  210.7011   57.3598 11.3
  6.482 1007 Alaska-slab2-v3                                                                  210.5684   57.4139 12.2
  6.124 1008 Alaska-slab2-v3                                                                  210.4353   57.4680 13.0
  5.729 1009 Alaska-slab2-v3                                                                  210.3017   57.5220 13.7
  5.350 1010 Alaska-slab2-v3                                                                  210.1676   57.5759 14.5
  4.982 1011 Alaska-slab2-v3                                                                  210.0377   57.6325 15.2
  4.613 1012 Alaska-slab2-v3                                                                  209.9135   57.6930 15.9
  4.239 1013 Alaska-slab2-v3                                                                  209.7905   57.7543 16.6
  3.865 1014 Alaska-slab2-v3                                                                  209.6671   57.8155 17.3
  3.486 1015 Alaska-slab2-v3                                                                  209.5433   57.8766 18.0
  3.112 1016 Alaska-slab2-v3                                                                  209.4190   57.9376 18.7
  2.733 1017 Alaska-slab2-v3                                                                  209.2944   57.9985 19.4
  6.482 1035 Alaska-slab2-v3                                                                  210.8281   57.0879  8.2
  6.482 1036 Alaska-slab2-v3                                                                  210.6921   57.1379  9.5
  6.482 1037 Alaska-slab2-v3                                                                  210.5617   57.1925 10.6
  6.482 1038 Alaska-slab2-v3                                                                  210.4359   57.2507 11.6
  6.482 1039 Alaska-slab2-v3                                                                  210.3097   57.3090 12.3
  6.136 1040 Alaska-slab2-v3                                                                  210.1830   57.3673 13.0
  5.816 1041 Alaska-slab2-v3                                                                  210.0559   57.4255 13.6
  5.511 1042 Alaska-slab2-v3                                                                  209.9283   57.4835 14.2
  5.196 1043 Alaska-slab2-v3                                                                  209.8016   57.5422 14.8
  4.845 1044 Alaska-slab2-v3                                                                  209.6765   57.6020 15.5
  4.456 1045 Alaska-slab2-v3                                                                  209.5515   57.6619 16.2
  4.036 1046 Alaska-slab2-v3                                                                  209.4259   57.7216 17.0
  3.606 1047 Alaska-slab2-v3                                                                  209.2999   57.7811 17.8
  3.176 1048 Alaska-slab2-v3                                                                  209.1735   57.8405 18.6
  2.756 1049 Alaska-slab2-v3                                                                  209.0467   57.8997 19.5
  6.482 1066 Alaska-slab2-v3                                                                  210.5480   56.9808  8.4
  6.482 1067 Alaska-slab2-v3                                                                  210.4119   57.0299  9.8
  6.482 1068 Alaska-slab2-v3                                                                  210.2868   57.0872 10.9
  6.482 1069 Alaska-slab2-v3                                                                  210.1685   57.1498 11.8
  6.314 1070 Alaska-slab2-v3                                                                  210.0496   57.2125 12.4
  6.036 1071 Alaska-slab2-v3                                                                  209.9302   57.2750 12.9
  5.795 1072 Alaska-slab2-v3                                                                  209.8103   57.3375 13.4
  5.559 1073 Alaska-slab2-v3                                                                  209.6901   57.3999 13.8
  5.292 1074 Alaska-slab2-v3                                                                  209.5694   57.4622 14.3
  4.965 1075 Alaska-slab2-v3                                                                  209.4478   57.5238 14.9
  4.559 1076 Alaska-slab2-v3                                                                  209.3210   57.5823 15.7
  4.077 1077 Alaska-slab2-v3                                                                  209.1897   57.6379 16.6
  3.548 1078 Alaska-slab2-v3                                                                  209.0581   57.6934 17.6
  3.018 1079 Alaska-slab2-v3                                                                  208.9260   57.7487 18.6
  2.509 1080 Alaska-slab2-v3                                                                  208.7936   57.8039 19.5
  6.482 1096 Alaska-slab2-v3                                                                  210.2708   56.8864  8.3
  6.482 1097 Alaska-slab2-v3                                                                  210.1362   56.9367  9.6
  6.482 1098 Alaska-slab2-v3                                                                  210.0128   56.9950 10.7
  6.482 1099 Alaska-slab2-v3                                                                  209.8978   57.0594 11.5
  6.461 1100 Alaska-slab2-v3                                                                  209.7823   57.1238 12.1
  6.208 1101 Alaska-slab2-v3                                                                  209.6663   57.1881 12.6
  5.994 1102 Alaska-slab2-v3                                                                  209.5498   57.2524 13.0
  5.773 1103 Alaska-slab2-v3                                                                  209.4329   57.3166 13.4
  5.510 1104 Alaska-slab2-v3                                                                  209.3157   57.3806 13.9
  5.161 1105 Alaska-slab2-v3                                                                  209.1981   57.4444 14.5
  4.699 1106 Alaska-slab2-v3                                                                  209.0722   57.5028 15.4
  4.125 1107 Alaska-slab2-v3                                                                  208.9368   57.5550 16.5
  3.491 1108 Alaska-slab2-v3                                                                  208.8000   57.6062 17.6
  2.852 1109 Alaska-slab2-v3                                                                  208.6628   57.6573 18.8
  2.266 1110 Alaska-slab2-v3                                                                  208.5262   57.7091 19.9
  5.267 1126 Alaska-slab2-v3                                                                  209.8744   56.8602  9.1
  5.267 1127 Alaska-slab2-v3                                                                  209.7519   56.9196 10.1
  5.267 1128 Alaska-slab2-v3                                                                  209.6341   56.9823 10.9
  5.267 1129 Alaska-slab2-v3                                                                  209.5161   57.0452 11.5
  5.267 1130 Alaska-slab2-v3                                                                  209.3976   57.1080 12.0
  5.097 1131 Alaska-slab2-v3                                                                  209.2787   57.1707 12.5
  4.867 1132 Alaska-slab2-v3                                                                  209.1594   57.2333 13.0
  4.585 1133 Alaska-slab2-v3                                                                  209.0398   57.2957 13.7
  4.224 1134 Alaska-slab2-v3                                                                  208.9194   57.3575 14.5
  3.759 1135 Alaska-slab2-v3                                                                  208.7913   57.4141 15.6
  3.203 1136 Alaska-slab2-v3                                                                  208.6549   57.4649 16.9
  2.616 1137 Alaska-slab2-v3                                                                  208.5171   57.5147 18.2
  2.051 1138 Alaska-slab2-v3                                                                  208.3798   57.5651 19.5
  4.051 1155 Alaska-slab2-v3                                                                  209.6138   56.7850  8.6
  4.051 1156 Alaska-slab2-v3                                                                  209.4968   56.8478  9.5
  4.051 1157 Alaska-slab2-v3                                                                  209.3777   56.9096 10.4
  4.051 1158 Alaska-slab2-v3                                                                  209.2553   56.9697 11.1
  4.051 1159 Alaska-slab2-v3                                                                  209.1314   57.0291 11.7
  3.963 1160 Alaska-slab2-v3                                                                  209.0072   57.0883 12.4
  3.712 1161 Alaska-slab2-v3                                                                  208.8826   57.1474 13.1
  3.415 1162 Alaska-slab2-v3                                                                  208.7578   57.2063 14.0
  3.054 1163 Alaska-slab2-v3                                                                  208.6310   57.2637 15.1
  2.626 1164 Alaska-slab2-v3                                                                  208.4990   57.3173 16.4
  2.162 1165 Alaska-slab2-v3                                                                  208.3638   57.3687 17.8
  1.704 1166 Alaska-slab2-v3                                                                  208.2285   57.4201 19.1
  2.836 1183 Alaska-slab2-v3                                                                  209.3362   56.6985  8.4
  2.836 1184 Alaska-slab2-v3                                                                  209.2227   56.7631  9.3
  2.836 1185 Alaska-slab2-v3                                                                  209.1047   56.8252 10.2
  2.836 1186 Alaska-slab2-v3                                                                  208.9805   56.8838 11.0
  2.836 1187 Alaska-slab2-v3                                                                  208.8540   56.9412 11.9
  2.644 1188 Alaska-slab2-v3                                                                  208.7273   56.9984 12.8
  2.410 1189 Alaska-slab2-v3                                                                  208.6002   57.0555 13.8
  2.148 1190 Alaska-slab2-v3                                                                  208.4722   57.1118 14.9
  1.860 1191 Alaska-slab2-v3                                                                  208.3419   57.1666 16.1
  1.548 1192 Alaska-slab2-v3                                                                  208.2099   57.2201 17.5
  1.239 1193 Alaska-slab2-v3                                                                  208.0774   57.2733 18.8
  1.621 1210 Alaska-slab2-v3                                                                  209.0493   56.6043  8.6
  1.621 1211 Alaska-slab2-v3                                                                  208.9339   56.6675  9.7
  1.621 1212 Alaska-slab2-v3                                                                  208.8140   56.7282 10.7
  1.621 1213 Alaska-slab2-v3                                                                  208.6901   56.7867 11.7
  1.569 1214 Alaska-slab2-v3                                                                  208.5650   56.8445 12.7
  1.432 1215 Alaska-slab2-v3                                                                  208.4395   56.9022 13.7
  1.288 1216 Alaska-slab2-v3                                                                  208.3132   56.9594 14.8
  1.136 1217 Alaska-slab2-v3                                                                  208.1854   57.0156 16.0
  0.981 1218 Alaska-slab2-v3                                                                  208.0563   57.0710 17.2
  0.824 1219 Alaska-slab2-v3                                                                  207.9267   57.1262 18.4
  0.673 1220 Alaska-slab2-v3                                                                  207.7970   57.1815 19.5
  1.621 1236 Alaska-slab2-v3                                                                  208.8802   56.4447  8.1
  1.621 1237 Alaska-slab2-v3                                                                  208.7647   56.5072  9.4
  1.621 1238 Alaska-slab2-v3                                                                  208.6463   56.5684 10.6
  1.621 1239 Alaska-slab2-v3                                                                  208.5248   56.6279 11.7
  1.516 1240 Alaska-slab2-v3                                                                  208.4020   56.6869 12.7
  1.384 1241 Alaska-slab2-v3                                                                  208.2787   56.7458 13.7
  1.253 1242 Alaska-slab2-v3                                                                  208.1550   56.8045 14.6
  1.114 1243 Alaska-slab2-v3                                                                  208.0304   56.8627 15.7
  0.972 1244 Alaska-slab2-v3                                                                  207.9047   56.9202 16.7
  0.827 1245 Alaska-slab2-v3                                                                  207.7785   56.9776 17.8
  0.683 1246 Alaska-slab2-v3                                                                  207.6520   57.0348 18.9
  0.543 1247 Alaska-slab2-v3                                                                  207.5256   57.0923 19.9
  1.621 1262 Alaska-slab2-v3                                                                  208.5983   56.3460  8.8
  1.621 1263 Alaska-slab2-v3                                                                  208.4812   56.4069 10.4
  1.621 1264 Alaska-slab2-v3                                                                  208.3622   56.4673 11.7
  1.531 1265 Alaska-slab2-v3                                                                  208.2418   56.5275 12.7
  1.418 1266 Alaska-slab2-v3                                                                  208.1208   56.5876 13.5
  1.314 1267 Alaska-slab2-v3                                                                  207.9993   56.6476 14.3
  1.208 1268 Alaska-slab2-v3                                                                  207.8776   56.7076 15.1
  1.091 1269 Alaska-slab2-v3                                                                  207.7556   56.7674 16.0
  0.963 1270 Alaska-slab2-v3                                                                  207.6333   56.8270 16.9
  0.828 1271 Alaska-slab2-v3                                                                  207.5107   56.8865 17.9
  0.691 1272 Alaska-slab2-v3                                                                  207.3876   56.9458 18.9
  0.555 1273 Alaska-slab2-v3                                                                  207.2645   57.0052 20.0
  1.621 1287 Alaska-slab2-v3                                                                  208.3171   56.2446  9.4
  1.621 1288 Alaska-slab2-v3                                                                  208.2000   56.3048 11.1
  1.580 1289 Alaska-slab2-v3                                                                  208.0836   56.3666 12.4
  1.461 1290 Alaska-slab2-v3                                                                  207.9663   56.4286 13.3
  1.374 1291 Alaska-slab2-v3                                                                  207.8484   56.4905 13.9
  1.299 1292 Alaska-slab2-v3                                                                  207.7301   56.5524 14.5
  1.219 1293 Alaska-slab2-v3                                                                  207.6114   56.6141 15.1
  1.118 1294 Alaska-slab2-v3                                                                  207.4923   56.6756 15.9
  0.999 1295 Alaska-slab2-v3                                                                  207.3729   56.7369 16.7
  0.868 1296 Alaska-slab2-v3                                                                  207.2532   56.7980 17.7
  0.727 1297 Alaska-slab2-v3                                                                  207.1331   56.8590 18.8
  0.587 1298 Alaska-slab2-v3                                                                  207.0125   56.9197 19.8
  1.621 1312 Alaska-slab2-v3                                                                  208.0398   56.1434  9.6
  1.621 1313 Alaska-slab2-v3                                                                  207.9244   56.2042 11.4
  1.562 1314 Alaska-slab2-v3                                                                  207.8116   56.2679 12.6
  1.453 1315 Alaska-slab2-v3                                                                  207.6980   56.3317 13.5
  1.379 1316 Alaska-slab2-v3                                                                  207.5837   56.3957 14.0
  1.320 1317 Alaska-slab2-v3                                                                  207.4690   56.4595 14.5
  1.255 1318 Alaska-slab2-v3                                                                  207.3537   56.5231 14.9
  1.169 1319 Alaska-slab2-v3                                                                  207.2369   56.5859 15.6
  1.056 1320 Alaska-slab2-v3                                                                  207.1192   56.6480 16.5
  0.925 1321 Alaska-slab2-v3                                                                  207.0012   56.7100 17.4
  0.781 1322 Alaska-slab2-v3                                                                  206.8829   56.7717 18.5
  0.632 1323 Alaska-slab2-v3                                                                  206.7640   56.8332 19.6
  1.621 1336 Alaska-slab2-v3                                                                  207.7667   56.0430  9.5
  1.621 1337 Alaska-slab2-v3                                                                  207.6526   56.1043 11.3
  1.602 1338 Alaska-slab2-v3                                                                  207.5425   56.1693 12.5
  1.494 1339 Alaska-slab2-v3                                                                  207.4315   56.2344 13.4
  1.420 1340 Alaska-slab2-v3                                                                  207.3199   56.2996 13.9
  1.364 1341 Alaska-slab2-v3                                                                  207.2079   56.3648 14.4
  1.301 1342 Alaska-slab2-v3                                                                  207.0952   56.4297 14.8
  1.219 1343 Alaska-slab2-v3                                                                  206.9806   56.4935 15.5
  1.109 1344 Alaska-slab2-v3                                                                  206.8642   56.5562 16.3
  0.978 1345 Alaska-slab2-v3                                                                  206.7475   56.6188 17.3
  0.832 1346 Alaska-slab2-v3                                                                  206.6307   56.6812 18.4
  0.676 1347 Alaska-slab2-v3                                                                  206.5132   56.7432 19.6
  1.621 1360 Alaska-slab2-v3                                                                  207.4972   55.9427  9.3
  1.621 1361 Alaska-slab2-v3                                                                  207.3835   56.0042 11.0
  1.576 1362 Alaska-slab2-v3                                                                  207.2747   56.0698 12.2
  1.457 1363 Alaska-slab2-v3                                                                  207.1652   56.1355 13.1
  1.374 1364 Alaska-slab2-v3                                                                  207.0551   56.2013 13.7
  1.305 1365 Alaska-slab2-v3                                                                  206.9445   56.2670 14.2
  1.230 1366 Alaska-slab2-v3                                                                  206.8334   56.3326 14.8
  1.136 1367 Alaska-slab2-v3                                                                  206.7205   56.3971 15.5
  1.015 1368 Alaska-slab2-v3                                                                  206.6060   56.4607 16.4
  0.874 1369 Alaska-slab2-v3                                                                  206.4913   56.5241 17.4
  0.716 1370 Alaska-slab2-v3                                                                  206.3763   56.5873 18.6
  0.548 1371 Alaska-slab2-v3                                                                  206.2604   56.6500 19.8
  1.621 1384 Alaska-slab2-v3                                                                  207.2316   55.8425  9.0
  1.621 1385 Alaska-slab2-v3                                                                  207.1181   55.9043 10.6
  1.621 1386 Alaska-slab2-v3                                                                  207.0097   55.9699 11.9
  1.535 1387 Alaska-slab2-v3                                                                  206.9012   56.0360 12.8
  1.441 1388 Alaska-slab2-v3                                                                  206.7921   56.1021 13.5
  1.359 1389 Alaska-slab2-v3                                                                  206.6826   56.1682 14.1
  1.273 1390 Alaska-slab2-v3                                                                  206.5727   56.2341 14.7
  1.167 1391 Alaska-slab2-v3                                                                  206.4615   56.2993 15.5
  1.040 1392 Alaska-slab2-v3                                                                  206.3492   56.3639 16.5
  0.895 1393 Alaska-slab2-v3                                                                  206.2367   56.4282 17.5
  0.735 1394 Alaska-slab2-v3                                                                  206.1239   56.4924 18.7
  0.567 1395 Alaska-slab2-v3                                                                  206.0099   56.5559 20.0
  1.621 1407 Alaska-slab2-v3                                                                  206.9698   55.7423  8.7
  1.621 1408 Alaska-slab2-v3                                                                  206.8571   55.8047 10.2
  1.621 1409 Alaska-slab2-v3                                                                  206.7489   55.8703 11.4
  1.605 1410 Alaska-slab2-v3                                                                  206.6420   55.9370 12.3
  1.503 1411 Alaska-slab2-v3                                                                  206.5345   56.0037 13.1
  1.410 1412 Alaska-slab2-v3                                                                  206.4266   56.0704 13.8
  1.315 1413 Alaska-slab2-v3                                                                  206.3183   56.1369 14.5
  1.203 1414 Alaska-slab2-v3                                                                  206.2091   56.2030 15.4
  1.072 1415 Alaska-slab2-v3                                                                  206.0989   56.2685 16.4
  0.923 1416 Alaska-slab2-v3                                                                  205.9883   56.3337 17.5
  0.762 1417 Alaska-slab2-v3                                                                  205.8775   56.3987 18.7
  0.590 1418 Alaska-slab2-v3                                                                  205.7655   56.4631 20.0
  1.621 1430 Alaska-slab2-v3                                                                  206.7109   55.6415  8.3
  1.621 1431 Alaska-slab2-v3                                                                  206.5997   55.7049  9.7
  1.621 1432 Alaska-slab2-v3                                                                  206.4925   55.7709 10.9
  1.621 1433 Alaska-slab2-v3                                                                  206.3880   55.8387 11.8
  1.555 1434 Alaska-slab2-v3                                                                  206.2831   55.9065 12.6
  1.456 1435 Alaska-slab2-v3                                                                  206.1777   55.9743 13.4
  1.355 1436 Alaska-slab2-v3                                                                  206.0720   56.0420 14.1
  1.242 1437 Alaska-slab2-v3                                                                  205.9655   56.1092 15.0
  1.112 1438 Alaska-slab2-v3                                                                  205.8575   56.1757 15.9
  0.962 1439 Alaska-slab2-v3                                                                  205.7485   56.2416 17.1
  0.798 1440 Alaska-slab2-v3                                                                  205.6392   56.3072 18.3
  0.620 1441 Alaska-slab2-v3                                                                  205.5292   56.3725 19.6
