  3.751 0769 Alaska-slab2-v3                                                                  212.8435   58.0761  7.3
  3.751 0770 Alaska-slab2-v3                                                                  212.7037   58.1232  9.6
  3.751 0771 Alaska-slab2-v3                                                                  212.5640   58.1721 11.5
  3.520 0772 Alaska-slab2-v3                                                                  212.4241   58.2223 12.9
  3.229 0773 Alaska-slab2-v3                                                                  212.2830   58.2726 13.8
  3.046 0774 Alaska-slab2-v3                                                                  212.1411   58.3229 14.4
  2.944 0775 Alaska-slab2-v3                                                                  211.9987   58.3731 14.7
  2.891 0776 Alaska-slab2-v3                                                                  211.8558   58.4231 14.9
  2.860 0777 Alaska-slab2-v3                                                                  211.7126   58.4732 15.0
  3.751 0803 Alaska-slab2-v3                                                                  212.6419   57.9286  7.2
  3.751 0804 Alaska-slab2-v3                                                                  212.5018   57.9757  9.3
  3.751 0805 Alaska-slab2-v3                                                                  212.3630   58.0250 11.1
  3.740 0806 Alaska-slab2-v3                                                                  212.2250   58.0764 12.5
  3.450 0807 Alaska-slab2-v3                                                                  212.0860   58.1278 13.4
  3.260 0808 Alaska-slab2-v3                                                                  211.9461   58.1791 14.1
  3.136 0809 Alaska-slab2-v3                                                                  211.8057   58.2304 14.5
  3.064 0810 Alaska-slab2-v3                                                                  211.6649   58.2816 14.7
  3.007 0811 Alaska-slab2-v3                                                                  211.5236   58.3327 14.9
  3.047 0837 Alaska-slab2-v3                                                                  212.4328   57.7855  7.0
  3.047 0838 Alaska-slab2-v3                                                                  212.2938   57.8339  8.9
  3.047 0839 Alaska-slab2-v3                                                                  212.1557   57.8839 10.5
  3.047 0840 Alaska-slab2-v3                                                                  212.0188   57.9358 11.8
  2.936 0841 Alaska-slab2-v3                                                                  211.8814   57.9880 12.8
  2.760 0842 Alaska-slab2-v3                                                                  211.7432   58.0402 13.5
  2.631 0843 Alaska-slab2-v3                                                                  211.6045   58.0922 14.0
  2.537 0844 Alaska-slab2-v3                                                                  211.4652   58.1442 14.4
  2.455 0845 Alaska-slab2-v3                                                                  211.3256   58.1960 14.7
  2.344 0871 Alaska-slab2-v3                                                                  212.2148   57.6471  6.8
  2.344 0872 Alaska-slab2-v3                                                                  212.0783   57.6978  8.4
  2.344 0873 Alaska-slab2-v3                                                                  211.9416   57.7490  9.9
  2.344 0874 Alaska-slab2-v3                                                                  211.8053   57.8010 11.1
  2.344 0875 Alaska-slab2-v3                                                                  211.6687   57.8535 12.1
  2.215 0876 Alaska-slab2-v3                                                                  211.5314   57.9059 12.8
  2.096 0877 Alaska-slab2-v3                                                                  211.3937   57.9582 13.5
  1.994 0878 Alaska-slab2-v3                                                                  211.2554   58.0104 14.0
  1.905 0879 Alaska-slab2-v3                                                                  211.1167   58.0625 14.4
  1.814 0880 Alaska-slab2-v3                                                                  210.9789   58.1152 14.9
