 43.393 0769 Alaska-slab2-v3                                                                  212.8435   58.0761  7.3
 31.285 0770 Alaska-slab2-v3                                                                  212.7037   58.1232  9.6
 20.335 0771 Alaska-slab2-v3                                                                  212.5640   58.1721 11.5
 12.340 0772 Alaska-slab2-v3                                                                  212.4241   58.2223 12.9
  6.894 0773 Alaska-slab2-v3                                                                  212.2830   58.2726 13.8
  3.476 0774 Alaska-slab2-v3                                                                  212.1411   58.3229 14.4
  1.564 0775 Alaska-slab2-v3                                                                  211.9987   58.3731 14.7
  0.579 0776 Alaska-slab2-v3                                                                  211.8558   58.4231 14.9
 43.393 0803 Alaska-slab2-v3                                                                  212.6419   57.9286  7.2
 32.465 0804 Alaska-slab2-v3                                                                  212.5018   57.9757  9.3
 22.032 0805 Alaska-slab2-v3                                                                  212.3630   58.0250 11.1
 14.163 0806 Alaska-slab2-v3                                                                  212.2250   58.0764 12.5
  8.568 0807 Alaska-slab2-v3                                                                  212.0860   58.1278 13.4
  4.896 0808 Alaska-slab2-v3                                                                  211.9461   58.1791 14.1
  2.506 0809 Alaska-slab2-v3                                                                  211.8057   58.2304 14.5
  1.107 0810 Alaska-slab2-v3                                                                  211.6649   58.2816 14.7
 43.393 0837 Alaska-slab2-v3                                                                  212.4328   57.7855  7.0
 34.325 0838 Alaska-slab2-v3                                                                  212.2938   57.8339  8.9
 24.754 0839 Alaska-slab2-v3                                                                  212.1557   57.8839 10.5
 17.192 0840 Alaska-slab2-v3                                                                  212.0188   57.9358 11.8
 11.461 0841 Alaska-slab2-v3                                                                  211.8814   57.9880 12.8
  7.267 0842 Alaska-slab2-v3                                                                  211.7432   58.0402 13.5
  4.195 0843 Alaska-slab2-v3                                                                  211.6045   58.0922 14.0
  1.950 0844 Alaska-slab2-v3                                                                  211.4652   58.1442 14.4
 43.393 0871 Alaska-slab2-v3                                                                  212.2148   57.6471  6.8
 37.635 0872 Alaska-slab2-v3                                                                  212.0783   57.6978  8.4
 29.259 0873 Alaska-slab2-v3                                                                  211.9416   57.7490  9.9
 22.220 0874 Alaska-slab2-v3                                                                  211.8053   57.8010 11.1
 16.578 0875 Alaska-slab2-v3                                                                  211.6687   57.8535 12.1
 12.099 0876 Alaska-slab2-v3                                                                  211.5314   57.9059 12.8
  8.493 0877 Alaska-slab2-v3                                                                  211.3937   57.9582 13.5
  5.410 0878 Alaska-slab2-v3                                                                  211.2554   58.0104 14.0
  2.734 0879 Alaska-slab2-v3                                                                  211.1167   58.0625 14.4
 43.393 0904 Alaska-slab2-v3                                                                  211.9868   57.5137  6.7
 39.491 0905 Alaska-slab2-v3                                                                  211.8526   57.5663  8.1
 31.919 0906 Alaska-slab2-v3                                                                  211.7178   57.6189  9.4
 25.279 0907 Alaska-slab2-v3                                                                  211.5824   57.6714 10.6
 19.571 0908 Alaska-slab2-v3                                                                  211.4462   57.7238 11.5
 14.736 0909 Alaska-slab2-v3                                                                  211.3094   57.7761 12.4
 10.601 0910 Alaska-slab2-v3                                                                  211.1721   57.8283 13.1
  6.873 0911 Alaska-slab2-v3                                                                  211.0343   57.8803 13.7
  3.378 0912 Alaska-slab2-v3                                                                  210.8961   57.9322 14.3
 43.393 0937 Alaska-slab2-v3                                                                  211.7476   57.3859  6.7
 38.921 0938 Alaska-slab2-v3                                                                  211.6147   57.4395  7.9
 31.608 0939 Alaska-slab2-v3                                                                  211.4814   57.4929  9.1
 24.900 0940 Alaska-slab2-v3                                                                  211.3469   57.5459 10.2
 18.917 0941 Alaska-slab2-v3                                                                  211.2112   57.5983 11.2
 13.538 0942 Alaska-slab2-v3                                                                  211.0747   57.6504 12.1
  8.703 0943 Alaska-slab2-v3                                                                  210.9378   57.7023 12.9
  4.231 0944 Alaska-slab2-v3                                                                  210.8003   57.7542 13.7
 43.393 0970 Alaska-slab2-v3                                                                  211.4967   57.2642  6.6
 39.770 0971 Alaska-slab2-v3                                                                  211.3640   57.3176  7.8
 32.702 0972 Alaska-slab2-v3                                                                  211.2308   57.3710  9.0
 26.054 0973 Alaska-slab2-v3                                                                  211.0969   57.4240 10.1
 20.005 0974 Alaska-slab2-v3                                                                  210.9619   57.4765 11.1
 14.435 0975 Alaska-slab2-v3                                                                  210.8263   57.5288 12.1
  9.284 0976 Alaska-slab2-v3                                                                  210.6901   57.5810 12.9
  4.492 0977 Alaska-slab2-v3                                                                  210.5535   57.6331 13.7
 43.393 1002 Alaska-slab2-v3                                                                  211.2352   57.1486  6.7
 39.132 1003 Alaska-slab2-v3                                                                  211.1013   57.2007  7.9
 31.810 1004 Alaska-slab2-v3                                                                  210.9669   57.2526  9.2
 25.088 1005 Alaska-slab2-v3                                                                  210.8334   57.3056 10.3
 19.086 1006 Alaska-slab2-v3                                                                  210.7011   57.3598 11.3
 13.744 1007 Alaska-slab2-v3                                                                  210.5684   57.4139 12.2
  8.823 1008 Alaska-slab2-v3                                                                  210.4353   57.4680 13.0
  4.321 1009 Alaska-slab2-v3                                                                  210.3017   57.5220 13.7
 43.393 1034 Alaska-slab2-v3                                                                  210.9648   57.0387  6.8
 38.820 1035 Alaska-slab2-v3                                                                  210.8281   57.0879  8.2
 31.138 1036 Alaska-slab2-v3                                                                  210.6921   57.1379  9.5
 24.511 1037 Alaska-slab2-v3                                                                  210.5617   57.1925 10.6
 18.999 1038 Alaska-slab2-v3                                                                  210.4359   57.2507 11.6
 14.425 1039 Alaska-slab2-v3                                                                  210.3097   57.3090 12.3
 10.497 1040 Alaska-slab2-v3                                                                  210.1830   57.3673 13.0
  6.919 1041 Alaska-slab2-v3                                                                  210.0559   57.4255 13.6
  3.518 1042 Alaska-slab2-v3                                                                  209.9283   57.4835 14.2
 43.393 1065 Alaska-slab2-v3                                                                  210.6874   56.9346  6.8
 38.140 1066 Alaska-slab2-v3                                                                  210.5480   56.9808  8.4
 30.071 1067 Alaska-slab2-v3                                                                  210.4119   57.0299  9.8
 23.511 1068 Alaska-slab2-v3                                                                  210.2868   57.0872 10.9
 18.518 1069 Alaska-slab2-v3                                                                  210.1685   57.1498 11.8
 14.629 1070 Alaska-slab2-v3                                                                  210.0496   57.2125 12.4
 11.610 1071 Alaska-slab2-v3                                                                  209.9302   57.2750 12.9
  8.998 1072 Alaska-slab2-v3                                                                  209.8103   57.3375 13.4
  6.444 1073 Alaska-slab2-v3                                                                  209.6901   57.3999 13.8
  3.541 1074 Alaska-slab2-v3                                                                  209.5694   57.4622 14.3
 43.393 1095 Alaska-slab2-v3                                                                  210.4074   56.8380  6.8
 37.211 1096 Alaska-slab2-v3                                                                  210.2708   56.8864  8.3
 29.267 1097 Alaska-slab2-v3                                                                  210.1362   56.9367  9.6
 22.817 1098 Alaska-slab2-v3                                                                  210.0128   56.9950 10.7
 18.038 1099 Alaska-slab2-v3                                                                  209.8978   57.0594 11.5
 14.455 1100 Alaska-slab2-v3                                                                  209.7823   57.1238 12.1
 11.647 1101 Alaska-slab2-v3                                                                  209.6663   57.1881 12.6
  9.258 1102 Alaska-slab2-v3                                                                  209.5498   57.2524 13.0
  6.809 1103 Alaska-slab2-v3                                                                  209.4329   57.3166 13.4
  3.882 1104 Alaska-slab2-v3                                                                  209.3157   57.3806 13.9
 43.393 1124 Alaska-slab2-v3                                                                  210.1278   56.7480  6.7
 39.209 1125 Alaska-slab2-v3                                                                  210.0014   56.8041  8.0
 32.216 1126 Alaska-slab2-v3                                                                  209.8744   56.8602  9.1
 26.299 1127 Alaska-slab2-v3                                                                  209.7519   56.9196 10.1
 21.637 1128 Alaska-slab2-v3                                                                  209.6341   56.9823 10.9
 17.991 1129 Alaska-slab2-v3                                                                  209.5161   57.0452 11.5
 14.883 1130 Alaska-slab2-v3                                                                  209.3976   57.1080 12.0
 12.014 1131 Alaska-slab2-v3                                                                  209.2787   57.1707 12.5
  8.846 1132 Alaska-slab2-v3                                                                  209.1594   57.2333 13.0
  4.961 1133 Alaska-slab2-v3                                                                  209.0398   57.2957 13.7
 43.393 1153 Alaska-slab2-v3                                                                  209.8466   56.6594  6.6
 39.713 1154 Alaska-slab2-v3                                                                  209.7304   56.7223  7.6
 33.465 1155 Alaska-slab2-v3                                                                  209.6138   56.7850  8.6
 27.774 1156 Alaska-slab2-v3                                                                  209.4968   56.8478  9.5
 22.764 1157 Alaska-slab2-v3                                                                  209.3777   56.9096 10.4
 18.434 1158 Alaska-slab2-v3                                                                  209.2553   56.9697 11.1
 14.289 1159 Alaska-slab2-v3                                                                  209.1314   57.0291 11.7
 10.145 1160 Alaska-slab2-v3                                                                  209.0072   57.0883 12.4
  5.505 1161 Alaska-slab2-v3                                                                  208.8826   57.1474 13.1
 43.393 1181 Alaska-slab2-v3                                                                  209.5620   56.5690  6.5
 43.393 1182 Alaska-slab2-v3                                                                  209.4493   56.6338  7.4
 38.133 1183 Alaska-slab2-v3                                                                  209.3362   56.6985  8.4
 32.785 1184 Alaska-slab2-v3                                                                  209.2227   56.7631  9.3
 27.669 1185 Alaska-slab2-v3                                                                  209.1047   56.8252 10.2
 22.612 1186 Alaska-slab2-v3                                                                  208.9805   56.8838 11.0
 17.555 1187 Alaska-slab2-v3                                                                  208.8540   56.9412 11.9
 12.207 1188 Alaska-slab2-v3                                                                  208.7273   56.9984 12.8
  6.452 1189 Alaska-slab2-v3                                                                  208.6002   57.0555 13.8
 43.393 1208 Alaska-slab2-v3                                                                  209.2769   56.4763  6.5
 42.399 1209 Alaska-slab2-v3                                                                  209.1633   56.5403  7.6
 36.259 1210 Alaska-slab2-v3                                                                  209.0493   56.6043  8.6
 30.235 1211 Alaska-slab2-v3                                                                  208.9339   56.6675  9.7
 24.328 1212 Alaska-slab2-v3                                                                  208.8140   56.7282 10.7
 18.480 1213 Alaska-slab2-v3                                                                  208.6901   56.7867 11.7
 12.515 1214 Alaska-slab2-v3                                                                  208.5650   56.8445 12.7
  6.433 1215 Alaska-slab2-v3                                                                  208.4395   56.9022 13.7
 43.393 1235 Alaska-slab2-v3                                                                  208.9945   56.3819  6.7
 38.684 1236 Alaska-slab2-v3                                                                  208.8802   56.4447  8.1
 30.864 1237 Alaska-slab2-v3                                                                  208.7647   56.5072  9.4
 23.815 1238 Alaska-slab2-v3                                                                  208.6463   56.5684 10.6
 17.417 1239 Alaska-slab2-v3                                                                  208.5248   56.6279 11.7
 11.493 1240 Alaska-slab2-v3                                                                  208.4020   56.6869 12.7
  5.746 1241 Alaska-slab2-v3                                                                  208.2787   56.7458 13.7
 43.393 1261 Alaska-slab2-v3                                                                  208.7142   56.2852  7.0
 33.235 1262 Alaska-slab2-v3                                                                  208.5983   56.3460  8.8
 23.592 1263 Alaska-slab2-v3                                                                  208.4812   56.4069 10.4
 15.890 1264 Alaska-slab2-v3                                                                  208.3622   56.4673 11.7
  9.764 1265 Alaska-slab2-v3                                                                  208.2418   56.5275 12.7
  4.670 1266 Alaska-slab2-v3                                                                  208.1208   56.5876 13.5
 75.938 1286 Alaska-slab2-v3                                                                  208.4356   56.1865  7.2
 53.628 1287 Alaska-slab2-v3                                                                  208.3171   56.2446  9.4
 35.194 1288 Alaska-slab2-v3                                                                  208.2000   56.3048 11.1
 21.996 1289 Alaska-slab2-v3                                                                  208.0836   56.3666 12.4
 12.674 1290 Alaska-slab2-v3                                                                  207.9663   56.4286 13.3
  5.866 1291 Alaska-slab2-v3                                                                  207.8484   56.4905 13.9
108.484 1311 Alaska-slab2-v3                                                                  208.1595   56.0867  7.3
 78.079 1312 Alaska-slab2-v3                                                                  208.0398   56.1434  9.6
 51.811 1313 Alaska-slab2-v3                                                                  207.9244   56.2042 11.4
 33.525 1314 Alaska-slab2-v3                                                                  207.8116   56.2679 12.6
 21.624 1315 Alaska-slab2-v3                                                                  207.6980   56.3317 13.5
 13.497 1316 Alaska-slab2-v3                                                                  207.5837   56.3957 14.0
  7.111 1317 Alaska-slab2-v3                                                                  207.4690   56.4595 14.5
141.029 1335 Alaska-slab2-v3                                                                  207.8868   55.9865  7.2
101.373 1336 Alaska-slab2-v3                                                                  207.7667   56.0430  9.5
 67.519 1337 Alaska-slab2-v3                                                                  207.6526   56.1043 11.3
 43.745 1338 Alaska-slab2-v3                                                                  207.5425   56.1693 12.5
 27.958 1339 Alaska-slab2-v3                                                                  207.4315   56.2344 13.4
 17.308 1340 Alaska-slab2-v3                                                                  207.3199   56.2996 13.9
  9.129 1341 Alaska-slab2-v3                                                                  207.2079   56.3648 14.4
173.574 1359 Alaska-slab2-v3                                                                  207.6171   55.8859  7.2
129.182 1360 Alaska-slab2-v3                                                                  207.4972   55.9427  9.3
 88.783 1361 Alaska-slab2-v3                                                                  207.3835   56.0042 11.0
 59.659 1362 Alaska-slab2-v3                                                                  207.2747   56.0698 12.2
 39.224 1363 Alaska-slab2-v3                                                                  207.1652   56.1355 13.1
 24.897 1364 Alaska-slab2-v3                                                                  207.0551   56.2013 13.7
 12.918 1365 Alaska-slab2-v3                                                                  206.9445   56.2670 14.2
173.574 1383 Alaska-slab2-v3                                                                  207.3500   55.7844  7.0
135.133 1384 Alaska-slab2-v3                                                                  207.2316   55.8425  9.0
 96.692 1385 Alaska-slab2-v3                                                                  207.1181   55.9043 10.6
 67.684 1386 Alaska-slab2-v3                                                                  207.0097   55.9699 11.9
 46.223 1387 Alaska-slab2-v3                                                                  206.9012   56.0360 12.8
 29.715 1388 Alaska-slab2-v3                                                                  206.7921   56.1021 13.5
 15.093 1389 Alaska-slab2-v3                                                                  206.6826   56.1682 14.1
173.574 1406 Alaska-slab2-v3                                                                  207.0854   55.6821  6.9
140.102 1407 Alaska-slab2-v3                                                                  206.9698   55.7423  8.7
103.762 1408 Alaska-slab2-v3                                                                  206.8571   55.8047 10.2
 75.072 1409 Alaska-slab2-v3                                                                  206.7489   55.8703 11.4
 52.359 1410 Alaska-slab2-v3                                                                  206.6420   55.9370 12.3
 33.950 1411 Alaska-slab2-v3                                                                  206.5345   56.0037 13.1
 17.214 1412 Alaska-slab2-v3                                                                  206.4266   56.0704 13.8
173.574 1429 Alaska-slab2-v3                                                                  206.8228   55.5788  6.8
153.849 1430 Alaska-slab2-v3                                                                  206.7109   55.6415  8.3
122.059 1431 Alaska-slab2-v3                                                                  206.5997   55.7049  9.7
 95.141 1432 Alaska-slab2-v3                                                                  206.4925   55.7709 10.9
 73.096 1433 Alaska-slab2-v3                                                                  206.3880   55.8387 11.8
 54.300 1434 Alaska-slab2-v3                                                                  206.2831   55.9065 12.6
 37.128 1435 Alaska-slab2-v3                                                                  206.1777   55.9743 13.4
 19.492 1436 Alaska-slab2-v3                                                                  206.0720   56.0420 14.1
173.574 1452 Alaska-slab2-v3                                                                  206.5623   55.4747  6.7
154.955 1453 Alaska-slab2-v3                                                                  206.4544   55.5398  8.0
125.646 1454 Alaska-slab2-v3                                                                  206.3461   55.6049  9.2
 99.460 1455 Alaska-slab2-v3                                                                  206.2403   55.6716 10.3
 77.117 1456 Alaska-slab2-v3                                                                  206.1377   55.7402 11.2
 57.177 1457 Alaska-slab2-v3                                                                  206.0354   55.8091 12.1
 38.679 1458 Alaska-slab2-v3                                                                  205.9326   55.8780 12.8
 19.940 1459 Alaska-slab2-v3                                                                  205.8296   55.9468 13.6
173.574 1475 Alaska-slab2-v3                                                                  206.3037   55.3696  6.6
167.741 1476 Alaska-slab2-v3                                                                  206.1998   55.4370  7.7
142.778 1477 Alaska-slab2-v3                                                                  206.0955   55.5043  8.8
119.682 1478 Alaska-slab2-v3                                                                  205.9916   55.5720  9.8
 98.452 1479 Alaska-slab2-v3                                                                  205.8897   55.6408 10.7
 78.855 1480 Alaska-slab2-v3                                                                  205.7890   55.7103 11.5
 60.191 1481 Alaska-slab2-v3                                                                  205.6879   55.7798 12.3
 41.527 1482 Alaska-slab2-v3                                                                  205.5864   55.8492 13.1
 21.697 1483 Alaska-slab2-v3                                                                  205.4847   55.9185 13.9
173.574 1498 Alaska-slab2-v3                                                                  206.0464   55.2637  6.5
169.252 1499 Alaska-slab2-v3                                                                  205.9463   55.3329  7.4
147.166 1500 Alaska-slab2-v3                                                                  205.8458   55.4021  8.3
125.799 1501 Alaska-slab2-v3                                                                  205.7450   55.4712  9.2
104.912 1502 Alaska-slab2-v3                                                                  205.6444   55.5406 10.1
 84.986 1503 Alaska-slab2-v3                                                                  205.5441   55.6102 10.9
 65.300 1504 Alaska-slab2-v3                                                                  205.4433   55.6797 11.7
 44.894 1505 Alaska-slab2-v3                                                                  205.3421   55.7491 12.6
 23.527 1506 Alaska-slab2-v3                                                                  205.2407   55.8184 13.5
173.574 1521 Alaska-slab2-v3                                                                  205.7905   55.1568  6.4
170.117 1522 Alaska-slab2-v3                                                                  205.6936   55.2276  7.2
150.859 1523 Alaska-slab2-v3                                                                  205.5963   55.2983  7.9
131.353 1524 Alaska-slab2-v3                                                                  205.4988   55.3689  8.7
111.848 1525 Alaska-slab2-v3                                                                  205.4008   55.4394  9.5
 91.848 1526 Alaska-slab2-v3                                                                  205.3016   55.5095 10.3
 71.355 1527 Alaska-slab2-v3                                                                  205.2007   55.5787 11.2
 49.381 1528 Alaska-slab2-v3                                                                  205.0989   55.6477 12.1
 25.925 1529 Alaska-slab2-v3                                                                  204.9969   55.7165 13.0
173.574 1544 Alaska-slab2-v3                                                                  205.5445   55.0436  6.3
173.079 1545 Alaska-slab2-v3                                                                  205.4491   55.1150  7.0
155.524 1546 Alaska-slab2-v3                                                                  205.3538   55.1864  7.8
137.227 1547 Alaska-slab2-v3                                                                  205.2584   55.2577  8.5
118.188 1548 Alaska-slab2-v3                                                                  205.1624   55.3289  9.3
 97.913 1549 Alaska-slab2-v3                                                                  205.0641   55.3994 10.1
 76.155 1550 Alaska-slab2-v3                                                                  204.9633   55.4688 11.0
 52.666 1551 Alaska-slab2-v3                                                                  204.8619   55.5377 11.9
 27.445 1552 Alaska-slab2-v3                                                                  204.7602   55.6064 12.9
173.574 1567 Alaska-slab2-v3                                                                  205.3062   54.9248  6.3
173.574 1568 Alaska-slab2-v3                                                                  205.2114   54.9964  7.0
160.036 1569 Alaska-slab2-v3                                                                  205.1163   55.0678  7.7
141.905 1570 Alaska-slab2-v3                                                                  205.0209   55.1392  8.5
122.565 1571 Alaska-slab2-v3                                                                  204.9251   55.2105  9.3
101.050 1572 Alaska-slab2-v3                                                                  204.8280   55.2811 10.2
 77.842 1573 Alaska-slab2-v3                                                                  204.7290   55.3509 11.1
 52.942 1574 Alaska-slab2-v3                                                                  204.6291   55.4202 12.2
 26.834 1575 Alaska-slab2-v3                                                                  204.5289   55.4895 13.2
173.574 1590 Alaska-slab2-v3                                                                  205.0642   54.8092  6.4
173.574 1591 Alaska-slab2-v3                                                                  204.9702   54.8809  7.1
161.955 1592 Alaska-slab2-v3                                                                  204.8759   54.9526  7.8
143.459 1593 Alaska-slab2-v3                                                                  204.7814   55.0242  8.6
123.304 1594 Alaska-slab2-v3                                                                  204.6865   55.0957  9.4
101.014 1595 Alaska-slab2-v3                                                                  204.5900   55.1664 10.4
 77.065 1596 Alaska-slab2-v3                                                                  204.4918   55.2363 11.4
 51.693 1597 Alaska-slab2-v3                                                                  204.3930   55.3061 12.5
 25.846 1598 Alaska-slab2-v3                                                                  204.2939   55.3757 13.6
173.574 1613 Alaska-slab2-v3                                                                  204.8147   54.6997  6.4
173.574 1614 Alaska-slab2-v3                                                                  204.7219   54.7718  7.2
160.258 1615 Alaska-slab2-v3                                                                  204.6288   54.8438  8.0
140.401 1616 Alaska-slab2-v3                                                                  204.5354   54.9157  8.9
119.376 1617 Alaska-slab2-v3                                                                  204.4412   54.9874  9.8
 96.949 1618 Alaska-slab2-v3                                                                  204.3449   55.0581 10.7
 73.354 1619 Alaska-slab2-v3                                                                  204.2470   55.1280 11.7
 48.825 1620 Alaska-slab2-v3                                                                  204.1487   55.1978 12.8
 24.296 1621 Alaska-slab2-v3                                                                  204.0501   55.2676 13.8
173.574 1636 Alaska-slab2-v3                                                                  204.5543   54.5999  6.5
164.672 1637 Alaska-slab2-v3                                                                  204.4627   54.6723  7.4
141.925 1638 Alaska-slab2-v3                                                                  204.3707   54.7446  8.3
118.930 1639 Alaska-slab2-v3                                                                  204.2784   54.8168  9.2
 95.688 1640 Alaska-slab2-v3                                                                  204.1843   54.8883 10.2
 72.199 1641 Alaska-slab2-v3                                                                  204.0877   54.9587 11.1
 48.215 1642 Alaska-slab2-v3                                                                  203.9900   55.0287 12.1
 24.231 1643 Alaska-slab2-v3                                                                  203.8920   55.0987 13.1
173.574 1659 Alaska-slab2-v3                                                                  204.2824   54.5112  6.5
161.742 1660 Alaska-slab2-v3                                                                  204.1912   54.5835  7.6
136.371 1661 Alaska-slab2-v3                                                                  204.0996   54.6557  8.6
111.975 1662 Alaska-slab2-v3                                                                  204.0074   54.7278  9.6
 88.556 1663 Alaska-slab2-v3                                                                  203.9128   54.7990 10.6
 65.868 1664 Alaska-slab2-v3                                                                  203.8162   54.8693 11.5
 43.912 1665 Alaska-slab2-v3                                                                  203.7191   54.9396 12.4
 21.956 1666 Alaska-slab2-v3                                                                  203.6216   55.0097 13.3
173.574 1681 Alaska-slab2-v3                                                                  204.0016   54.4321  6.6
160.240 1682 Alaska-slab2-v3                                                                  203.9099   54.5040  7.8
133.093 1683 Alaska-slab2-v3                                                                  203.8178   54.5758  8.9
107.628 1684 Alaska-slab2-v3                                                                  203.7246   54.6474 10.0
 84.324 1685 Alaska-slab2-v3                                                                  203.6297   54.7183 10.9
 62.943 1686 Alaska-slab2-v3                                                                  203.5336   54.7888 11.8
 42.042 1687 Alaska-slab2-v3                                                                  203.4371   54.8593 12.7
 21.381 1688 Alaska-slab2-v3                                                                  203.3403   54.9297 13.6
173.574 1703 Alaska-slab2-v3                                                                  203.7153   54.3603  6.6
161.201 1704 Alaska-slab2-v3                                                                  203.6229   54.4317  7.9
133.391 1705 Alaska-slab2-v3                                                                  203.5301   54.5031  9.1
107.939 1706 Alaska-slab2-v3                                                                  203.4363   54.5742 10.1
 84.843 1707 Alaska-slab2-v3                                                                  203.3410   54.6449 11.1
 63.868 1708 Alaska-slab2-v3                                                                  203.2450   54.7154 12.0
 43.364 1709 Alaska-slab2-v3                                                                  203.1487   54.7859 12.9
 22.389 1710 Alaska-slab2-v3                                                                  203.0520   54.8563 13.8
173.574 1724 Alaska-slab2-v3                                                                  203.4260   54.2934  6.7
150.579 1725 Alaska-slab2-v3                                                                  203.3330   54.3645  7.9
120.414 1726 Alaska-slab2-v3                                                                  203.2397   54.4355  9.2
 93.215 1727 Alaska-slab2-v3                                                                  203.1452   54.5063 10.3
 68.984 1728 Alaska-slab2-v3                                                                  203.0494   54.5766 11.2
 46.237 1729 Alaska-slab2-v3                                                                  202.9530   54.6469 12.2
 23.984 1730 Alaska-slab2-v3                                                                  202.8563   54.7171 13.1
173.574 1744 Alaska-slab2-v3                                                                  203.1346   54.2305  6.7
153.699 1745 Alaska-slab2-v3                                                                  203.0409   54.3010  8.0
123.585 1746 Alaska-slab2-v3                                                                  202.9467   54.3715  9.3
 96.604 1747 Alaska-slab2-v3                                                                  202.8513   54.4418 10.4
 72.513 1748 Alaska-slab2-v3                                                                  202.7548   54.5117 11.4
 49.868 1749 Alaska-slab2-v3                                                                  202.6578   54.5816 12.3
 26.259 1750 Alaska-slab2-v3                                                                  202.5605   54.6514 13.3
173.574 1764 Alaska-slab2-v3                                                                  202.8416   54.1708  6.7
158.430 1765 Alaska-slab2-v3                                                                  202.7468   54.2407  8.1
128.142 1766 Alaska-slab2-v3                                                                  202.6515   54.3106  9.4
101.348 1767 Alaska-slab2-v3                                                                  202.5552   54.3803 10.6
 77.118 1768 Alaska-slab2-v3                                                                  202.4578   54.4497 11.6
 53.819 1769 Alaska-slab2-v3                                                                  202.3600   54.5191 12.6
 28.657 1770 Alaska-slab2-v3                                                                  202.2619   54.5883 13.7
173.574 1783 Alaska-slab2-v3                                                                  202.5474   54.1138  6.7
146.063 1784 Alaska-slab2-v3                                                                  202.4519   54.1833  8.1
113.249 1785 Alaska-slab2-v3                                                                  202.3560   54.2528  9.5
 83.394 1786 Alaska-slab2-v3                                                                  202.2587   54.3219 10.7
 56.254 1787 Alaska-slab2-v3                                                                  202.1601   54.3906 11.8
 29.114 1788 Alaska-slab2-v3                                                                  202.0612   54.4592 12.9
173.574 1802 Alaska-slab2-v3                                                                  202.2527   54.0590  6.7
150.463 1803 Alaska-slab2-v3                                                                  202.1571   54.1283  8.2
117.722 1804 Alaska-slab2-v3                                                                  202.0608   54.1975  9.5
 87.629 1805 Alaska-slab2-v3                                                                  201.9626   54.2661 10.8
 59.463 1806 Alaska-slab2-v3                                                                  201.8628   54.3340 11.9
 30.815 1807 Alaska-slab2-v3                                                                  201.7627   54.4018 13.1
173.574 1820 Alaska-slab2-v3                                                                  201.9577   54.0054  6.8
153.396 1821 Alaska-slab2-v3                                                                  201.8617   54.0745  8.2
120.829 1822 Alaska-slab2-v3                                                                  201.7650   54.1434  9.6
 90.622 1823 Alaska-slab2-v3                                                                  201.6662   54.2115 10.9
 61.830 1824 Alaska-slab2-v3                                                                  201.5657   54.2789 12.1
 32.567 1825 Alaska-slab2-v3                                                                  201.4649   54.3462 13.3
140.821 1838 Alaska-slab2-v3                                                                  201.6623   53.9521  6.8
108.788 1839 Alaska-slab2-v3                                                                  201.5647   54.0202  8.3
 79.043 1840 Alaska-slab2-v3                                                                  201.4665   54.0882  9.8
 52.210 1841 Alaska-slab2-v3                                                                  201.3671   54.1560 11.1
 26.625 1842 Alaska-slab2-v3                                                                  201.2668   54.2234 12.3
108.484 1855 Alaska-slab2-v3                                                                  201.3664   53.8981  6.9
 83.736 1856 Alaska-slab2-v3                                                                  201.2655   53.9641  8.6
 60.078 1857 Alaska-slab2-v3                                                                  201.1650   54.0308 10.1
 39.689 1858 Alaska-slab2-v3                                                                  201.0653   54.0982 11.4
 20.545 1859 Alaska-slab2-v3                                                                  200.9656   54.1659 12.6
 75.938 1872 Alaska-slab2-v3                                                                  201.0706   53.8428  7.0
 58.632 1873 Alaska-slab2-v3                                                                  200.9652   53.9058  8.9
 41.535 1874 Alaska-slab2-v3                                                                  200.8627   53.9709 10.5
 27.376 1875 Alaska-slab2-v3                                                                  200.7636   54.0385 11.9
 14.265 1876 Alaska-slab2-v3                                                                  200.6643   54.1064 13.1
 41.354 1889 Alaska-slab2-v3                                                                  200.7756   53.7862  7.1
 27.973 1890 Alaska-slab2-v3                                                                  200.6664   53.8460  9.2
 16.886 1891 Alaska-slab2-v3                                                                  200.5628   53.9102 11.0
  8.029 1892 Alaska-slab2-v3                                                                  200.4644   53.9780 12.4
 41.871 1906 Alaska-slab2-v3                                                                  200.4822   53.7288  7.2
 27.769 1907 Alaska-slab2-v3                                                                  200.3709   53.7866  9.5
 16.525 1908 Alaska-slab2-v3                                                                  200.2675   53.8503 11.3
  7.828 1909 Alaska-slab2-v3                                                                  200.1695   53.9183 12.7
 41.852 1923 Alaska-slab2-v3                                                                  200.1907   53.6713  7.3
 27.367 1924 Alaska-slab2-v3                                                                  200.0792   53.7284  9.6
 16.088 1925 Alaska-slab2-v3                                                                  199.9768   53.7924 11.5
  7.582 1926 Alaska-slab2-v3                                                                  199.8801   53.8610 12.9
 41.534 1940 Alaska-slab2-v3                                                                  199.9012   53.6142  7.3
 26.966 1941 Alaska-slab2-v3                                                                  199.7909   53.6720  9.6
 15.684 1942 Alaska-slab2-v3                                                                  199.6904   53.7369 11.5
  7.377 1943 Alaska-slab2-v3                                                                  199.5958   53.8066 12.8
 41.162 1957 Alaska-slab2-v3                                                                  199.6135   53.5574  7.3
 26.771 1958 Alaska-slab2-v3                                                                  199.5056   53.6169  9.6
 15.522 1959 Alaska-slab2-v3                                                                  199.4072   53.6831 11.3
  7.290 1960 Alaska-slab2-v3                                                                  199.3153   53.7539 12.6
 43.393 1974 Alaska-slab2-v3                                                                  199.3270   53.5006  7.2
 31.931 1975 Alaska-slab2-v3                                                                  199.2223   53.5625  9.4
 21.755 1976 Alaska-slab2-v3                                                                  199.1261   53.6299 11.1
 14.036 1977 Alaska-slab2-v3                                                                  199.0365   53.7018 12.4
  7.369 1978 Alaska-slab2-v3                                                                  198.9464   53.7737 13.6
 43.393 1991 Alaska-slab2-v3                                                                  199.0414   53.4436  7.1
 32.278 1992 Alaska-slab2-v3                                                                  198.9403   53.5080  9.2
 22.172 1993 Alaska-slab2-v3                                                                  198.8460   53.5765 10.9
 14.266 1994 Alaska-slab2-v3                                                                  198.7579   53.6489 12.2
  7.311 1995 Alaska-slab2-v3                                                                  198.6694   53.7215 13.4
 43.393 2007 Alaska-slab2-v3                                                                  198.7560   53.3861  7.0
 32.965 2008 Alaska-slab2-v3                                                                  198.6587   53.4528  9.0
 23.015 2009 Alaska-slab2-v3                                                                  198.5659   53.5222 10.6
 14.864 2010 Alaska-slab2-v3                                                                  198.4779   53.5946 12.0
  7.552 2011 Alaska-slab2-v3                                                                  198.3898   53.6672 13.2
 43.393 2023 Alaska-slab2-v3                                                                  198.4700   53.3279  7.0
 33.701 2024 Alaska-slab2-v3                                                                  198.3749   53.3958  8.9
 23.859 2025 Alaska-slab2-v3                                                                  198.2830   53.4657 10.6
 15.628 2026 Alaska-slab2-v3                                                                  198.1946   53.5378 11.9
  8.052 2027 Alaska-slab2-v3                                                                  198.1064   53.6102 13.2
 43.393 2039 Alaska-slab2-v3                                                                  198.1828   53.2689  7.1
 34.084 2040 Alaska-slab2-v3                                                                  198.0871   53.3362  9.0
 24.279 2041 Alaska-slab2-v3                                                                  197.9952   53.4060 10.7
 16.108 2042 Alaska-slab2-v3                                                                  197.9073   53.4782 12.1
  8.463 2043 Alaska-slab2-v3                                                                  197.8192   53.5506 13.4
 41.740 2055 Alaska-slab2-v3                                                                  197.8943   53.2088  7.2
 27.827 2056 Alaska-slab2-v3                                                                  197.7964   53.2740  9.4
 16.783 2057 Alaska-slab2-v3                                                                  197.7048   53.3436 11.2
  8.173 2058 Alaska-slab2-v3                                                                  197.6178   53.4162 12.6
 42.145 2070 Alaska-slab2-v3                                                                  197.6050   53.1470  7.5
 26.512 2071 Alaska-slab2-v3                                                                  197.5054   53.2094 10.1
 15.455 2072 Alaska-slab2-v3                                                                  197.4159   53.2794 12.0
  7.609 2073 Alaska-slab2-v3                                                                  197.3297   53.3524 13.3
 38.201 2085 Alaska-slab2-v3                                                                  197.3160   53.0831  7.9
 19.039 2086 Alaska-slab2-v3                                                                  197.2162   53.1421 11.0
  7.232 2087 Alaska-slab2-v3                                                                  197.1304   53.2137 12.9
 37.824 2100 Alaska-slab2-v3                                                                  197.0307   53.0183  8.2
 16.857 2101 Alaska-slab2-v3                                                                  196.9324   53.0739 11.7
  5.718 2102 Alaska-slab2-v3                                                                  196.8491   53.1466 13.6
 37.019 2115 Alaska-slab2-v3                                                                  196.7498   52.9534  8.5
 14.387 2116 Alaska-slab2-v3                                                                  196.6541   53.0059 12.4
  4.035 2117 Alaska-slab2-v3                                                                  196.5720   53.0791 14.1
 36.224 2130 Alaska-slab2-v3                                                                  196.4706   52.8875  8.7
 12.423 2131 Alaska-slab2-v3                                                                  196.3781   52.9384 12.8
  2.612 2132 Alaska-slab2-v3                                                                  196.2978   53.0122 14.5
 35.780 2145 Alaska-slab2-v3                                                                  196.1928   52.8211  8.8
 11.406 2146 Alaska-slab2-v3                                                                  196.1029   52.8721 13.0
  1.795 2147 Alaska-slab2-v3                                                                  196.0243   52.9465 14.7
