 44.860 2160 Alaska-slab2-v3                                                                  195.9164   52.7538  8.8
 31.184 2161 Alaska-slab2-v3                                                                  195.8277   52.8066 13.0
 23.703 2162 Alaska-slab2-v3                                                                  195.7503   52.8815 14.6
 22.216 2163 Alaska-slab2-v3                                                                  195.6716   52.9580 15.0
 44.860 2175 Alaska-slab2-v3                                                                  195.6419   52.6846  8.7
 37.874 2176 Alaska-slab2-v3                                                                  195.5535   52.7408 12.7
 30.887 2177 Alaska-slab2-v3                                                                  195.4769   52.8160 14.4
 28.722 2178 Alaska-slab2-v3                                                                  195.3993   52.8928 14.9
 44.860 2190 Alaska-slab2-v3                                                                  195.3701   52.6129  8.4
 39.441 2191 Alaska-slab2-v3                                                                  195.2821   52.6730 12.2
 31.981 2192 Alaska-slab2-v3                                                                  195.2065   52.7485 14.0
 28.725 2193 Alaska-slab2-v3                                                                  195.1300   52.8254 14.8
 44.860 2205 Alaska-slab2-v3                                                                  195.1009   52.5389  8.2
 41.101 2206 Alaska-slab2-v3                                                                  195.0141   52.6025 11.6
 33.165 2207 Alaska-slab2-v3                                                                  194.9402   52.6785 13.5
 28.946 2208 Alaska-slab2-v3                                                                  194.8651   52.7557 14.6
 44.860 2220 Alaska-slab2-v3                                                                  194.8340   52.4634  7.9
 42.396 2221 Alaska-slab2-v3                                                                  194.7491   52.5299 11.1
 34.197 2222 Alaska-slab2-v3                                                                  194.6767   52.6063 13.1
 29.312 2223 Alaska-slab2-v3                                                                  194.6038   52.6841 14.2
 44.860 2235 Alaska-slab2-v3                                                                  194.5680   52.3876  7.8
 43.062 2236 Alaska-slab2-v3                                                                  194.4852   52.4562 10.8
 34.788 2237 Alaska-slab2-v3                                                                  194.4138   52.5328 12.7
 29.632 2238 Alaska-slab2-v3                                                                  194.3434   52.6114 13.9
 44.860 2250 Alaska-slab2-v3                                                                  194.3010   52.3122  7.7
 43.182 2251 Alaska-slab2-v3                                                                  194.2199   52.3821 10.5
 34.837 2252 Alaska-slab2-v3                                                                  194.1497   52.4592 12.4
 29.539 2253 Alaska-slab2-v3                                                                  194.0814   52.5384 13.6
 24.682 2254 Alaska-slab2-v3                                                                  194.0136   52.6179 14.7
 44.860 2265 Alaska-slab2-v3                                                                  194.0320   52.2386  7.6
 43.027 2266 Alaska-slab2-v3                                                                  193.9525   52.3094 10.4
 34.618 2267 Alaska-slab2-v3                                                                  193.8835   52.3869 12.3
 29.340 2268 Alaska-slab2-v3                                                                  193.8169   52.4665 13.5
 24.644 2269 Alaska-slab2-v3                                                                  193.7501   52.5464 14.6
 44.860 2279 Alaska-slab2-v3                                                                  193.7606   52.1681  7.6
 42.795 2280 Alaska-slab2-v3                                                                  193.6826   52.2395 10.4
 34.397 2281 Alaska-slab2-v3                                                                  193.6149   52.3174 12.3
 29.188 2282 Alaska-slab2-v3                                                                  193.5495   52.3974 13.5
 24.608 2283 Alaska-slab2-v3                                                                  193.4838   52.4776 14.5
 44.860 2293 Alaska-slab2-v3                                                                  193.4869   52.1014  7.7
 42.667 2294 Alaska-slab2-v3                                                                  193.4102   52.1732 10.5
 34.250 2295 Alaska-slab2-v3                                                                  193.3439   52.2515 12.4
 29.101 2296 Alaska-slab2-v3                                                                  193.2795   52.3318 13.5
 24.624 2297 Alaska-slab2-v3                                                                  193.2149   52.4124 14.5
 44.860 2307 Alaska-slab2-v3                                                                  193.2114   52.0382  7.7
 42.703 2308 Alaska-slab2-v3                                                                  193.1360   52.1104 10.6
 34.340 2309 Alaska-slab2-v3                                                                  193.0709   52.1890 12.4
 29.269 2310 Alaska-slab2-v3                                                                  193.0074   52.2696 13.6
 24.688 2311 Alaska-slab2-v3                                                                  192.9440   52.3504 14.6
 44.860 2321 Alaska-slab2-v3                                                                  192.9351   51.9779  7.7
 43.112 2322 Alaska-slab2-v3                                                                  192.8611   52.0507 10.5
 34.791 2323 Alaska-slab2-v3                                                                  192.7969   52.1296 12.4
 29.656 2324 Alaska-slab2-v3                                                                  192.7344   52.2105 13.6
 24.920 2325 Alaska-slab2-v3                                                                  192.6722   52.2915 14.6
 44.860 2335 Alaska-slab2-v3                                                                  192.6588   51.9199  7.6
 43.885 2336 Alaska-slab2-v3                                                                  192.5868   51.9938 10.3
 35.684 2337 Alaska-slab2-v3                                                                  192.5234   52.0730 12.2
 30.365 2338 Alaska-slab2-v3                                                                  192.4622   52.1542 13.4
 25.444 2339 Alaska-slab2-v3                                                                  192.4010   52.2355 14.5
 44.860 2349 Alaska-slab2-v3                                                                  192.3835   51.8632  7.4
 44.860 2350 Alaska-slab2-v3                                                                  192.3141   51.9389 10.0
 36.814 2351 Alaska-slab2-v3                                                                  192.2517   52.0185 11.8
 31.285 2352 Alaska-slab2-v3                                                                  192.1922   52.1001 13.0
 26.161 2353 Alaska-slab2-v3                                                                  192.1325   52.1817 14.1
 44.860 2363 Alaska-slab2-v3                                                                  192.1090   51.8066  7.2
 44.860 2364 Alaska-slab2-v3                                                                  192.0433   51.8843  9.5
 43.858 2365 Alaska-slab2-v3                                                                  191.9823   51.9645 11.2
 38.621 2366 Alaska-slab2-v3                                                                  191.9245   52.0465 12.5
 33.834 2367 Alaska-slab2-v3                                                                  191.8665   52.1286 13.7
 44.860 2377 Alaska-slab2-v3                                                                  191.8351   51.7486  7.1
 44.860 2378 Alaska-slab2-v3                                                                  191.7736   51.8283  9.0
 44.839 2379 Alaska-slab2-v3                                                                  191.7145   51.9093 10.6
 39.271 2380 Alaska-slab2-v3                                                                  191.6577   51.9915 12.0
 34.167 2381 Alaska-slab2-v3                                                                  191.6008   52.0738 13.2
 28.304 2382 Alaska-slab2-v3                                                                  191.5442   52.1559 14.6
 44.860 2391 Alaska-slab2-v3                                                                  191.5618   51.6883  6.9
 44.860 2392 Alaska-slab2-v3                                                                  191.5042   51.7695  8.6
 44.860 2393 Alaska-slab2-v3                                                                  191.4470   51.8512 10.1
 39.677 2394 Alaska-slab2-v3                                                                  191.3907   51.9335 11.5
 34.103 2395 Alaska-slab2-v3                                                                  191.3344   52.0158 12.8
 28.092 2396 Alaska-slab2-v3                                                                  191.2780   52.0980 14.1
 44.860 2404 Alaska-slab2-v3                                                                  191.2896   51.6250  6.8
 44.860 2405 Alaska-slab2-v3                                                                  191.2343   51.7071  8.3
 44.860 2406 Alaska-slab2-v3                                                                  191.1788   51.7894  9.8
 40.354 2407 Alaska-slab2-v3                                                                  191.1231   51.8718 11.1
 34.494 2408 Alaska-slab2-v3                                                                  191.0673   51.9542 12.4
 28.146 2409 Alaska-slab2-v3                                                                  191.0114   52.0365 13.9
 44.860 2417 Alaska-slab2-v3                                                                  191.0187   51.5590  6.7
 44.860 2418 Alaska-slab2-v3                                                                  190.9645   51.6415  8.2
 44.860 2419 Alaska-slab2-v3                                                                  190.9099   51.7241  9.6
 41.320 2420 Alaska-slab2-v3                                                                  190.8552   51.8068 10.9
 35.398 2421 Alaska-slab2-v3                                                                  190.8003   51.8894 12.2
 28.898 2422 Alaska-slab2-v3                                                                  190.7453   51.9718 13.7
 44.860 2430 Alaska-slab2-v3                                                                  190.7489   51.4914  6.7
 44.860 2431 Alaska-slab2-v3                                                                  190.6952   51.5741  8.1
 44.860 2432 Alaska-slab2-v3                                                                  190.6413   51.6569  9.5
 42.115 2433 Alaska-slab2-v3                                                                  190.5875   51.7398 10.8
 36.313 2434 Alaska-slab2-v3                                                                  190.5337   51.8227 12.1
 29.804 2435 Alaska-slab2-v3                                                                  190.4798   51.9054 13.5
 44.860 2443 Alaska-slab2-v3                                                                  190.4797   51.4236  6.7
 44.860 2444 Alaska-slab2-v3                                                                  190.4265   51.5064  8.1
 44.860 2445 Alaska-slab2-v3                                                                  190.3732   51.5893  9.5
 42.286 2446 Alaska-slab2-v3                                                                  190.3203   51.6724 10.8
 36.610 2447 Alaska-slab2-v3                                                                  190.2676   51.7556 12.1
 30.142 2448 Alaska-slab2-v3                                                                  190.2149   51.8385 13.5
 78.506 2456 Alaska-slab2-v3                                                                  190.2103   51.3567  6.8
 78.506 2457 Alaska-slab2-v3                                                                  190.1579   51.4396  8.2
 78.506 2458 Alaska-slab2-v3                                                                  190.1055   51.5226  9.6
 73.348 2459 Alaska-slab2-v3                                                                  190.0536   51.6059 10.9
 63.416 2460 Alaska-slab2-v3                                                                  190.0020   51.6893 12.2
 52.261 2461 Alaska-slab2-v3                                                                  189.9504   51.7725 13.7
112.151 2469 Alaska-slab2-v3                                                                  189.9402   51.2920  6.8
112.151 2470 Alaska-slab2-v3                                                                  189.8891   51.3750  8.4
112.151 2471 Alaska-slab2-v3                                                                  189.8380   51.4582  9.9
103.458 2472 Alaska-slab2-v3                                                                  189.7873   51.5417 11.3
 89.291 2473 Alaska-slab2-v3                                                                  189.7369   51.6254 12.6
 73.408 2474 Alaska-slab2-v3                                                                  189.6864   51.7088 14.1
145.796 2482 Alaska-slab2-v3                                                                  189.6688   51.2307  6.9
145.796 2483 Alaska-slab2-v3                                                                  189.6196   51.3137  8.8
145.796 2484 Alaska-slab2-v3                                                                  189.5703   51.3972 10.4
133.315 2485 Alaska-slab2-v3                                                                  189.5211   51.4810 11.7
115.368 2486 Alaska-slab2-v3                                                                  189.4718   51.5649 13.1
 94.993 2487 Alaska-slab2-v3                                                                  189.4233   51.6486 14.6
179.441 2495 Alaska-slab2-v3                                                                  189.3958   51.1735  7.1
179.441 2496 Alaska-slab2-v3                                                                  189.3493   51.2566  9.2
160.390 2497 Alaska-slab2-v3                                                                  189.3020   51.3403 10.9
135.352 2498 Alaska-slab2-v3                                                                  189.2542   51.4244 12.3
111.221 2499 Alaska-slab2-v3                                                                  189.2063   51.5085 13.6
179.441 2508 Alaska-slab2-v3                                                                  189.1215   51.1204  7.4
179.441 2509 Alaska-slab2-v3                                                                  189.0781   51.2032  9.9
158.990 2510 Alaska-slab2-v3                                                                  189.0329   51.2871 11.7
136.228 2511 Alaska-slab2-v3                                                                  188.9866   51.3716 13.0
113.809 2512 Alaska-slab2-v3                                                                  188.9407   51.4562 14.3
179.441 2521 Alaska-slab2-v3                                                                  188.8463   51.0704  7.7
161.320 2522 Alaska-slab2-v3                                                                  188.8060   51.1527 10.6
126.566 2523 Alaska-slab2-v3                                                                  188.7626   51.2368 12.5
104.078 2524 Alaska-slab2-v3                                                                  188.7182   51.3218 13.7
179.441 2534 Alaska-slab2-v3                                                                  188.5701   51.0230  8.1
155.617 2535 Alaska-slab2-v3                                                                  188.5329   51.1043 11.4
122.423 2536 Alaska-slab2-v3                                                                  188.4913   51.1887 13.2
103.507 2537 Alaska-slab2-v3                                                                  188.4488   51.2742 14.3
179.441 2546 Alaska-slab2-v3                                                                  188.2929   50.9776  8.3
150.505 2547 Alaska-slab2-v3                                                                  188.2584   51.0580 12.0
119.048 2548 Alaska-slab2-v3                                                                  188.2186   51.1427 13.8
103.059 2549 Alaska-slab2-v3                                                                  188.1783   51.2288 14.7
179.441 2558 Alaska-slab2-v3                                                                  188.0151   50.9341  8.5
149.889 2559 Alaska-slab2-v3                                                                  187.9829   51.0142 12.3
119.911 2560 Alaska-slab2-v3                                                                  187.9448   51.0992 14.0
104.582 2561 Alaska-slab2-v3                                                                  187.9064   51.1856 14.9
179.441 2570 Alaska-slab2-v3                                                                  187.7371   50.8920  8.4
155.097 2571 Alaska-slab2-v3                                                                  187.7070   50.9726 12.2
125.316 2572 Alaska-slab2-v3                                                                  187.6702   51.0578 14.0
108.083 2573 Alaska-slab2-v3                                                                  187.6335   51.1444 15.0
179.441 2582 Alaska-slab2-v3                                                                  187.4593   50.8505  8.3
163.474 2583 Alaska-slab2-v3                                                                  187.4311   50.9322 11.8
132.368 2584 Alaska-slab2-v3                                                                  187.3957   51.0176 13.7
111.851 2585 Alaska-slab2-v3                                                                  187.3605   51.1042 14.9
179.441 2594 Alaska-slab2-v3                                                                  187.1815   50.8091  8.0
170.444 2595 Alaska-slab2-v3                                                                  187.1553   50.8921 11.3
136.955 2596 Alaska-slab2-v3                                                                  187.1217   50.9776 13.3
112.963 2597 Alaska-slab2-v3                                                                  187.0879   51.0642 14.8
179.441 2606 Alaska-slab2-v3                                                                  186.9034   50.7677  7.8
172.629 2607 Alaska-slab2-v3                                                                  186.8792   50.8520 10.8
136.413 2608 Alaska-slab2-v3                                                                  186.8480   50.9377 12.9
109.338 2609 Alaska-slab2-v3                                                                  186.8157   51.0243 14.5
179.441 2618 Alaska-slab2-v3                                                                  186.6250   50.7270  7.6
170.879 2619 Alaska-slab2-v3                                                                  186.6029   50.8123 10.3
132.622 2620 Alaska-slab2-v3                                                                  186.5747   50.8985 12.4
103.110 2621 Alaska-slab2-v3                                                                  186.5444   50.9853 14.0
179.441 2631 Alaska-slab2-v3                                                                  186.3462   50.6875  7.4
179.441 2632 Alaska-slab2-v3                                                                  186.3261   50.7736  9.9
153.905 2633 Alaska-slab2-v3                                                                  186.3013   50.8604 11.9
126.907 2634 Alaska-slab2-v3                                                                  186.2741   50.9477 13.5
101.629 2635 Alaska-slab2-v3                                                                  186.2478   51.0353 15.0
179.441 2644 Alaska-slab2-v3                                                                  186.0671   50.6497  7.3
179.441 2645 Alaska-slab2-v3                                                                  186.0487   50.7365  9.6
149.063 2646 Alaska-slab2-v3                                                                  186.0271   50.8239 11.5
123.337 2647 Alaska-slab2-v3                                                                  186.0035   50.9118 12.9
 99.436 2648 Alaska-slab2-v3                                                                  185.9799   50.9999 14.2
179.441 2657 Alaska-slab2-v3                                                                  185.7873   50.6143  7.2
179.441 2658 Alaska-slab2-v3                                                                  185.7703   50.7014  9.5
166.495 2659 Alaska-slab2-v3                                                                  185.7512   50.7892 11.2
144.890 2660 Alaska-slab2-v3                                                                  185.7307   50.8777 12.5
125.857 2661 Alaska-slab2-v3                                                                  185.7100   50.9662 13.6
103.052 2662 Alaska-slab2-v3                                                                  185.6891   51.0545 14.9
179.441 2671 Alaska-slab2-v3                                                                  185.5072   50.5812  7.2
179.441 2672 Alaska-slab2-v3                                                                  185.4912   50.6685  9.4
161.595 2673 Alaska-slab2-v3                                                                  185.4736   50.7566 11.1
140.996 2674 Alaska-slab2-v3                                                                  185.4549   50.8453 12.3
123.948 2675 Alaska-slab2-v3                                                                  185.4362   50.9342 13.2
103.705 2676 Alaska-slab2-v3                                                                  185.4172   51.0229 14.4
179.441 2685 Alaska-slab2-v3                                                                  185.2267   50.5503  7.2
179.441 2686 Alaska-slab2-v3                                                                  185.2117   50.6377  9.4
156.487 2687 Alaska-slab2-v3                                                                  185.1952   50.7258 11.1
135.355 2688 Alaska-slab2-v3                                                                  185.1776   50.8146 12.3
118.413 2689 Alaska-slab2-v3                                                                  185.1598   50.9036 13.2
 99.649 2690 Alaska-slab2-v3                                                                  185.1420   50.9925 14.2
179.441 2700 Alaska-slab2-v3                                                                  184.9459   50.5211  7.2
179.441 2701 Alaska-slab2-v3                                                                  184.9321   50.6085  9.4
174.229 2702 Alaska-slab2-v3                                                                  184.9167   50.6967 11.2
153.547 2703 Alaska-slab2-v3                                                                  184.9002   50.7854 12.4
137.166 2704 Alaska-slab2-v3                                                                  184.8836   50.8745 13.4
120.620 2705 Alaska-slab2-v3                                                                  184.8668   50.9635 14.4
179.441 2715 Alaska-slab2-v3                                                                  184.6650   50.4933  7.2
179.441 2716 Alaska-slab2-v3                                                                  184.6522   50.5808  9.4
170.792 2717 Alaska-slab2-v3                                                                  184.6381   50.6690 11.2
148.457 2718 Alaska-slab2-v3                                                                  184.6230   50.7578 12.5
130.487 2719 Alaska-slab2-v3                                                                  184.6078   50.8468 13.6
113.358 2720 Alaska-slab2-v3                                                                  184.5923   50.9359 14.6
179.441 2730 Alaska-slab2-v3                                                                  184.3837   50.4670  7.2
179.441 2731 Alaska-slab2-v3                                                                  184.3720   50.5546  9.4
169.444 2732 Alaska-slab2-v3                                                                  184.3591   50.6428 11.2
146.061 2733 Alaska-slab2-v3                                                                  184.3452   50.7316 12.6
127.252 2734 Alaska-slab2-v3                                                                  184.3312   50.8207 13.7
109.461 2735 Alaska-slab2-v3                                                                  184.3167   50.9099 14.7
179.441 2745 Alaska-slab2-v3                                                                  184.1023   50.4426  7.2
179.441 2746 Alaska-slab2-v3                                                                  184.0914   50.5302  9.3
170.363 2747 Alaska-slab2-v3                                                                  184.0794   50.6186 11.1
147.286 2748 Alaska-slab2-v3                                                                  184.0666   50.7074 12.5
128.451 2749 Alaska-slab2-v3                                                                  184.0536   50.7966 13.6
110.295 2750 Alaska-slab2-v3                                                                  184.0402   50.8858 14.6
179.441 2760 Alaska-slab2-v3                                                                  183.8205   50.4203  7.2
179.441 2761 Alaska-slab2-v3                                                                  183.8105   50.5081  9.3
173.463 2762 Alaska-slab2-v3                                                                  183.7994   50.5965 11.0
151.401 2763 Alaska-slab2-v3                                                                  183.7875   50.6855 12.3
133.381 2764 Alaska-slab2-v3                                                                  183.7755   50.7748 13.4
115.024 2765 Alaska-slab2-v3                                                                  183.7633   50.8640 14.5
179.441 2775 Alaska-slab2-v3                                                                  183.5384   50.4006  7.1
179.441 2776 Alaska-slab2-v3                                                                  183.5292   50.4885  9.2
177.865 2777 Alaska-slab2-v3                                                                  183.5191   50.5771 10.9
157.125 2778 Alaska-slab2-v3                                                                  183.5081   50.6662 12.2
139.870 2779 Alaska-slab2-v3                                                                  183.4970   50.7555 13.2
121.784 2780 Alaska-slab2-v3                                                                  183.4859   50.8448 14.3
179.441 2790 Alaska-slab2-v3                                                                  183.2559   50.3839  7.1
179.441 2791 Alaska-slab2-v3                                                                  183.2476   50.4719  9.2
179.441 2792 Alaska-slab2-v3                                                                  183.2383   50.5605 10.8
162.134 2793 Alaska-slab2-v3                                                                  183.2282   50.6497 12.1
145.316 2794 Alaska-slab2-v3                                                                  183.2180   50.7391 13.1
127.193 2795 Alaska-slab2-v3                                                                  183.2078   50.8284 14.2
179.441 2805 Alaska-slab2-v3                                                                  182.9730   50.3703  7.1
179.441 2806 Alaska-slab2-v3                                                                  182.9656   50.4585  9.1
163.758 2807 Alaska-slab2-v3                                                                  182.9573   50.5472 10.7
140.781 2808 Alaska-slab2-v3                                                                  182.9481   50.6364 12.0
121.086 2809 Alaska-slab2-v3                                                                  182.9388   50.7258 13.0
100.297 2810 Alaska-slab2-v3                                                                  182.9294   50.8151 14.2
179.441 2820 Alaska-slab2-v3                                                                  182.6899   50.3603  7.0
179.441 2821 Alaska-slab2-v3                                                                  182.6836   50.4486  8.9
166.858 2822 Alaska-slab2-v3                                                                  182.6763   50.5374 10.5
142.969 2823 Alaska-slab2-v3                                                                  182.6679   50.6266 11.8
121.816 2824 Alaska-slab2-v3                                                                  182.6593   50.7159 13.0
 99.933 2825 Alaska-slab2-v3                                                                  182.6507   50.8052 14.2
145.796 2834 Alaska-slab2-v3                                                                  182.4069   50.3538  6.9
145.796 2835 Alaska-slab2-v3                                                                  182.4019   50.4425  8.7
139.347 2836 Alaska-slab2-v3                                                                  182.3958   50.5313 10.3
119.187 2837 Alaska-slab2-v3                                                                  182.3882   50.6205 11.6
100.805 2838 Alaska-slab2-v3                                                                  182.3801   50.7097 12.9
 81.830 2839 Alaska-slab2-v3                                                                  182.3720   50.7989 14.1
112.151 2848 Alaska-slab2-v3                                                                  182.1236   50.3512  6.8
112.151 2849 Alaska-slab2-v3                                                                  182.1201   50.4400  8.5
110.901 2850 Alaska-slab2-v3                                                                  182.1156   50.5291 10.0
 95.447 2851 Alaska-slab2-v3                                                                  182.1090   50.6182 11.3
 80.562 2852 Alaska-slab2-v3                                                                  182.1013   50.7074 12.6
 64.995 2853 Alaska-slab2-v3                                                                  182.0936   50.7965 14.0
 78.506 2862 Alaska-slab2-v3                                                                  181.8402   50.3523  6.8
 78.506 2863 Alaska-slab2-v3                                                                  181.8380   50.4414  8.3
 78.506 2864 Alaska-slab2-v3                                                                  181.8349   50.5305  9.7
 69.861 2865 Alaska-slab2-v3                                                                  181.8294   50.6197 11.1
 59.410 2866 Alaska-slab2-v3                                                                  181.8222   50.7089 12.4
 47.936 2867 Alaska-slab2-v3                                                                  181.8150   50.7979 13.9
 44.860 2876 Alaska-slab2-v3                                                                  181.5568   50.3573  6.8
 44.860 2877 Alaska-slab2-v3                                                                  181.5553   50.4465  8.2
 44.860 2878 Alaska-slab2-v3                                                                  181.5532   50.5356  9.6
 41.501 2879 Alaska-slab2-v3                                                                  181.5486   50.6249 11.0
 35.572 2880 Alaska-slab2-v3                                                                  181.5422   50.7140 12.3
 28.897 2881 Alaska-slab2-v3                                                                  181.5358   50.8030 13.9
 44.860 2890 Alaska-slab2-v3                                                                  181.2734   50.3663  6.8
 44.860 2891 Alaska-slab2-v3                                                                  181.2723   50.4553  8.3
 44.860 2892 Alaska-slab2-v3                                                                  181.2705   50.5445  9.7
 42.522 2893 Alaska-slab2-v3                                                                  181.2666   50.6337 11.1
 36.654 2894 Alaska-slab2-v3                                                                  181.2612   50.7229 12.5
 29.935 2895 Alaska-slab2-v3                                                                  181.2558   50.8118 14.1
 44.860 2903 Alaska-slab2-v3                                                                  180.9901   50.3788  6.8
 44.860 2904 Alaska-slab2-v3                                                                  180.9893   50.4677  8.5
 44.860 2905 Alaska-slab2-v3                                                                  180.9876   50.5567 10.0
 42.896 2906 Alaska-slab2-v3                                                                  180.9842   50.6459 11.4
 37.083 2907 Alaska-slab2-v3                                                                  180.9801   50.7350 12.9
 30.412 2908 Alaska-slab2-v3                                                                  180.9758   50.8239 14.5
 44.860 2916 Alaska-slab2-v3                                                                  180.7071   50.3941  7.0
 44.860 2917 Alaska-slab2-v3                                                                  180.7065   50.4827  8.8
 42.192 2918 Alaska-slab2-v3                                                                  180.7050   50.5716 10.4
 35.578 2919 Alaska-slab2-v3                                                                  180.7024   50.6607 11.9
 29.010 2920 Alaska-slab2-v3                                                                  180.6995   50.7498 13.3
 21.347 2921 Alaska-slab2-v3                                                                  180.6963   50.8386 15.0
 44.860 2929 Alaska-slab2-v3                                                                  180.4242   50.4111  7.1
 44.860 2930 Alaska-slab2-v3                                                                  180.4238   50.4994  9.1
 42.351 2931 Alaska-slab2-v3                                                                  180.4228   50.5882 10.8
 35.967 2932 Alaska-slab2-v3                                                                  180.4212   50.6773 12.2
 29.540 2933 Alaska-slab2-v3                                                                  180.4195   50.7664 13.7
 44.860 2941 Alaska-slab2-v3                                                                  180.1415   50.4289  7.2
 44.860 2942 Alaska-slab2-v3                                                                  180.1413   50.5169  9.3
 42.967 2943 Alaska-slab2-v3                                                                  180.1410   50.6056 11.0
 36.969 2944 Alaska-slab2-v3                                                                  180.1405   50.6948 12.4
 30.715 2945 Alaska-slab2-v3                                                                  180.1401   50.7839 13.9
 44.860 2953 Alaska-slab2-v3                                                                  179.8580   50.4435  7.2
 44.860 2954 Alaska-slab2-v3                                                                  179.8595   50.5313  9.4
 43.237 2955 Alaska-slab2-v3                                                                  179.8612   50.6200 11.2
 37.411 2956 Alaska-slab2-v3                                                                  179.8629   50.7092 12.6
 31.336 2957 Alaska-slab2-v3                                                                  179.8646   50.7983 14.0
 44.860 2965 Alaska-slab2-v3                                                                  179.5742   50.4554  7.3
 44.860 2966 Alaska-slab2-v3                                                                  179.5790   50.5430  9.6
 42.967 2967 Alaska-slab2-v3                                                                  179.5835   50.6316 11.4
 37.164 2968 Alaska-slab2-v3                                                                  179.5878   50.7207 12.8
 31.279 2969 Alaska-slab2-v3                                                                  179.5922   50.8098 14.2
 44.860 2977 Alaska-slab2-v3                                                                  179.2909   50.4705  7.3
 43.472 2978 Alaska-slab2-v3                                                                  179.2990   50.5579  9.7
 34.758 2979 Alaska-slab2-v3                                                                  179.3064   50.6463 11.5
 27.960 2980 Alaska-slab2-v3                                                                  179.3134   50.7354 12.9
 21.161 2981 Alaska-slab2-v3                                                                  179.3204   50.8244 14.3
 44.860 2989 Alaska-slab2-v3                                                                  179.0086   50.4908  7.3
 43.679 2990 Alaska-slab2-v3                                                                  179.0199   50.5780  9.7
 35.075 2991 Alaska-slab2-v3                                                                  179.0302   50.6663 11.6
 28.457 2992 Alaska-slab2-v3                                                                  179.0398   50.7553 13.0
 21.556 2993 Alaska-slab2-v3                                                                  179.0494   50.8442 14.4
 44.860 3001 Alaska-slab2-v3                                                                  178.7273   50.5171  7.4
 44.115 3002 Alaska-slab2-v3                                                                  178.7420   50.6040  9.8
 35.683 3003 Alaska-slab2-v3                                                                  178.7552   50.6922 11.6
 29.162 3004 Alaska-slab2-v3                                                                  178.7674   50.7810 13.0
 22.174 3005 Alaska-slab2-v3                                                                  178.7798   50.8697 14.5
 44.860 3013 Alaska-slab2-v3                                                                  178.4471   50.5488  7.4
 44.676 3014 Alaska-slab2-v3                                                                  178.4654   50.6353  9.8
 36.357 3015 Alaska-slab2-v3                                                                  178.4815   50.7233 11.6
 29.876 3016 Alaska-slab2-v3                                                                  178.4964   50.8120 13.0
 22.706 3017 Alaska-slab2-v3                                                                  178.5114   50.9004 14.6
 44.860 3024 Alaska-slab2-v3                                                                  178.1681   50.5848  7.4
 44.860 3025 Alaska-slab2-v3                                                                  178.1902   50.6710  9.8
 37.035 3026 Alaska-slab2-v3                                                                  178.2094   50.7588 11.6
 30.574 3027 Alaska-slab2-v3                                                                  178.2269   50.8472 13.0
 23.204 3028 Alaska-slab2-v3                                                                  178.2445   50.9354 14.6
 44.860 3035 Alaska-slab2-v3                                                                  177.8902   50.6244  7.3
 44.860 3036 Alaska-slab2-v3                                                                  177.9160   50.7103  9.7
 37.682 3037 Alaska-slab2-v3                                                                  177.9384   50.7977 11.5
 31.115 3038 Alaska-slab2-v3                                                                  177.9585   50.8859 12.9
 23.551 3039 Alaska-slab2-v3                                                                  177.9788   50.9738 14.6
 44.860 3046 Alaska-slab2-v3                                                                  177.6130   50.6669  7.3
 44.860 3047 Alaska-slab2-v3                                                                  177.6429   50.7524  9.6
 38.283 3048 Alaska-slab2-v3                                                                  177.6686   50.8395 11.3
 31.525 3049 Alaska-slab2-v3                                                                  177.6915   50.9274 12.8
 23.814 3050 Alaska-slab2-v3                                                                  177.7145   51.0150 14.5
 44.860 3057 Alaska-slab2-v3                                                                  177.3364   50.7120  7.2
 44.860 3058 Alaska-slab2-v3                                                                  177.3704   50.7972  9.4
 38.713 3059 Alaska-slab2-v3                                                                  177.3997   50.8839 11.2
 31.811 3060 Alaska-slab2-v3                                                                  177.4254   50.9714 12.7
 23.996 3061 Alaska-slab2-v3                                                                  177.4512   51.0587 14.4
 44.860 3068 Alaska-slab2-v3                                                                  177.0605   50.7598  7.1
 44.860 3069 Alaska-slab2-v3                                                                  177.0983   50.8445  9.2
 39.039 3070 Alaska-slab2-v3                                                                  177.1313   50.9307 11.0
 32.063 3071 Alaska-slab2-v3                                                                  177.1599   51.0179 12.5
 24.163 3072 Alaska-slab2-v3                                                                  177.1886   51.1048 14.2
 44.860 3079 Alaska-slab2-v3                                                                  176.7853   50.8099  7.1
 44.860 3080 Alaska-slab2-v3                                                                  176.8266   50.8941  9.1
 39.133 3081 Alaska-slab2-v3                                                                  176.8631   50.9798 10.8
 32.073 3082 Alaska-slab2-v3                                                                  176.8947   51.0666 12.3
 24.218 3083 Alaska-slab2-v3                                                                  176.9263   51.1531 14.0
 44.860 3090 Alaska-slab2-v3                                                                  176.5107   50.8622  7.1
 44.860 3091 Alaska-slab2-v3                                                                  176.5551   50.9460  9.0
 38.984 3092 Alaska-slab2-v3                                                                  176.5947   51.0311 10.8
 31.858 3093 Alaska-slab2-v3                                                                  176.6293   51.1174 12.3
 23.976 3094 Alaska-slab2-v3                                                                  176.6639   51.2036 13.9
 44.860 3102 Alaska-slab2-v3                                                                  176.2368   50.9166  7.0
 44.860 3103 Alaska-slab2-v3                                                                  176.2839   50.9998  9.0
 38.844 3104 Alaska-slab2-v3                                                                  176.3264   51.0844 10.7
 31.502 3105 Alaska-slab2-v3                                                                  176.3640   51.1702 12.3
 23.543 3106 Alaska-slab2-v3                                                                  176.4015   51.2558 14.0
