  4.000 2160 Alaska-slab2-v3                                                                  195.9164   52.7538  8.8
  1.607 2161 Alaska-slab2-v3                                                                  195.8277   52.8066 13.0
  0.661 2162 Alaska-slab2-v3                                                                  195.7503   52.8815 14.6
  0.473 2163 Alaska-slab2-v3                                                                  195.6716   52.9580 15.0
  4.093 2175 Alaska-slab2-v3                                                                  195.6419   52.6846  8.7
  1.805 2176 Alaska-slab2-v3                                                                  195.5535   52.7408 12.7
  0.834 2177 Alaska-slab2-v3                                                                  195.4769   52.8160 14.4
  0.534 2178 Alaska-slab2-v3                                                                  195.3993   52.8928 14.9
  4.226 2190 Alaska-slab2-v3                                                                  195.3701   52.6129  8.4
  2.088 2191 Alaska-slab2-v3                                                                  195.2821   52.6730 12.2
  1.061 2192 Alaska-slab2-v3                                                                  195.2065   52.7485 14.0
  0.613 2193 Alaska-slab2-v3                                                                  195.1300   52.8254 14.8
  4.329 2205 Alaska-slab2-v3                                                                  195.1009   52.5389  8.2
  2.342 2206 Alaska-slab2-v3                                                                  195.0141   52.6025 11.6
  1.254 2207 Alaska-slab2-v3                                                                  194.9402   52.6785 13.5
  0.676 2208 Alaska-slab2-v3                                                                  194.8651   52.7557 14.6
  7.642 2220 Alaska-slab2-v3                                                                  194.8340   52.4634  7.9
  4.368 2221 Alaska-slab2-v3                                                                  194.7491   52.5299 11.1
  2.394 2222 Alaska-slab2-v3                                                                  194.6767   52.6063 13.1
  1.217 2223 Alaska-slab2-v3                                                                  194.6038   52.6841 14.2
 10.863 2235 Alaska-slab2-v3                                                                  194.5680   52.3876  7.8
  6.383 2236 Alaska-slab2-v3                                                                  194.4852   52.4562 10.8
  3.521 2237 Alaska-slab2-v3                                                                  194.4138   52.5328 12.7
  1.738 2238 Alaska-slab2-v3                                                                  194.3434   52.6114 13.9
 14.012 2250 Alaska-slab2-v3                                                                  194.3010   52.3122  7.7
  8.328 2251 Alaska-slab2-v3                                                                  194.2199   52.3821 10.5
  4.571 2252 Alaska-slab2-v3                                                                  194.1497   52.4592 12.4
  2.186 2253 Alaska-slab2-v3                                                                  194.0814   52.5384 13.6
 18.016 2265 Alaska-slab2-v3                                                                  194.0320   52.2386  7.6
 12.477 2266 Alaska-slab2-v3                                                                  193.9525   52.3094 10.4
  8.235 2267 Alaska-slab2-v3                                                                  193.8835   52.3869 12.3
  5.573 2268 Alaska-slab2-v3                                                                  193.8169   52.4665 13.5
  3.204 2269 Alaska-slab2-v3                                                                  193.7501   52.5464 14.6
 18.016 2279 Alaska-slab2-v3                                                                  193.7606   52.1681  7.6
 12.321 2280 Alaska-slab2-v3                                                                  193.6826   52.2395 10.4
  8.078 2281 Alaska-slab2-v3                                                                  193.6149   52.3174 12.3
  5.446 2282 Alaska-slab2-v3                                                                  193.5495   52.3974 13.5
  3.131 2283 Alaska-slab2-v3                                                                  193.4838   52.4776 14.5
 18.016 2293 Alaska-slab2-v3                                                                  193.4869   52.1014  7.7
 12.260 2294 Alaska-slab2-v3                                                                  193.4102   52.1732 10.5
  8.007 2295 Alaska-slab2-v3                                                                  193.3439   52.2515 12.4
  5.406 2296 Alaska-slab2-v3                                                                  193.2795   52.3318 13.5
  3.144 2297 Alaska-slab2-v3                                                                  193.2149   52.4124 14.5
 17.080 2307 Alaska-slab2-v3                                                                  193.2114   52.0382  7.7
  9.982 2308 Alaska-slab2-v3                                                                  193.1360   52.1104 10.6
  5.348 2309 Alaska-slab2-v3                                                                  193.0709   52.1890 12.4
  2.539 2310 Alaska-slab2-v3                                                                  193.0074   52.2696 13.6
 17.130 2321 Alaska-slab2-v3                                                                  192.9351   51.9779  7.7
 10.116 2322 Alaska-slab2-v3                                                                  192.8611   52.0507 10.5
  5.489 2323 Alaska-slab2-v3                                                                  192.7969   52.1296 12.4
  2.634 2324 Alaska-slab2-v3                                                                  192.7344   52.2105 13.6
 17.146 2335 Alaska-slab2-v3                                                                  192.6588   51.9199  7.6
 10.338 2336 Alaska-slab2-v3                                                                  192.5868   51.9938 10.3
  5.740 2337 Alaska-slab2-v3                                                                  192.5234   52.0730 12.2
  2.758 2338 Alaska-slab2-v3                                                                  192.4622   52.1542 13.4
 18.016 2349 Alaska-slab2-v3                                                                  192.3835   51.8632  7.4
 13.078 2350 Alaska-slab2-v3                                                                  192.3141   51.9389 10.0
  8.933 2351 Alaska-slab2-v3                                                                  192.2517   52.0185 11.8
  6.101 2352 Alaska-slab2-v3                                                                  192.1922   52.1001 13.0
  3.477 2353 Alaska-slab2-v3                                                                  192.1325   52.1817 14.1
 18.016 2363 Alaska-slab2-v3                                                                  192.1090   51.8066  7.2
 13.387 2364 Alaska-slab2-v3                                                                  192.0433   51.8843  9.5
  9.282 2365 Alaska-slab2-v3                                                                  191.9823   51.9645 11.2
  6.228 2366 Alaska-slab2-v3                                                                  191.9245   52.0465 12.5
  3.436 2367 Alaska-slab2-v3                                                                  191.8665   52.1286 13.7
 14.638 2377 Alaska-slab2-v3                                                                  191.8351   51.7486  7.1
 11.160 2378 Alaska-slab2-v3                                                                  191.7736   51.8283  9.0
  7.882 2379 Alaska-slab2-v3                                                                  191.7145   51.9093 10.6
  5.228 2380 Alaska-slab2-v3                                                                  191.6577   51.9915 12.0
  2.795 2381 Alaska-slab2-v3                                                                  191.6008   52.0738 13.2
 11.260 2391 Alaska-slab2-v3                                                                  191.5618   51.6883  6.9
 10.264 2392 Alaska-slab2-v3                                                                  191.5042   51.7695  8.6
  8.071 2393 Alaska-slab2-v3                                                                  191.4470   51.8512 10.1
  6.164 2394 Alaska-slab2-v3                                                                  191.3907   51.9335 11.5
  4.342 2395 Alaska-slab2-v3                                                                  191.3344   52.0158 12.8
  2.377 2396 Alaska-slab2-v3                                                                  191.2780   52.0980 14.1
  7.882 2404 Alaska-slab2-v3                                                                  191.2896   51.6250  6.8
  7.319 2405 Alaska-slab2-v3                                                                  191.2343   51.7071  8.3
  5.847 2406 Alaska-slab2-v3                                                                  191.1788   51.7894  9.8
  4.476 2407 Alaska-slab2-v3                                                                  191.1231   51.8718 11.1
  3.137 2408 Alaska-slab2-v3                                                                  191.0673   51.9542 12.4
  1.685 2409 Alaska-slab2-v3                                                                  191.0114   52.0365 13.9
  4.504 2417 Alaska-slab2-v3                                                                  191.0187   51.5590  6.7
  4.226 2418 Alaska-slab2-v3                                                                  190.9645   51.6415  8.2
  3.418 2419 Alaska-slab2-v3                                                                  190.9099   51.7241  9.6
  2.646 2420 Alaska-slab2-v3                                                                  190.8552   51.8068 10.9
  1.867 2421 Alaska-slab2-v3                                                                  190.8003   51.8894 12.2
  1.013 2422 Alaska-slab2-v3                                                                  190.7453   51.9718 13.7
  4.504 2430 Alaska-slab2-v3                                                                  190.7489   51.4914  6.7
  4.237 2431 Alaska-slab2-v3                                                                  190.6952   51.5741  8.1
  3.449 2432 Alaska-slab2-v3                                                                  190.6413   51.6569  9.5
  2.691 2433 Alaska-slab2-v3                                                                  190.5875   51.7398 10.8
  1.921 2434 Alaska-slab2-v3                                                                  190.5337   51.8227 12.1
  1.058 2435 Alaska-slab2-v3                                                                  190.4798   51.9054 13.5
  4.504 2443 Alaska-slab2-v3                                                                  190.4797   51.4236  6.7
  4.234 2444 Alaska-slab2-v3                                                                  190.4265   51.5064  8.1
  3.437 2445 Alaska-slab2-v3                                                                  190.3732   51.5893  9.5
  2.686 2446 Alaska-slab2-v3                                                                  190.3203   51.6724 10.8
  1.929 2447 Alaska-slab2-v3                                                                  190.2676   51.7556 12.1
  1.067 2448 Alaska-slab2-v3                                                                  190.2149   51.8385 13.5
  4.504 2456 Alaska-slab2-v3                                                                  190.2103   51.3567  6.8
  4.223 2457 Alaska-slab2-v3                                                                  190.1579   51.4396  8.2
  3.411 2458 Alaska-slab2-v3                                                                  190.1055   51.5226  9.6
  2.657 2459 Alaska-slab2-v3                                                                  190.0536   51.6059 10.9
  1.903 2460 Alaska-slab2-v3                                                                  190.0020   51.6893 12.2
  1.056 2461 Alaska-slab2-v3                                                                  189.9504   51.7725 13.7
