  0.200 2849 Alaska-slab2-v3                                                                  182.1201   50.4400  8.5
  0.195 2863 Alaska-slab2-v3                                                                  181.8380   50.4414  8.3
  0.193 2877 Alaska-slab2-v3                                                                  181.5553   50.4465  8.2
  0.195 2891 Alaska-slab2-v3                                                                  181.2723   50.4553  8.3
  0.780 3350 Alaska-slab2-v3                                                                  170.8230   52.6053  8.5
  0.768 3364 Alaska-slab2-v3                                                                  170.5766   52.7064  8.4
  0.759 3378 Alaska-slab2-v3                                                                  170.3296   52.8082  8.3
  0.751 3393 Alaska-slab2-v3                                                                  170.0819   52.9101  8.1
  0.613 3427 Alaska-slab2-v3                                                                  169.4050   53.3152  8.8
  0.601 3436 Alaska-slab2-v3                                                                  169.1410   53.4303  8.7
  0.591 3445 Alaska-slab2-v3                                                                  168.8772   53.5452  8.6
  0.564 3454 Alaska-slab2-v3                                                                  168.6148   53.6597  8.4
  0.534 3463 Alaska-slab2-v3                                                                  168.3536   53.7742  8.2
  0.925 3473 Alaska-slab2-v3                                                                  168.0922   53.8895  8.1
  0.468 3474 Alaska-slab2-v3                                                                  168.1790   53.9633  8.9
  0.899 3483 Alaska-slab2-v3                                                                  167.8302   54.0058  8.1
  0.450 3484 Alaska-slab2-v3                                                                  167.9147   54.0806  8.9
  0.913 3494 Alaska-slab2-v3                                                                  167.5675   54.1229  8.1
  0.459 3495 Alaska-slab2-v3                                                                  167.6494   54.1988  8.9
  0.932 3505 Alaska-slab2-v3                                                                  167.3044   54.2406  8.1
  0.474 3506 Alaska-slab2-v3                                                                  167.3837   54.3175  8.9
  0.934 3517 Alaska-slab2-v3                                                                  167.0410   54.3585  8.1
  0.472 3518 Alaska-slab2-v3                                                                  167.1176   54.4364  9.0
  0.743 3529 Alaska-slab2-v3                                                                  166.7761   54.4767  8.2
  0.370 3530 Alaska-slab2-v3                                                                  166.8495   54.5557  9.1
  0.315 3541 Alaska-slab2-v3                                                                  166.5086   54.5954  8.4
  0.223 3553 Alaska-slab2-v3                                                                  166.2376   54.7142  8.8
  0.145 3564 Alaska-slab2-v3                                                                  165.9035   54.7504  8.1
