  0.906 2160 Alaska-slab2-v3                                                                  195.9164   52.7538  8.8
  0.364 2161 Alaska-slab2-v3                                                                  195.8277   52.8066 13.0
  0.150 2162 Alaska-slab2-v3                                                                  195.7503   52.8815 14.6
  0.107 2163 Alaska-slab2-v3                                                                  195.6716   52.9580 15.0
  0.927 2175 Alaska-slab2-v3                                                                  195.6419   52.6846  8.7
  0.409 2176 Alaska-slab2-v3                                                                  195.5535   52.7408 12.7
  0.189 2177 Alaska-slab2-v3                                                                  195.4769   52.8160 14.4
  0.121 2178 Alaska-slab2-v3                                                                  195.3993   52.8928 14.9
  0.957 2190 Alaska-slab2-v3                                                                  195.3701   52.6129  8.4
  0.473 2191 Alaska-slab2-v3                                                                  195.2821   52.6730 12.2
  0.240 2192 Alaska-slab2-v3                                                                  195.2065   52.7485 14.0
  0.139 2193 Alaska-slab2-v3                                                                  195.1300   52.8254 14.8
  0.981 2205 Alaska-slab2-v3                                                                  195.1009   52.5389  8.2
  0.531 2206 Alaska-slab2-v3                                                                  195.0141   52.6025 11.6
  0.284 2207 Alaska-slab2-v3                                                                  194.9402   52.6785 13.5
  0.153 2208 Alaska-slab2-v3                                                                  194.8651   52.7557 14.6
  0.989 2220 Alaska-slab2-v3                                                                  194.8340   52.4634  7.9
  0.565 2221 Alaska-slab2-v3                                                                  194.7491   52.5299 11.1
  0.310 2222 Alaska-slab2-v3                                                                  194.6767   52.6063 13.1
  0.158 2223 Alaska-slab2-v3                                                                  194.6038   52.6841 14.2
  0.984 2235 Alaska-slab2-v3                                                                  194.5680   52.3876  7.8
  0.578 2236 Alaska-slab2-v3                                                                  194.4852   52.4562 10.8
  0.319 2237 Alaska-slab2-v3                                                                  194.4138   52.5328 12.7
  0.157 2238 Alaska-slab2-v3                                                                  194.3434   52.6114 13.9
  0.977 2250 Alaska-slab2-v3                                                                  194.3010   52.3122  7.7
  0.580 2251 Alaska-slab2-v3                                                                  194.2199   52.3821 10.5
  0.319 2252 Alaska-slab2-v3                                                                  194.1497   52.4592 12.4
  0.152 2253 Alaska-slab2-v3                                                                  194.0814   52.5384 13.6
  1.020 2265 Alaska-slab2-v3                                                                  194.0320   52.2386  7.6
  0.707 2266 Alaska-slab2-v3                                                                  193.9525   52.3094 10.4
  0.466 2267 Alaska-slab2-v3                                                                  193.8835   52.3869 12.3
  0.316 2268 Alaska-slab2-v3                                                                  193.8169   52.4665 13.5
  0.181 2269 Alaska-slab2-v3                                                                  193.7501   52.5464 14.6
  1.020 2279 Alaska-slab2-v3                                                                  193.7606   52.1681  7.6
  0.698 2280 Alaska-slab2-v3                                                                  193.6826   52.2395 10.4
  0.457 2281 Alaska-slab2-v3                                                                  193.6149   52.3174 12.3
  0.308 2282 Alaska-slab2-v3                                                                  193.5495   52.3974 13.5
  0.177 2283 Alaska-slab2-v3                                                                  193.4838   52.4776 14.5
  1.020 2293 Alaska-slab2-v3                                                                  193.4869   52.1014  7.7
  0.694 2294 Alaska-slab2-v3                                                                  193.4102   52.1732 10.5
  0.453 2295 Alaska-slab2-v3                                                                  193.3439   52.2515 12.4
  0.306 2296 Alaska-slab2-v3                                                                  193.2795   52.3318 13.5
  0.178 2297 Alaska-slab2-v3                                                                  193.2149   52.4124 14.5
  0.967 2307 Alaska-slab2-v3                                                                  193.2114   52.0382  7.7
  0.565 2308 Alaska-slab2-v3                                                                  193.1360   52.1104 10.6
  0.303 2309 Alaska-slab2-v3                                                                  193.0709   52.1890 12.4
  0.144 2310 Alaska-slab2-v3                                                                  193.0074   52.2696 13.6
  1.698 2321 Alaska-slab2-v3                                                                  192.9351   51.9779  7.7
  1.002 2322 Alaska-slab2-v3                                                                  192.8611   52.0507 10.5
  0.544 2323 Alaska-slab2-v3                                                                  192.7969   52.1296 12.4
  0.261 2324 Alaska-slab2-v3                                                                  192.7344   52.2105 13.6
  2.427 2335 Alaska-slab2-v3                                                                  192.6588   51.9199  7.6
  1.463 2336 Alaska-slab2-v3                                                                  192.5868   51.9938 10.3
  0.813 2337 Alaska-slab2-v3                                                                  192.5234   52.0730 12.2
  0.390 2338 Alaska-slab2-v3                                                                  192.4622   52.1542 13.4
  3.316 2349 Alaska-slab2-v3                                                                  192.3835   51.8632  7.4
  2.407 2350 Alaska-slab2-v3                                                                  192.3141   51.9389 10.0
  1.644 2351 Alaska-slab2-v3                                                                  192.2517   52.0185 11.8
  1.123 2352 Alaska-slab2-v3                                                                  192.1922   52.1001 13.0
  0.640 2353 Alaska-slab2-v3                                                                  192.1325   52.1817 14.1
  4.081 2363 Alaska-slab2-v3                                                                  192.1090   51.8066  7.2
  3.032 2364 Alaska-slab2-v3                                                                  192.0433   51.8843  9.5
  2.103 2365 Alaska-slab2-v3                                                                  191.9823   51.9645 11.2
  1.411 2366 Alaska-slab2-v3                                                                  191.9245   52.0465 12.5
  0.778 2367 Alaska-slab2-v3                                                                  191.8665   52.1286 13.7
  4.081 2377 Alaska-slab2-v3                                                                  191.8351   51.7486  7.1
  3.111 2378 Alaska-slab2-v3                                                                  191.7736   51.8283  9.0
  2.197 2379 Alaska-slab2-v3                                                                  191.7145   51.9093 10.6
  1.457 2380 Alaska-slab2-v3                                                                  191.6577   51.9915 12.0
  0.779 2381 Alaska-slab2-v3                                                                  191.6008   52.0738 13.2
  4.081 2391 Alaska-slab2-v3                                                                  191.5618   51.6883  6.9
  3.720 2392 Alaska-slab2-v3                                                                  191.5042   51.7695  8.6
  2.925 2393 Alaska-slab2-v3                                                                  191.4470   51.8512 10.1
  2.234 2394 Alaska-slab2-v3                                                                  191.3907   51.9335 11.5
  1.574 2395 Alaska-slab2-v3                                                                  191.3344   52.0158 12.8
  0.862 2396 Alaska-slab2-v3                                                                  191.2780   52.0980 14.1
  4.081 2404 Alaska-slab2-v3                                                                  191.2896   51.6250  6.8
  3.789 2405 Alaska-slab2-v3                                                                  191.2343   51.7071  8.3
  3.027 2406 Alaska-slab2-v3                                                                  191.1788   51.7894  9.8
  2.318 2407 Alaska-slab2-v3                                                                  191.1231   51.8718 11.1
  1.624 2408 Alaska-slab2-v3                                                                  191.0673   51.9542 12.4
  0.872 2409 Alaska-slab2-v3                                                                  191.0114   52.0365 13.9
  4.081 2417 Alaska-slab2-v3                                                                  191.0187   51.5590  6.7
  3.829 2418 Alaska-slab2-v3                                                                  190.9645   51.6415  8.2
  3.097 2419 Alaska-slab2-v3                                                                  190.9099   51.7241  9.6
  2.397 2420 Alaska-slab2-v3                                                                  190.8552   51.8068 10.9
  1.692 2421 Alaska-slab2-v3                                                                  190.8003   51.8894 12.2
  0.917 2422 Alaska-slab2-v3                                                                  190.7453   51.9718 13.7
  4.081 2430 Alaska-slab2-v3                                                                  190.7489   51.4914  6.7
  3.839 2431 Alaska-slab2-v3                                                                  190.6952   51.5741  8.1
  3.125 2432 Alaska-slab2-v3                                                                  190.6413   51.6569  9.5
  2.438 2433 Alaska-slab2-v3                                                                  190.5875   51.7398 10.8
  1.741 2434 Alaska-slab2-v3                                                                  190.5337   51.8227 12.1
  0.958 2435 Alaska-slab2-v3                                                                  190.4798   51.9054 13.5
  4.081 2443 Alaska-slab2-v3                                                                  190.4797   51.4236  6.7
  3.836 2444 Alaska-slab2-v3                                                                  190.4265   51.5064  8.1
  3.114 2445 Alaska-slab2-v3                                                                  190.3732   51.5893  9.5
  2.434 2446 Alaska-slab2-v3                                                                  190.3203   51.6724 10.8
  1.748 2447 Alaska-slab2-v3                                                                  190.2676   51.7556 12.1
  0.967 2448 Alaska-slab2-v3                                                                  190.2149   51.8385 13.5
  4.081 2456 Alaska-slab2-v3                                                                  190.2103   51.3567  6.8
  3.826 2457 Alaska-slab2-v3                                                                  190.1579   51.4396  8.2
  3.090 2458 Alaska-slab2-v3                                                                  190.1055   51.5226  9.6
  2.407 2459 Alaska-slab2-v3                                                                  190.0536   51.6059 10.9
  1.724 2460 Alaska-slab2-v3                                                                  190.0020   51.6893 12.2
  0.956 2461 Alaska-slab2-v3                                                                  189.9504   51.7725 13.7
