  7.271 0231 Alaska-slab2-v3                                                                  216.3398   60.3457  8.9
  7.271 0232 Alaska-slab2-v3                                                                  216.2532   60.4228 10.7
  6.629 0233 Alaska-slab2-v3                                                                  216.1527   60.4968 11.9
  6.040 0234 Alaska-slab2-v3                                                                  216.0465   60.5698 12.8
  5.569 0235 Alaska-slab2-v3                                                                  215.9396   60.6428 13.6
  5.079 0236 Alaska-slab2-v3                                                                  215.8326   60.7157 14.3
  7.271 0255 Alaska-slab2-v3                                                                  216.0024   60.2336 10.4
  6.297 0256 Alaska-slab2-v3                                                                  215.9029   60.3067 12.2
  5.529 0257 Alaska-slab2-v3                                                                  215.7964   60.3790 13.4
  5.057 0258 Alaska-slab2-v3                                                                  215.6890   60.4516 14.1
  4.726 0259 Alaska-slab2-v3                                                                  215.5810   60.5242 14.6
  7.271 0281 Alaska-slab2-v3                                                                  215.7667   60.0238  8.5
  7.271 0282 Alaska-slab2-v3                                                                  215.6685   60.0957 10.9
  6.138 0283 Alaska-slab2-v3                                                                  215.5633   60.1673 12.6
  5.412 0284 Alaska-slab2-v3                                                                  215.4567   60.2395 13.7
  4.959 0285 Alaska-slab2-v3                                                                  215.3492   60.3119 14.4
  4.639 0286 Alaska-slab2-v3                                                                  215.2419   60.3845 14.9
 12.725 0311 Alaska-slab2-v3                                                                  215.4642   59.8739  8.3
 12.725 0312 Alaska-slab2-v3                                                                  215.3509   59.9410 10.4
 11.664 0313 Alaska-slab2-v3                                                                  215.2419   60.0111 11.9
 10.296 0314 Alaska-slab2-v3                                                                  215.1347   60.0828 13.1
  9.229 0315 Alaska-slab2-v3                                                                  215.0267   60.1546 14.0
  8.360 0316 Alaska-slab2-v3                                                                  214.9191   60.2267 14.7
 18.179 0344 Alaska-slab2-v3                                                                  215.1063   59.7707  9.3
 17.795 0345 Alaska-slab2-v3                                                                  214.9901   59.8370 11.1
 15.474 0346 Alaska-slab2-v3                                                                  214.8804   59.9071 12.5
 13.772 0347 Alaska-slab2-v3                                                                  214.7697   59.9775 13.5
 12.503 0348 Alaska-slab2-v3                                                                  214.6583   60.0480 14.3
 11.518 0349 Alaska-slab2-v3                                                                  214.5502   60.1198 14.9
 23.632 0386 Alaska-slab2-v3                                                                  214.8431   59.6356  9.5
 22.669 0387 Alaska-slab2-v3                                                                  214.7243   59.7004 11.4
 19.746 0388 Alaska-slab2-v3                                                                  214.6103   59.7687 12.7
 17.732 0389 Alaska-slab2-v3                                                                  214.4953   59.8373 13.6
 16.411 0390 Alaska-slab2-v3                                                                  214.3795   59.9059 14.2
 15.567 0391 Alaska-slab2-v3                                                                  214.2631   59.9745 14.6
 14.983 0392 Alaska-slab2-v3                                                                  214.1482   60.0437 14.9
 29.086 0428 Alaska-slab2-v3                                                                  214.5858   59.4974  9.6
 26.940 0429 Alaska-slab2-v3                                                                  214.4641   59.5605 11.5
 23.220 0430 Alaska-slab2-v3                                                                  214.3463   59.6269 12.9
 20.694 0431 Alaska-slab2-v3                                                                  214.2275   59.6935 13.8
 19.146 0432 Alaska-slab2-v3                                                                  214.1078   59.7602 14.4
 18.277 0433 Alaska-slab2-v3                                                                  213.9875   59.8269 14.7
 17.870 0434 Alaska-slab2-v3                                                                  213.8667   59.8935 14.8
 17.571 0435 Alaska-slab2-v3                                                                  213.7462   59.9604 14.9
 29.086 0469 Alaska-slab2-v3                                                                  214.3377   59.3548  9.5
 27.584 0470 Alaska-slab2-v3                                                                  214.2120   59.4156 11.4
 23.912 0471 Alaska-slab2-v3                                                                  214.0899   59.4797 12.8
 21.392 0472 Alaska-slab2-v3                                                                  213.9667   59.5441 13.7
 19.837 0473 Alaska-slab2-v3                                                                  213.8427   59.6084 14.3
 18.979 0474 Alaska-slab2-v3                                                                  213.7181   59.6728 14.6
 18.577 0475 Alaska-slab2-v3                                                                  213.5930   59.7370 14.8
 18.363 0476 Alaska-slab2-v3                                                                  213.4673   59.8012 14.9
 18.122 0477 Alaska-slab2-v3                                                                  213.3418   59.8654 14.9
 29.086 0510 Alaska-slab2-v3                                                                  214.1024   59.2073  9.3
 28.302 0511 Alaska-slab2-v3                                                                  213.9719   59.2655 11.1
 24.711 0512 Alaska-slab2-v3                                                                  213.8453   59.3270 12.4
 22.145 0513 Alaska-slab2-v3                                                                  213.7176   59.3887 13.3
 20.471 0514 Alaska-slab2-v3                                                                  213.5892   59.4504 14.0
 19.417 0515 Alaska-slab2-v3                                                                  213.4601   59.5121 14.4
 18.796 0516 Alaska-slab2-v3                                                                  213.3304   59.5737 14.6
 18.418 0517 Alaska-slab2-v3                                                                  213.2003   59.6352 14.7
 17.986 0518 Alaska-slab2-v3                                                                  213.0697   59.6965 14.9
 29.086 0551 Alaska-slab2-v3                                                                  213.8813   59.0556  8.9
 29.086 0552 Alaska-slab2-v3                                                                  213.7467   59.1112 10.6
 26.283 0553 Alaska-slab2-v3                                                                  213.6158   59.1701 11.9
 23.682 0554 Alaska-slab2-v3                                                                  213.4846   59.2294 12.9
 21.777 0555 Alaska-slab2-v3                                                                  213.3527   59.2888 13.6
 20.463 0556 Alaska-slab2-v3                                                                  213.2201   59.3481 14.1
 19.525 0557 Alaska-slab2-v3                                                                  213.0869   59.4073 14.4
 18.800 0558 Alaska-slab2-v3                                                                  212.9532   59.4664 14.7
 18.130 0559 Alaska-slab2-v3                                                                  212.8188   59.5252 14.9
 29.086 0591 Alaska-slab2-v3                                                                  213.6725   58.9003  8.7
 29.086 0592 Alaska-slab2-v3                                                                  213.5347   58.9537 10.2
 27.073 0593 Alaska-slab2-v3                                                                  213.4001   59.0099 11.5
 24.344 0594 Alaska-slab2-v3                                                                  213.2660   59.0671 12.5
 22.209 0595 Alaska-slab2-v3                                                                  213.1312   59.1243 13.3
 20.561 0596 Alaska-slab2-v3                                                                  212.9957   59.1814 13.9
 19.318 0597 Alaska-slab2-v3                                                                  212.8597   59.2385 14.4
 18.292 0598 Alaska-slab2-v3                                                                  212.7232   59.2954 14.8
 29.086 0629 Alaska-slab2-v3                                                                  213.4727   58.7421  8.6
 29.086 0630 Alaska-slab2-v3                                                                  213.3324   58.7934 10.1
 27.170 0631 Alaska-slab2-v3                                                                  213.1942   58.8468 11.4
 24.344 0632 Alaska-slab2-v3                                                                  213.0564   58.9011 12.4
 22.089 0633 Alaska-slab2-v3                                                                  212.9178   58.9554 13.3
 20.296 0634 Alaska-slab2-v3                                                                  212.7787   59.0096 13.9
 18.883 0635 Alaska-slab2-v3                                                                  212.6390   59.0637 14.5
 17.742 0636 Alaska-slab2-v3                                                                  212.4985   59.1175 14.9
 29.086 0665 Alaska-slab2-v3                                                                  213.2794   58.5822  8.7
 29.086 0666 Alaska-slab2-v3                                                                  213.1372   58.6314 10.3
 26.284 0667 Alaska-slab2-v3                                                                  212.9951   58.6814 11.6
 23.428 0668 Alaska-slab2-v3                                                                  212.8525   58.7318 12.6
 21.176 0669 Alaska-slab2-v3                                                                  212.7092   58.7822 13.5
 19.445 0670 Alaska-slab2-v3                                                                  212.5653   58.8324 14.1
 18.100 0671 Alaska-slab2-v3                                                                  212.4209   58.8826 14.6
 17.056 0672 Alaska-slab2-v3                                                                  212.2756   58.9323 15.0
 23.632 0700 Alaska-slab2-v3                                                                  213.0897   58.4261  9.1
 23.632 0701 Alaska-slab2-v3                                                                  212.9473   58.4744 10.8
 20.890 0702 Alaska-slab2-v3                                                                  212.8039   58.5229 12.1
 18.692 0703 Alaska-slab2-v3                                                                  212.6595   58.5714 13.1
 17.082 0704 Alaska-slab2-v3                                                                  212.5144   58.6199 13.9
 15.972 0705 Alaska-slab2-v3                                                                  212.3686   58.6683 14.4
 15.189 0706 Alaska-slab2-v3                                                                  212.2224   58.7166 14.7
 18.179 0735 Alaska-slab2-v3                                                                  212.8990   58.2742  9.5
 17.259 0736 Alaska-slab2-v3                                                                  212.7582   58.3227 11.3
 14.931 0737 Alaska-slab2-v3                                                                  212.6163   58.3719 12.7
 13.311 0738 Alaska-slab2-v3                                                                  212.4734   58.4212 13.7
 12.248 0739 Alaska-slab2-v3                                                                  212.3297   58.4705 14.3
 11.624 0740 Alaska-slab2-v3                                                                  212.1853   58.5196 14.7
 11.270 0741 Alaska-slab2-v3                                                                  212.0405   58.5687 14.9
 12.725 0770 Alaska-slab2-v3                                                                  212.7037   58.1232  9.6
 11.816 0771 Alaska-slab2-v3                                                                  212.5640   58.1721 11.5
 10.175 0772 Alaska-slab2-v3                                                                  212.4241   58.2223 12.9
  9.058 0773 Alaska-slab2-v3                                                                  212.2830   58.2726 13.8
  8.357 0774 Alaska-slab2-v3                                                                  212.1411   58.3229 14.4
  7.964 0775 Alaska-slab2-v3                                                                  211.9987   58.3731 14.7
  7.762 0776 Alaska-slab2-v3                                                                  211.8558   58.4231 14.9
  7.643 0777 Alaska-slab2-v3                                                                  211.7126   58.4732 15.0
  7.271 0804 Alaska-slab2-v3                                                                  212.5018   57.9757  9.3
  6.950 0805 Alaska-slab2-v3                                                                  212.3630   58.0250 11.1
  6.028 0806 Alaska-slab2-v3                                                                  212.2250   58.0764 12.5
  5.372 0807 Alaska-slab2-v3                                                                  212.0860   58.1278 13.4
  4.941 0808 Alaska-slab2-v3                                                                  211.9461   58.1791 14.1
  4.661 0809 Alaska-slab2-v3                                                                  211.8057   58.2304 14.5
  4.497 0810 Alaska-slab2-v3                                                                  211.6649   58.2816 14.7
  4.367 0811 Alaska-slab2-v3                                                                  211.5236   58.3327 14.9
  7.271 0838 Alaska-slab2-v3                                                                  212.2938   57.8339  8.9
  7.271 0839 Alaska-slab2-v3                                                                  212.1557   57.8839 10.5
  6.443 0840 Alaska-slab2-v3                                                                  212.0188   57.9358 11.8
  5.776 0841 Alaska-slab2-v3                                                                  211.8814   57.9880 12.8
  5.288 0842 Alaska-slab2-v3                                                                  211.7432   58.0402 13.5
  4.930 0843 Alaska-slab2-v3                                                                  211.6045   58.0922 14.0
  4.669 0844 Alaska-slab2-v3                                                                  211.4652   58.1442 14.4
  4.442 0845 Alaska-slab2-v3                                                                  211.3256   58.1960 14.7
  7.271 0872 Alaska-slab2-v3                                                                  212.0783   57.6978  8.4
  7.271 0873 Alaska-slab2-v3                                                                  211.9416   57.7490  9.9
  7.138 0874 Alaska-slab2-v3                                                                  211.8053   57.8010 11.1
  6.491 0875 Alaska-slab2-v3                                                                  211.6687   57.8535 12.1
  5.977 0876 Alaska-slab2-v3                                                                  211.5314   57.9059 12.8
  5.564 0877 Alaska-slab2-v3                                                                  211.3937   57.9582 13.5
  5.210 0878 Alaska-slab2-v3                                                                  211.2554   58.0104 14.0
  4.903 0879 Alaska-slab2-v3                                                                  211.1167   58.0625 14.4
  4.590 0880 Alaska-slab2-v3                                                                  210.9789   58.1152 14.9
