  5.811 0231 Alaska-slab2-v3                                                                  216.3398   60.3457  8.9
  3.910 0232 Alaska-slab2-v3                                                                  216.2532   60.4228 10.7
  2.542 0233 Alaska-slab2-v3                                                                  216.1527   60.4968 11.9
  1.575 0234 Alaska-slab2-v3                                                                  216.0465   60.5698 12.8
  0.804 0235 Alaska-slab2-v3                                                                  215.9396   60.6428 13.6
  4.403 0255 Alaska-slab2-v3                                                                  216.0024   60.2336 10.4
  2.484 0256 Alaska-slab2-v3                                                                  215.9029   60.3067 12.2
  1.269 0257 Alaska-slab2-v3                                                                  215.7964   60.3790 13.4
  0.522 0258 Alaska-slab2-v3                                                                  215.6890   60.4516 14.1
  6.674 0281 Alaska-slab2-v3                                                                  215.7667   60.0238  8.5
  4.126 0282 Alaska-slab2-v3                                                                  215.6685   60.0957 10.9
  2.350 0283 Alaska-slab2-v3                                                                  215.5633   60.1673 12.6
  1.212 0284 Alaska-slab2-v3                                                                  215.4567   60.2395 13.7
  0.501 0285 Alaska-slab2-v3                                                                  215.3492   60.3119 14.4
  6.802 0311 Alaska-slab2-v3                                                                  215.4642   59.8739  8.3
  4.623 0312 Alaska-slab2-v3                                                                  215.3509   59.9410 10.4
  3.001 0313 Alaska-slab2-v3                                                                  215.2419   60.0111 11.9
  1.759 0314 Alaska-slab2-v3                                                                  215.1347   60.0828 13.1
  0.790 0315 Alaska-slab2-v3                                                                  215.0267   60.1546 14.0
  5.800 0344 Alaska-slab2-v3                                                                  215.1063   59.7707  9.3
  3.922 0345 Alaska-slab2-v3                                                                  214.9901   59.8370 11.1
  2.472 0346 Alaska-slab2-v3                                                                  214.8804   59.9071 12.5
  1.408 0347 Alaska-slab2-v3                                                                  214.7697   59.9775 13.5
  0.615 0348 Alaska-slab2-v3                                                                  214.6583   60.0480 14.3
  5.632 0386 Alaska-slab2-v3                                                                  214.8431   59.6356  9.5
  3.696 0387 Alaska-slab2-v3                                                                  214.7243   59.7004 11.4
  2.290 0388 Alaska-slab2-v3                                                                  214.6103   59.7687 12.7
  1.322 0389 Alaska-slab2-v3                                                                  214.4953   59.8373 13.6
  0.687 0390 Alaska-slab2-v3                                                                  214.3795   59.9059 14.2
  0.281 0391 Alaska-slab2-v3                                                                  214.2631   59.9745 14.6
  5.554 0428 Alaska-slab2-v3                                                                  214.5858   59.4974  9.6
  3.582 0429 Alaska-slab2-v3                                                                  214.4641   59.5605 11.5
  2.159 0430 Alaska-slab2-v3                                                                  214.3463   59.6269 12.9
  1.194 0431 Alaska-slab2-v3                                                                  214.2275   59.6935 13.8
  0.602 0432 Alaska-slab2-v3                                                                  214.1078   59.7602 14.4
  0.270 0433 Alaska-slab2-v3                                                                  213.9875   59.8269 14.7
  0.114 0434 Alaska-slab2-v3                                                                  213.8667   59.8935 14.8
  5.610 0469 Alaska-slab2-v3                                                                  214.3377   59.3548  9.5
  3.667 0470 Alaska-slab2-v3                                                                  214.2120   59.4156 11.4
  2.244 0471 Alaska-slab2-v3                                                                  214.0899   59.4797 12.8
  1.267 0472 Alaska-slab2-v3                                                                  213.9667   59.5441 13.7
  0.665 0473 Alaska-slab2-v3                                                                  213.8427   59.6084 14.3
  0.332 0474 Alaska-slab2-v3                                                                  213.7181   59.6728 14.6
  0.177 0475 Alaska-slab2-v3                                                                  213.5930   59.7370 14.8
  0.094 0476 Alaska-slab2-v3                                                                  213.4673   59.8012 14.9
  5.841 0510 Alaska-slab2-v3                                                                  214.1024   59.2073  9.3
  3.985 0511 Alaska-slab2-v3                                                                  213.9719   59.2655 11.1
  2.597 0512 Alaska-slab2-v3                                                                  213.8453   59.3270 12.4
  1.606 0513 Alaska-slab2-v3                                                                  213.7176   59.3887 13.3
  0.960 0514 Alaska-slab2-v3                                                                  213.5892   59.4504 14.0
  0.553 0515 Alaska-slab2-v3                                                                  213.4601   59.5121 14.4
  0.313 0516 Alaska-slab2-v3                                                                  213.3304   59.5737 14.6
  0.167 0517 Alaska-slab2-v3                                                                  213.2003   59.6352 14.7
 10.898 0551 Alaska-slab2-v3                                                                  213.8813   59.0556  8.9
  7.896 0552 Alaska-slab2-v3                                                                  213.7467   59.1112 10.6
  5.531 0553 Alaska-slab2-v3                                                                  213.6158   59.1701 11.9
  3.766 0554 Alaska-slab2-v3                                                                  213.4846   59.2294 12.9
  2.474 0555 Alaska-slab2-v3                                                                  213.3527   59.2888 13.6
  1.583 0556 Alaska-slab2-v3                                                                  213.2201   59.3481 14.1
  0.946 0557 Alaska-slab2-v3                                                                  213.0869   59.4073 14.4
  0.455 0558 Alaska-slab2-v3                                                                  212.9532   59.4664 14.7
 16.010 0591 Alaska-slab2-v3                                                                  213.6725   58.9003  8.7
 11.909 0592 Alaska-slab2-v3                                                                  213.5347   58.9537 10.2
  8.544 0593 Alaska-slab2-v3                                                                  213.4001   59.0099 11.5
  5.889 0594 Alaska-slab2-v3                                                                  213.2660   59.0671 12.5
  3.812 0595 Alaska-slab2-v3                                                                  213.1312   59.1243 13.3
  2.208 0596 Alaska-slab2-v3                                                                  212.9957   59.1814 13.9
  0.999 0597 Alaska-slab2-v3                                                                  212.8597   59.2385 14.4
 21.290 0629 Alaska-slab2-v3                                                                  213.4727   58.7421  8.6
 16.103 0630 Alaska-slab2-v3                                                                  213.3324   58.7934 10.1
 11.763 0631 Alaska-slab2-v3                                                                  213.1942   58.8468 11.4
  8.238 0632 Alaska-slab2-v3                                                                  213.0564   58.9011 12.4
  5.424 0633 Alaska-slab2-v3                                                                  212.9178   58.9554 13.3
  3.187 0634 Alaska-slab2-v3                                                                  212.7787   59.0096 13.9
  1.424 0635 Alaska-slab2-v3                                                                  212.6390   59.0637 14.5
 25.962 0665 Alaska-slab2-v3                                                                  213.2794   58.5822  8.7
 19.368 0666 Alaska-slab2-v3                                                                  213.1372   58.6314 10.3
 13.935 0667 Alaska-slab2-v3                                                                  212.9951   58.6814 11.6
  9.622 0668 Alaska-slab2-v3                                                                  212.8525   58.7318 12.6
  6.221 0669 Alaska-slab2-v3                                                                  212.7092   58.7822 13.5
  3.608 0670 Alaska-slab2-v3                                                                  212.5653   58.8324 14.1
  1.576 0671 Alaska-slab2-v3                                                                  212.4209   58.8826 14.6
 23.924 0700 Alaska-slab2-v3                                                                  213.0897   58.4261  9.1
 16.722 0701 Alaska-slab2-v3                                                                  212.9473   58.4744 10.8
 11.035 0702 Alaska-slab2-v3                                                                  212.8039   58.5229 12.1
  6.781 0703 Alaska-slab2-v3                                                                  212.6595   58.5714 13.1
  3.664 0704 Alaska-slab2-v3                                                                  212.5144   58.6199 13.9
  1.516 0705 Alaska-slab2-v3                                                                  212.3686   58.6683 14.4
 22.546 0735 Alaska-slab2-v3                                                                  212.8990   58.2742  9.5
 14.822 0736 Alaska-slab2-v3                                                                  212.7582   58.3227 11.3
  9.060 0737 Alaska-slab2-v3                                                                  212.6163   58.3719 12.7
  5.052 0738 Alaska-slab2-v3                                                                  212.4734   58.4212 13.7
  2.422 0739 Alaska-slab2-v3                                                                  212.3297   58.4705 14.3
  0.877 0740 Alaska-slab2-v3                                                                  212.1853   58.5196 14.7
 22.380 0770 Alaska-slab2-v3                                                                  212.7037   58.1232  9.6
 14.547 0771 Alaska-slab2-v3                                                                  212.5640   58.1721 11.5
  8.828 0772 Alaska-slab2-v3                                                                  212.4241   58.2223 12.9
  4.932 0773 Alaska-slab2-v3                                                                  212.2830   58.2726 13.8
  2.487 0774 Alaska-slab2-v3                                                                  212.1411   58.3229 14.4
  1.119 0775 Alaska-slab2-v3                                                                  211.9987   58.3731 14.7
  0.414 0776 Alaska-slab2-v3                                                                  211.8558   58.4231 14.9
 23.225 0804 Alaska-slab2-v3                                                                  212.5018   57.9757  9.3
 15.761 0805 Alaska-slab2-v3                                                                  212.3630   58.0250 11.1
 10.132 0806 Alaska-slab2-v3                                                                  212.2250   58.0764 12.5
  6.129 0807 Alaska-slab2-v3                                                                  212.0860   58.1278 13.4
  3.502 0808 Alaska-slab2-v3                                                                  211.9461   58.1791 14.1
  1.793 0809 Alaska-slab2-v3                                                                  211.8057   58.2304 14.5
  0.792 0810 Alaska-slab2-v3                                                                  211.6649   58.2816 14.7
 24.555 0838 Alaska-slab2-v3                                                                  212.2938   57.8339  8.9
 17.708 0839 Alaska-slab2-v3                                                                  212.1557   57.8839 10.5
 12.299 0840 Alaska-slab2-v3                                                                  212.0188   57.9358 11.8
  8.199 0841 Alaska-slab2-v3                                                                  211.8814   57.9880 12.8
  5.198 0842 Alaska-slab2-v3                                                                  211.7432   58.0402 13.5
  3.001 0843 Alaska-slab2-v3                                                                  211.6045   58.0922 14.0
  1.395 0844 Alaska-slab2-v3                                                                  211.4652   58.1442 14.4
 26.923 0872 Alaska-slab2-v3                                                                  212.0783   57.6978  8.4
 20.931 0873 Alaska-slab2-v3                                                                  211.9416   57.7490  9.9
 15.896 0874 Alaska-slab2-v3                                                                  211.8053   57.8010 11.1
 11.859 0875 Alaska-slab2-v3                                                                  211.6687   57.8535 12.1
  8.655 0876 Alaska-slab2-v3                                                                  211.5314   57.9059 12.8
  6.075 0877 Alaska-slab2-v3                                                                  211.3937   57.9582 13.5
  3.870 0878 Alaska-slab2-v3                                                                  211.2554   58.0104 14.0
  1.956 0879 Alaska-slab2-v3                                                                  211.1167   58.0625 14.4
