 12.072 0010 Alaska-slab2-v3                                                                  220.6551   61.0581  8.4
 10.199 0011 Alaska-slab2-v3                                                                  220.6343   61.1471  9.3
  8.041 0012 Alaska-slab2-v3                                                                  220.6074   61.2353 10.4
  5.578 0013 Alaska-slab2-v3                                                                  220.5693   61.3225 11.6
  2.870 0014 Alaska-slab2-v3                                                                  220.5225   61.4090 12.9
 24.529 0034 Alaska-slab2-v3                                                                  220.2091   61.0718  8.6
 20.454 0035 Alaska-slab2-v3                                                                  220.1755   61.1598  9.7
 15.948 0036 Alaska-slab2-v3                                                                  220.1353   61.2470 10.8
 10.932 0037 Alaska-slab2-v3                                                                  220.0881   61.3334 12.1
  5.603 0038 Alaska-slab2-v3                                                                  220.0377   61.4193 13.5
 36.906 0057 Alaska-slab2-v3                                                                  219.7710   61.0555  8.5
 30.676 0058 Alaska-slab2-v3                                                                  219.7270   61.1425  9.6
 23.734 0059 Alaska-slab2-v3                                                                  219.6794   61.2289 10.8
 16.198 0060 Alaska-slab2-v3                                                                  219.6278   61.3148 12.0
  8.247 0061 Alaska-slab2-v3                                                                  219.5751   61.4004 13.4
 48.758 0079 Alaska-slab2-v3                                                                  219.3506   61.0087  8.2
 40.757 0080 Alaska-slab2-v3                                                                  219.2976   61.0947  9.1
 31.839 0081 Alaska-slab2-v3                                                                  219.2445   61.1805 10.2
 21.920 0082 Alaska-slab2-v3                                                                  219.1907   61.2661 11.4
 11.168 0083 Alaska-slab2-v3                                                                  219.1363   61.3516 12.7
 58.752 0101 Alaska-slab2-v3                                                                  218.8900   61.0211  8.6
 49.674 0102 Alaska-slab2-v3                                                                  218.8295   61.1059  9.4
 39.168 0103 Alaska-slab2-v3                                                                  218.7707   61.1909 10.5
 27.132 0104 Alaska-slab2-v3                                                                  218.7137   61.2761 11.6
 13.974 0105 Alaska-slab2-v3                                                                  218.6566   61.3611 12.9
 66.056 0121 Alaska-slab2-v3                                                                  218.5043   60.9250  8.0
 58.484 0122 Alaska-slab2-v3                                                                  218.4369   61.0086  8.8
 50.314 0123 Alaska-slab2-v3                                                                  218.3694   61.0923  9.6
 40.750 0124 Alaska-slab2-v3                                                                  218.3052   61.1764 10.6
 29.192 0125 Alaska-slab2-v3                                                                  218.2444   61.2609 11.7
 15.543 0126 Alaska-slab2-v3                                                                  218.1834   61.3453 13.1
 58.320 0140 Alaska-slab2-v3                                                                  218.0664   60.8965  8.1
 50.774 0141 Alaska-slab2-v3                                                                  217.9921   60.9788  8.8
 42.258 0142 Alaska-slab2-v3                                                                  217.9176   61.0610  9.6
 31.478 0143 Alaska-slab2-v3                                                                  217.8476   61.1440 10.6
 17.679 0144 Alaska-slab2-v3                                                                  217.7819   61.2275 11.9
 64.972 0158 Alaska-slab2-v3                                                                  217.6334   60.8554  8.1
 58.264 0159 Alaska-slab2-v3                                                                  217.5520   60.9361  8.8
 49.355 0160 Alaska-slab2-v3                                                                  217.4711   61.0168  9.6
 37.141 0161 Alaska-slab2-v3                                                                  217.3959   61.0984 10.9
 20.723 0162 Alaska-slab2-v3                                                                  217.3259   61.1805 12.5
 53.443 0176 Alaska-slab2-v3                                                                  217.2052   60.8027  8.5
 45.171 0177 Alaska-slab2-v3                                                                  217.1176   60.8817  9.3
 34.395 0178 Alaska-slab2-v3                                                                  217.0329   60.9613 10.2
 19.701 0179 Alaska-slab2-v3                                                                  216.9532   61.0417 11.6
 56.649 0193 Alaska-slab2-v3                                                                  216.8900   60.6628  8.8
 47.769 0194 Alaska-slab2-v3                                                                  216.7993   60.7407  9.6
 39.297 0195 Alaska-slab2-v3                                                                  216.7064   60.8182 10.4
 29.498 0196 Alaska-slab2-v3                                                                  216.6152   60.8960 11.4
 16.944 0197 Alaska-slab2-v3                                                                  216.5257   60.9741 12.6
 52.107 0211 Alaska-slab2-v3                                                                  216.6061   60.5129  9.0
 39.551 0212 Alaska-slab2-v3                                                                  216.5155   60.5902 10.2
 29.506 0213 Alaska-slab2-v3                                                                  216.4176   60.6658 11.1
 20.717 0214 Alaska-slab2-v3                                                                  216.3169   60.7408 12.0
 11.509 0215 Alaska-slab2-v3                                                                  216.2154   60.8156 12.9
 54.646 0231 Alaska-slab2-v3                                                                  216.3398   60.3457  8.9
 36.771 0232 Alaska-slab2-v3                                                                  216.2532   60.4228 10.7
 23.901 0233 Alaska-slab2-v3                                                                  216.1527   60.4968 11.9
 14.811 0234 Alaska-slab2-v3                                                                  216.0465   60.5698 12.8
  7.559 0235 Alaska-slab2-v3                                                                  215.9396   60.6428 13.6
 41.403 0255 Alaska-slab2-v3                                                                  216.0024   60.2336 10.4
 23.358 0256 Alaska-slab2-v3                                                                  215.9029   60.3067 12.2
 11.930 0257 Alaska-slab2-v3                                                                  215.7964   60.3790 13.4
  4.912 0258 Alaska-slab2-v3                                                                  215.6890   60.4516 14.1
 62.765 0281 Alaska-slab2-v3                                                                  215.7667   60.0238  8.5
 38.799 0282 Alaska-slab2-v3                                                                  215.6685   60.0957 10.9
 22.100 0283 Alaska-slab2-v3                                                                  215.5633   60.1673 12.6
 11.394 0284 Alaska-slab2-v3                                                                  215.4567   60.2395 13.7
  4.715 0285 Alaska-slab2-v3                                                                  215.3492   60.3119 14.4
 63.970 0311 Alaska-slab2-v3                                                                  215.4642   59.8739  8.3
 43.472 0312 Alaska-slab2-v3                                                                  215.3509   59.9410 10.4
 28.222 0313 Alaska-slab2-v3                                                                  215.2419   60.0111 11.9
 16.537 0314 Alaska-slab2-v3                                                                  215.1347   60.0828 13.1
  7.427 0315 Alaska-slab2-v3                                                                  215.0267   60.1546 14.0
 54.539 0344 Alaska-slab2-v3                                                                  215.1063   59.7707  9.3
 36.883 0345 Alaska-slab2-v3                                                                  214.9901   59.8370 11.1
 23.248 0346 Alaska-slab2-v3                                                                  214.8804   59.9071 12.5
 13.242 0347 Alaska-slab2-v3                                                                  214.7697   59.9775 13.5
  5.787 0348 Alaska-slab2-v3                                                                  214.6583   60.0480 14.3
 52.961 0386 Alaska-slab2-v3                                                                  214.8431   59.6356  9.5
 34.753 0387 Alaska-slab2-v3                                                                  214.7243   59.7004 11.4
 21.537 0388 Alaska-slab2-v3                                                                  214.6103   59.7687 12.7
 12.433 0389 Alaska-slab2-v3                                                                  214.4953   59.8373 13.6
  6.461 0390 Alaska-slab2-v3                                                                  214.3795   59.9059 14.2
  2.643 0391 Alaska-slab2-v3                                                                  214.2631   59.9745 14.6
 52.234 0428 Alaska-slab2-v3                                                                  214.5858   59.4974  9.6
 33.683 0429 Alaska-slab2-v3                                                                  214.4641   59.5605 11.5
 20.308 0430 Alaska-slab2-v3                                                                  214.3463   59.6269 12.9
 11.228 0431 Alaska-slab2-v3                                                                  214.2275   59.6935 13.8
  5.663 0432 Alaska-slab2-v3                                                                  214.1078   59.7602 14.4
  2.538 0433 Alaska-slab2-v3                                                                  213.9875   59.8269 14.7
  1.074 0434 Alaska-slab2-v3                                                                  213.8667   59.8935 14.8
 52.757 0469 Alaska-slab2-v3                                                                  214.3377   59.3548  9.5
 34.488 0470 Alaska-slab2-v3                                                                  214.2120   59.4156 11.4
 21.103 0471 Alaska-slab2-v3                                                                  214.0899   59.4797 12.8
 11.919 0472 Alaska-slab2-v3                                                                  213.9667   59.5441 13.7
  6.253 0473 Alaska-slab2-v3                                                                  213.8427   59.6084 14.3
  3.126 0474 Alaska-slab2-v3                                                                  213.7181   59.6728 14.6
  1.661 0475 Alaska-slab2-v3                                                                  213.5930   59.7370 14.8
  0.879 0476 Alaska-slab2-v3                                                                  213.4673   59.8012 14.9
 54.932 0510 Alaska-slab2-v3                                                                  214.1024   59.2073  9.3
 37.471 0511 Alaska-slab2-v3                                                                  213.9719   59.2655 11.1
 24.425 0512 Alaska-slab2-v3                                                                  213.8453   59.3270 12.4
 15.106 0513 Alaska-slab2-v3                                                                  213.7176   59.3887 13.3
  9.024 0514 Alaska-slab2-v3                                                                  213.5892   59.4504 14.0
  5.199 0515 Alaska-slab2-v3                                                                  213.4601   59.5121 14.4
  2.943 0516 Alaska-slab2-v3                                                                  213.3304   59.5737 14.6
  1.569 0517 Alaska-slab2-v3                                                                  213.2003   59.6352 14.7
 58.561 0551 Alaska-slab2-v3                                                                  213.8813   59.0556  8.9
 42.430 0552 Alaska-slab2-v3                                                                  213.7467   59.1112 10.6
 29.720 0553 Alaska-slab2-v3                                                                  213.6158   59.1701 11.9
 20.237 0554 Alaska-slab2-v3                                                                  213.4846   59.2294 12.9
 13.296 0555 Alaska-slab2-v3                                                                  213.3527   59.2888 13.6
  8.505 0556 Alaska-slab2-v3                                                                  213.2201   59.3481 14.1
  5.084 0557 Alaska-slab2-v3                                                                  213.0869   59.4073 14.4
  2.444 0558 Alaska-slab2-v3                                                                  212.9532   59.4664 14.7
 60.224 0591 Alaska-slab2-v3                                                                  213.6725   58.9003  8.7
 44.797 0592 Alaska-slab2-v3                                                                  213.5347   58.9537 10.2
 32.139 0593 Alaska-slab2-v3                                                                  213.4001   59.0099 11.5
 22.151 0594 Alaska-slab2-v3                                                                  213.2660   59.0671 12.5
 14.339 0595 Alaska-slab2-v3                                                                  213.1312   59.1243 13.3
  8.307 0596 Alaska-slab2-v3                                                                  212.9957   59.1814 13.9
  3.758 0597 Alaska-slab2-v3                                                                  212.8597   59.2385 14.4
 50.052 0629 Alaska-slab2-v3                                                                  213.4727   58.7421  8.6
 37.858 0630 Alaska-slab2-v3                                                                  213.3324   58.7934 10.1
 27.656 0631 Alaska-slab2-v3                                                                  213.1942   58.8468 11.4
 19.367 0632 Alaska-slab2-v3                                                                  213.0564   58.9011 12.4
 12.752 0633 Alaska-slab2-v3                                                                  212.9178   58.9554 13.3
  7.492 0634 Alaska-slab2-v3                                                                  212.7787   59.0096 13.9
  3.347 0635 Alaska-slab2-v3                                                                  212.6390   59.0637 14.5
 38.148 0665 Alaska-slab2-v3                                                                  213.2794   58.5822  8.7
 28.459 0666 Alaska-slab2-v3                                                                  213.1372   58.6314 10.3
 20.476 0667 Alaska-slab2-v3                                                                  212.9951   58.6814 11.6
 14.138 0668 Alaska-slab2-v3                                                                  212.8525   58.7318 12.6
  9.141 0669 Alaska-slab2-v3                                                                  212.7092   58.7822 13.5
  5.302 0670 Alaska-slab2-v3                                                                  212.5653   58.8324 14.1
  2.316 0671 Alaska-slab2-v3                                                                  212.4209   58.8826 14.6
 24.607 0700 Alaska-slab2-v3                                                                  213.0897   58.4261  9.1
 17.199 0701 Alaska-slab2-v3                                                                  212.9473   58.4744 10.8
 11.351 0702 Alaska-slab2-v3                                                                  212.8039   58.5229 12.1
  6.975 0703 Alaska-slab2-v3                                                                  212.6595   58.5714 13.1
  3.769 0704 Alaska-slab2-v3                                                                  212.5144   58.6199 13.9
  1.560 0705 Alaska-slab2-v3                                                                  212.3686   58.6683 14.4
 13.251 0735 Alaska-slab2-v3                                                                  212.8990   58.2742  9.5
  8.712 0736 Alaska-slab2-v3                                                                  212.7582   58.3227 11.3
  5.325 0737 Alaska-slab2-v3                                                                  212.6163   58.3719 12.7
  2.969 0738 Alaska-slab2-v3                                                                  212.4734   58.4212 13.7
  1.423 0739 Alaska-slab2-v3                                                                  212.3297   58.4705 14.3
  0.515 0740 Alaska-slab2-v3                                                                  212.1853   58.5196 14.7
 13.154 0770 Alaska-slab2-v3                                                                  212.7037   58.1232  9.6
  8.550 0771 Alaska-slab2-v3                                                                  212.5640   58.1721 11.5
  5.189 0772 Alaska-slab2-v3                                                                  212.4241   58.2223 12.9
  2.899 0773 Alaska-slab2-v3                                                                  212.2830   58.2726 13.8
  1.462 0774 Alaska-slab2-v3                                                                  212.1411   58.3229 14.4
  0.658 0775 Alaska-slab2-v3                                                                  211.9987   58.3731 14.7
  0.244 0776 Alaska-slab2-v3                                                                  211.8558   58.4231 14.9
 13.650 0804 Alaska-slab2-v3                                                                  212.5018   57.9757  9.3
  9.264 0805 Alaska-slab2-v3                                                                  212.3630   58.0250 11.1
  5.955 0806 Alaska-slab2-v3                                                                  212.2250   58.0764 12.5
  3.602 0807 Alaska-slab2-v3                                                                  212.0860   58.1278 13.4
  2.059 0808 Alaska-slab2-v3                                                                  211.9461   58.1791 14.1
  1.054 0809 Alaska-slab2-v3                                                                  211.8057   58.2304 14.5
  0.466 0810 Alaska-slab2-v3                                                                  211.6649   58.2816 14.7
 14.432 0838 Alaska-slab2-v3                                                                  212.2938   57.8339  8.9
 10.408 0839 Alaska-slab2-v3                                                                  212.1557   57.8839 10.5
  7.229 0840 Alaska-slab2-v3                                                                  212.0188   57.9358 11.8
  4.819 0841 Alaska-slab2-v3                                                                  211.8814   57.9880 12.8
  3.055 0842 Alaska-slab2-v3                                                                  211.7432   58.0402 13.5
  1.764 0843 Alaska-slab2-v3                                                                  211.6045   58.0922 14.0
  0.820 0844 Alaska-slab2-v3                                                                  211.4652   58.1442 14.4
 15.824 0872 Alaska-slab2-v3                                                                  212.0783   57.6978  8.4
 12.302 0873 Alaska-slab2-v3                                                                  211.9416   57.7490  9.9
  9.343 0874 Alaska-slab2-v3                                                                  211.8053   57.8010 11.1
  6.970 0875 Alaska-slab2-v3                                                                  211.6687   57.8535 12.1
  5.087 0876 Alaska-slab2-v3                                                                  211.5314   57.9059 12.8
  3.571 0877 Alaska-slab2-v3                                                                  211.3937   57.9582 13.5
  2.275 0878 Alaska-slab2-v3                                                                  211.2554   58.0104 14.0
  1.149 0879 Alaska-slab2-v3                                                                  211.1167   58.0625 14.4
 16.604 0905 Alaska-slab2-v3                                                                  211.8526   57.5663  8.1
 13.421 0906 Alaska-slab2-v3                                                                  211.7178   57.6189  9.4
 10.629 0907 Alaska-slab2-v3                                                                  211.5824   57.6714 10.6
  8.229 0908 Alaska-slab2-v3                                                                  211.4462   57.7238 11.5
  6.196 0909 Alaska-slab2-v3                                                                  211.3094   57.7761 12.4
  4.457 0910 Alaska-slab2-v3                                                                  211.1721   57.8283 13.1
  2.890 0911 Alaska-slab2-v3                                                                  211.0343   57.8803 13.7
  1.420 0912 Alaska-slab2-v3                                                                  210.8961   57.9322 14.3
 13.290 0939 Alaska-slab2-v3                                                                  211.4814   57.4929  9.1
 10.469 0940 Alaska-slab2-v3                                                                  211.3469   57.5459 10.2
  7.954 0941 Alaska-slab2-v3                                                                  211.2112   57.5983 11.2
  5.692 0942 Alaska-slab2-v3                                                                  211.0747   57.6504 12.1
  3.659 0943 Alaska-slab2-v3                                                                  210.9378   57.7023 12.9
  1.779 0944 Alaska-slab2-v3                                                                  210.8003   57.7542 13.7
 13.750 0972 Alaska-slab2-v3                                                                  211.2308   57.3710  9.0
 10.955 0973 Alaska-slab2-v3                                                                  211.0969   57.4240 10.1
  8.411 0974 Alaska-slab2-v3                                                                  210.9619   57.4765 11.1
  6.069 0975 Alaska-slab2-v3                                                                  210.8263   57.5288 12.1
  3.903 0976 Alaska-slab2-v3                                                                  210.6901   57.5810 12.9
  1.889 0977 Alaska-slab2-v3                                                                  210.5535   57.6331 13.7
 13.375 1004 Alaska-slab2-v3                                                                  210.9669   57.2526  9.2
 10.548 1005 Alaska-slab2-v3                                                                  210.8334   57.3056 10.3
  8.025 1006 Alaska-slab2-v3                                                                  210.7011   57.3598 11.3
  5.779 1007 Alaska-slab2-v3                                                                  210.5684   57.4139 12.2
  3.710 1008 Alaska-slab2-v3                                                                  210.4353   57.4680 13.0
  1.817 1009 Alaska-slab2-v3                                                                  210.3017   57.5220 13.7
 16.322 1035 Alaska-slab2-v3                                                                  210.8281   57.0879  8.2
 13.092 1036 Alaska-slab2-v3                                                                  210.6921   57.1379  9.5
 10.306 1037 Alaska-slab2-v3                                                                  210.5617   57.1925 10.6
  7.988 1038 Alaska-slab2-v3                                                                  210.4359   57.2507 11.6
  6.065 1039 Alaska-slab2-v3                                                                  210.3097   57.3090 12.3
  4.413 1040 Alaska-slab2-v3                                                                  210.1830   57.3673 13.0
  2.909 1041 Alaska-slab2-v3                                                                  210.0559   57.4255 13.6
  1.479 1042 Alaska-slab2-v3                                                                  209.9283   57.4835 14.2
 16.036 1066 Alaska-slab2-v3                                                                  210.5480   56.9808  8.4
 12.643 1067 Alaska-slab2-v3                                                                  210.4119   57.0299  9.8
  9.885 1068 Alaska-slab2-v3                                                                  210.2868   57.0872 10.9
  7.786 1069 Alaska-slab2-v3                                                                  210.1685   57.1498 11.8
  6.151 1070 Alaska-slab2-v3                                                                  210.0496   57.2125 12.4
  4.882 1071 Alaska-slab2-v3                                                                  209.9302   57.2750 12.9
  3.783 1072 Alaska-slab2-v3                                                                  209.8103   57.3375 13.4
  2.709 1073 Alaska-slab2-v3                                                                  209.6901   57.3999 13.8
  1.489 1074 Alaska-slab2-v3                                                                  209.5694   57.4622 14.3
 15.646 1096 Alaska-slab2-v3                                                                  210.2708   56.8864  8.3
 12.306 1097 Alaska-slab2-v3                                                                  210.1362   56.9367  9.6
  9.593 1098 Alaska-slab2-v3                                                                  210.0128   56.9950 10.7
  7.584 1099 Alaska-slab2-v3                                                                  209.8978   57.0594 11.5
  6.078 1100 Alaska-slab2-v3                                                                  209.7823   57.1238 12.1
  4.897 1101 Alaska-slab2-v3                                                                  209.6663   57.1881 12.6
  3.893 1102 Alaska-slab2-v3                                                                  209.5498   57.2524 13.0
  2.863 1103 Alaska-slab2-v3                                                                  209.4329   57.3166 13.4
  1.632 1104 Alaska-slab2-v3                                                                  209.3157   57.3806 13.9
 13.546 1126 Alaska-slab2-v3                                                                  209.8744   56.8602  9.1
 11.058 1127 Alaska-slab2-v3                                                                  209.7519   56.9196 10.1
  9.097 1128 Alaska-slab2-v3                                                                  209.6341   56.9823 10.9
  7.564 1129 Alaska-slab2-v3                                                                  209.5161   57.0452 11.5
  6.258 1130 Alaska-slab2-v3                                                                  209.3976   57.1080 12.0
  5.051 1131 Alaska-slab2-v3                                                                  209.2787   57.1707 12.5
  3.719 1132 Alaska-slab2-v3                                                                  209.1594   57.2333 13.0
  2.086 1133 Alaska-slab2-v3                                                                  209.0398   57.2957 13.7
 14.071 1155 Alaska-slab2-v3                                                                  209.6138   56.7850  8.6
 11.678 1156 Alaska-slab2-v3                                                                  209.4968   56.8478  9.5
  9.571 1157 Alaska-slab2-v3                                                                  209.3777   56.9096 10.4
  7.751 1158 Alaska-slab2-v3                                                                  209.2553   56.9697 11.1
  6.008 1159 Alaska-slab2-v3                                                                  209.1314   57.0291 11.7
  4.265 1160 Alaska-slab2-v3                                                                  209.0072   57.0883 12.4
  2.315 1161 Alaska-slab2-v3                                                                  208.8826   57.1474 13.1
 16.033 1183 Alaska-slab2-v3                                                                  209.3362   56.6985  8.4
 13.785 1184 Alaska-slab2-v3                                                                  209.2227   56.7631  9.3
 11.634 1185 Alaska-slab2-v3                                                                  209.1047   56.8252 10.2
  9.508 1186 Alaska-slab2-v3                                                                  208.9805   56.8838 11.0
  7.381 1187 Alaska-slab2-v3                                                                  208.8540   56.9412 11.9
  5.133 1188 Alaska-slab2-v3                                                                  208.7273   56.9984 12.8
  2.713 1189 Alaska-slab2-v3                                                                  208.6002   57.0555 13.8
 15.245 1210 Alaska-slab2-v3                                                                  209.0493   56.6043  8.6
 12.713 1211 Alaska-slab2-v3                                                                  208.9339   56.6675  9.7
 10.229 1212 Alaska-slab2-v3                                                                  208.8140   56.7282 10.7
  7.770 1213 Alaska-slab2-v3                                                                  208.6901   56.7867 11.7
  5.262 1214 Alaska-slab2-v3                                                                  208.5650   56.8445 12.7
  2.705 1215 Alaska-slab2-v3                                                                  208.4395   56.9022 13.7
 16.265 1236 Alaska-slab2-v3                                                                  208.8802   56.4447  8.1
 12.977 1237 Alaska-slab2-v3                                                                  208.7647   56.5072  9.4
 10.013 1238 Alaska-slab2-v3                                                                  208.6463   56.5684 10.6
  7.323 1239 Alaska-slab2-v3                                                                  208.5248   56.6279 11.7
  4.832 1240 Alaska-slab2-v3                                                                  208.4020   56.6869 12.7
  2.416 1241 Alaska-slab2-v3                                                                  208.2787   56.7458 13.7
 13.974 1262 Alaska-slab2-v3                                                                  208.5983   56.3460  8.8
  9.919 1263 Alaska-slab2-v3                                                                  208.4812   56.4069 10.4
  6.681 1264 Alaska-slab2-v3                                                                  208.3622   56.4673 11.7
  4.105 1265 Alaska-slab2-v3                                                                  208.2418   56.5275 12.7
  1.963 1266 Alaska-slab2-v3                                                                  208.1208   56.5876 13.5
 12.885 1287 Alaska-slab2-v3                                                                  208.3171   56.2446  9.4
  8.456 1288 Alaska-slab2-v3                                                                  208.2000   56.3048 11.1
  5.285 1289 Alaska-slab2-v3                                                                  208.0836   56.3666 12.4
  3.045 1290 Alaska-slab2-v3                                                                  207.9663   56.4286 13.3
  1.409 1291 Alaska-slab2-v3                                                                  207.8484   56.4905 13.9
 13.132 1312 Alaska-slab2-v3                                                                  208.0398   56.1434  9.6
  8.714 1313 Alaska-slab2-v3                                                                  207.9244   56.2042 11.4
  5.638 1314 Alaska-slab2-v3                                                                  207.8116   56.2679 12.6
  3.637 1315 Alaska-slab2-v3                                                                  207.6980   56.3317 13.5
  2.270 1316 Alaska-slab2-v3                                                                  207.5837   56.3957 14.0
  1.196 1317 Alaska-slab2-v3                                                                  207.4690   56.4595 14.5
 13.115 1336 Alaska-slab2-v3                                                                  207.7667   56.0430  9.5
  8.735 1337 Alaska-slab2-v3                                                                  207.6526   56.1043 11.3
  5.659 1338 Alaska-slab2-v3                                                                  207.5425   56.1693 12.5
  3.617 1339 Alaska-slab2-v3                                                                  207.4315   56.2344 13.4
  2.239 1340 Alaska-slab2-v3                                                                  207.3199   56.2996 13.9
  1.181 1341 Alaska-slab2-v3                                                                  207.2079   56.3648 14.4
 13.579 1360 Alaska-slab2-v3                                                                  207.4972   55.9427  9.3
  9.332 1361 Alaska-slab2-v3                                                                  207.3835   56.0042 11.0
  6.271 1362 Alaska-slab2-v3                                                                  207.2747   56.0698 12.2
  4.123 1363 Alaska-slab2-v3                                                                  207.1652   56.1355 13.1
  2.617 1364 Alaska-slab2-v3                                                                  207.0551   56.2013 13.7
  1.358 1365 Alaska-slab2-v3                                                                  206.9445   56.2670 14.2
 14.204 1384 Alaska-slab2-v3                                                                  207.2316   55.8425  9.0
 10.164 1385 Alaska-slab2-v3                                                                  207.1181   55.9043 10.6
  7.115 1386 Alaska-slab2-v3                                                                  207.0097   55.9699 11.9
  4.859 1387 Alaska-slab2-v3                                                                  206.9012   56.0360 12.8
  3.123 1388 Alaska-slab2-v3                                                                  206.7921   56.1021 13.5
  1.587 1389 Alaska-slab2-v3                                                                  206.6826   56.1682 14.1
 14.727 1407 Alaska-slab2-v3                                                                  206.9698   55.7423  8.7
 10.907 1408 Alaska-slab2-v3                                                                  206.8571   55.8047 10.2
  7.891 1409 Alaska-slab2-v3                                                                  206.7489   55.8703 11.4
  5.504 1410 Alaska-slab2-v3                                                                  206.6420   55.9370 12.3
  3.569 1411 Alaska-slab2-v3                                                                  206.5345   56.0037 13.1
  1.809 1412 Alaska-slab2-v3                                                                  206.4266   56.0704 13.8
 16.172 1430 Alaska-slab2-v3                                                                  206.7109   55.6415  8.3
 12.830 1431 Alaska-slab2-v3                                                                  206.5997   55.7049  9.7
 10.001 1432 Alaska-slab2-v3                                                                  206.4925   55.7709 10.9
  7.683 1433 Alaska-slab2-v3                                                                  206.3880   55.8387 11.8
  5.708 1434 Alaska-slab2-v3                                                                  206.2831   55.9065 12.6
  3.903 1435 Alaska-slab2-v3                                                                  206.1777   55.9743 13.4
  2.049 1436 Alaska-slab2-v3                                                                  206.0720   56.0420 14.1
 16.288 1453 Alaska-slab2-v3                                                                  206.4544   55.5398  8.0
 13.207 1454 Alaska-slab2-v3                                                                  206.3461   55.6049  9.2
 10.455 1455 Alaska-slab2-v3                                                                  206.2403   55.6716 10.3
  8.106 1456 Alaska-slab2-v3                                                                  206.1377   55.7402 11.2
  6.010 1457 Alaska-slab2-v3                                                                  206.0354   55.8091 12.1
  4.066 1458 Alaska-slab2-v3                                                                  205.9326   55.8780 12.8
  2.096 1459 Alaska-slab2-v3                                                                  205.8296   55.9468 13.6
 15.008 1477 Alaska-slab2-v3                                                                  206.0955   55.5043  8.8
 12.580 1478 Alaska-slab2-v3                                                                  205.9916   55.5720  9.8
 10.349 1479 Alaska-slab2-v3                                                                  205.8897   55.6408 10.7
  8.289 1480 Alaska-slab2-v3                                                                  205.7890   55.7103 11.5
  6.327 1481 Alaska-slab2-v3                                                                  205.6879   55.7798 12.3
  4.365 1482 Alaska-slab2-v3                                                                  205.5864   55.8492 13.1
  2.281 1483 Alaska-slab2-v3                                                                  205.4847   55.9185 13.9
 15.469 1500 Alaska-slab2-v3                                                                  205.8458   55.4021  8.3
 13.223 1501 Alaska-slab2-v3                                                                  205.7450   55.4712  9.2
 11.028 1502 Alaska-slab2-v3                                                                  205.6444   55.5406 10.1
  8.933 1503 Alaska-slab2-v3                                                                  205.5441   55.6102 10.9
  6.864 1504 Alaska-slab2-v3                                                                  205.4433   55.6797 11.7
  4.719 1505 Alaska-slab2-v3                                                                  205.3421   55.7491 12.6
  2.473 1506 Alaska-slab2-v3                                                                  205.2407   55.8184 13.5
 13.807 1524 Alaska-slab2-v3                                                                  205.4988   55.3689  8.7
 11.757 1525 Alaska-slab2-v3                                                                  205.4008   55.4394  9.5
  9.655 1526 Alaska-slab2-v3                                                                  205.3016   55.5095 10.3
  7.501 1527 Alaska-slab2-v3                                                                  205.2007   55.5787 11.2
  5.191 1528 Alaska-slab2-v3                                                                  205.0989   55.6477 12.1
  2.725 1529 Alaska-slab2-v3                                                                  204.9969   55.7165 13.0
 14.425 1547 Alaska-slab2-v3                                                                  205.2584   55.2577  8.5
 12.423 1548 Alaska-slab2-v3                                                                  205.1624   55.3289  9.3
 10.292 1549 Alaska-slab2-v3                                                                  205.0641   55.3994 10.1
  8.005 1550 Alaska-slab2-v3                                                                  204.9633   55.4688 11.0
  5.536 1551 Alaska-slab2-v3                                                                  204.8619   55.5377 11.9
  2.885 1552 Alaska-slab2-v3                                                                  204.7602   55.6064 12.9
 14.916 1570 Alaska-slab2-v3                                                                  205.0209   55.1392  8.5
 12.883 1571 Alaska-slab2-v3                                                                  204.9251   55.2105  9.3
 10.622 1572 Alaska-slab2-v3                                                                  204.8280   55.2811 10.2
  8.182 1573 Alaska-slab2-v3                                                                  204.7290   55.3509 11.1
  5.565 1574 Alaska-slab2-v3                                                                  204.6291   55.4202 12.2
  2.821 1575 Alaska-slab2-v3                                                                  204.5289   55.4895 13.2
 15.080 1593 Alaska-slab2-v3                                                                  204.7814   55.0242  8.6
 12.961 1594 Alaska-slab2-v3                                                                  204.6865   55.0957  9.4
 10.618 1595 Alaska-slab2-v3                                                                  204.5900   55.1664 10.4
  8.101 1596 Alaska-slab2-v3                                                                  204.4918   55.2363 11.4
  5.434 1597 Alaska-slab2-v3                                                                  204.3930   55.3061 12.5
  2.717 1598 Alaska-slab2-v3                                                                  204.2939   55.3757 13.6
 16.845 1615 Alaska-slab2-v3                                                                  204.6288   54.8438  8.0
 14.758 1616 Alaska-slab2-v3                                                                  204.5354   54.9157  8.9
 12.548 1617 Alaska-slab2-v3                                                                  204.4412   54.9874  9.8
 10.191 1618 Alaska-slab2-v3                                                                  204.3449   55.0581 10.7
  7.711 1619 Alaska-slab2-v3                                                                  204.2470   55.1280 11.7
  5.132 1620 Alaska-slab2-v3                                                                  204.1487   55.1978 12.8
  2.554 1621 Alaska-slab2-v3                                                                  204.0501   55.2676 13.8
 14.918 1638 Alaska-slab2-v3                                                                  204.3707   54.7446  8.3
 12.501 1639 Alaska-slab2-v3                                                                  204.2784   54.8168  9.2
 10.058 1640 Alaska-slab2-v3                                                                  204.1843   54.8883 10.2
  7.589 1641 Alaska-slab2-v3                                                                  204.0877   54.9587 11.1
  5.068 1642 Alaska-slab2-v3                                                                  203.9900   55.0287 12.1
  2.547 1643 Alaska-slab2-v3                                                                  203.8920   55.0987 13.1
 14.335 1661 Alaska-slab2-v3                                                                  204.0996   54.6557  8.6
 11.770 1662 Alaska-slab2-v3                                                                  204.0074   54.7278  9.6
  9.308 1663 Alaska-slab2-v3                                                                  203.9128   54.7990 10.6
  6.924 1664 Alaska-slab2-v3                                                                  203.8162   54.8693 11.5
  4.616 1665 Alaska-slab2-v3                                                                  203.7191   54.9396 12.4
  2.308 1666 Alaska-slab2-v3                                                                  203.6216   55.0097 13.3
 13.990 1683 Alaska-slab2-v3                                                                  203.8178   54.5758  8.9
 11.313 1684 Alaska-slab2-v3                                                                  203.7246   54.6474 10.0
  8.864 1685 Alaska-slab2-v3                                                                  203.6297   54.7183 10.9
  6.616 1686 Alaska-slab2-v3                                                                  203.5336   54.7888 11.8
  4.419 1687 Alaska-slab2-v3                                                                  203.4371   54.8593 12.7
  2.248 1688 Alaska-slab2-v3                                                                  203.3403   54.9297 13.6
 14.021 1705 Alaska-slab2-v3                                                                  203.5301   54.5031  9.1
 11.346 1706 Alaska-slab2-v3                                                                  203.4363   54.5742 10.1
  8.918 1707 Alaska-slab2-v3                                                                  203.3410   54.6449 11.1
  6.713 1708 Alaska-slab2-v3                                                                  203.2450   54.7154 12.0
  4.558 1709 Alaska-slab2-v3                                                                  203.1487   54.7859 12.9
  2.353 1710 Alaska-slab2-v3                                                                  203.0520   54.8563 13.8
 12.657 1726 Alaska-slab2-v3                                                                  203.2397   54.4355  9.2
  9.798 1727 Alaska-slab2-v3                                                                  203.1452   54.5063 10.3
  7.251 1728 Alaska-slab2-v3                                                                  203.0494   54.5766 11.2
  4.860 1729 Alaska-slab2-v3                                                                  202.9530   54.6469 12.2
  2.521 1730 Alaska-slab2-v3                                                                  202.8563   54.7171 13.1
 16.156 1745 Alaska-slab2-v3                                                                  203.0409   54.3010  8.0
 12.991 1746 Alaska-slab2-v3                                                                  202.9467   54.3715  9.3
 10.154 1747 Alaska-slab2-v3                                                                  202.8513   54.4418 10.4
  7.622 1748 Alaska-slab2-v3                                                                  202.7548   54.5117 11.4
  5.242 1749 Alaska-slab2-v3                                                                  202.6578   54.5816 12.3
  2.760 1750 Alaska-slab2-v3                                                                  202.5605   54.6514 13.3
