 10.506 3349 Alaska-slab2-v3                                                                  170.7214   52.5414  6.8
  9.268 3350 Alaska-slab2-v3                                                                  170.8230   52.6053  8.5
  7.234 3351 Alaska-slab2-v3                                                                  170.9229   52.6706 10.0
 10.506 3363 Alaska-slab2-v3                                                                  170.4736   52.6431  6.8
 10.506 3364 Alaska-slab2-v3                                                                  170.5766   52.7064  8.4
  8.732 3365 Alaska-slab2-v3                                                                  170.6783   52.7708  9.8
 10.506 3377 Alaska-slab2-v3                                                                  170.2255   52.7452  6.8
 10.506 3378 Alaska-slab2-v3                                                                  170.3296   52.8082  8.3
  8.794 3379 Alaska-slab2-v3                                                                  170.4332   52.8718  9.7
 10.506 3392 Alaska-slab2-v3                                                                  169.9768   52.8474  6.7
 10.506 3393 Alaska-slab2-v3                                                                  170.0819   52.9101  8.1
  8.941 3394 Alaska-slab2-v3                                                                  170.1869   52.9731  9.5
 10.506 3407 Alaska-slab2-v3                                                                  169.7243   52.9548  6.7
 10.506 3408 Alaska-slab2-v3                                                                  169.8281   53.0187  8.0
  9.220 3409 Alaska-slab2-v3                                                                  169.9321   53.0825  9.3
 18.385 3416 Alaska-slab2-v3                                                                  169.4675   53.0673  6.6
 18.385 3417 Alaska-slab2-v3                                                                  169.5679   53.1334  7.8
 16.507 3418 Alaska-slab2-v3                                                                  169.6686   53.1994  9.0
 26.264 3425 Alaska-slab2-v3                                                                  169.2101   53.1793  6.6
 26.264 3426 Alaska-slab2-v3                                                                  169.3074   53.2473  7.7
 23.669 3427 Alaska-slab2-v3                                                                  169.4050   53.3152  8.8
 19.882 3428 Alaska-slab2-v3                                                                  169.4998   53.3843 10.0
 34.143 3434 Alaska-slab2-v3                                                                  168.9521   53.2912  6.6
 34.143 3435 Alaska-slab2-v3                                                                  169.0464   53.3608  7.6
 30.388 3436 Alaska-slab2-v3                                                                  169.1410   53.4303  8.7
 25.526 3437 Alaska-slab2-v3                                                                  169.2331   53.5010  9.9
 42.023 3443 Alaska-slab2-v3                                                                  168.6937   53.4032  6.5
 42.023 3444 Alaska-slab2-v3                                                                  168.7853   53.4742  7.5
 36.760 3445 Alaska-slab2-v3                                                                  168.8772   53.5452  8.6
 30.807 3446 Alaska-slab2-v3                                                                  168.9678   53.6168  9.7
 42.023 3452 Alaska-slab2-v3                                                                  168.4354   53.5154  6.5
 42.023 3453 Alaska-slab2-v3                                                                  168.5250   53.5876  7.4
 41.386 3454 Alaska-slab2-v3                                                                  168.6148   53.6597  8.4
 36.289 3455 Alaska-slab2-v3                                                                  168.7047   53.7319  9.4
 42.023 3461 Alaska-slab2-v3                                                                  168.1774   53.6281  6.4
 42.023 3462 Alaska-slab2-v3                                                                  168.2654   53.7012  7.3
 39.748 3463 Alaska-slab2-v3                                                                  168.3536   53.7742  8.2
 34.766 3464 Alaska-slab2-v3                                                                  168.4421   53.8471  9.1
 42.023 3471 Alaska-slab2-v3                                                                  167.9197   53.7416  6.4
 42.023 3472 Alaska-slab2-v3                                                                  168.0058   53.8156  7.3
 42.023 3473 Alaska-slab2-v3                                                                  168.0922   53.8895  8.1
 38.650 3474 Alaska-slab2-v3                                                                  168.1790   53.9633  8.9
 34.237 3475 Alaska-slab2-v3                                                                  168.2618   54.0384  9.8
 42.023 3481 Alaska-slab2-v3                                                                  167.6621   53.8559  6.4
 42.023 3482 Alaska-slab2-v3                                                                  167.7460   53.9309  7.3
 41.148 3483 Alaska-slab2-v3                                                                  167.8302   54.0058  8.1
 36.747 3484 Alaska-slab2-v3                                                                  167.9147   54.0806  8.9
 32.346 3485 Alaska-slab2-v3                                                                  167.9964   54.1563  9.8
 42.023 3492 Alaska-slab2-v3                                                                  167.4045   53.9710  6.4
 42.023 3493 Alaska-slab2-v3                                                                  167.4858   54.0470  7.2
 40.376 3494 Alaska-slab2-v3                                                                  167.5675   54.1229  8.1
 35.842 3495 Alaska-slab2-v3                                                                  167.6494   54.1988  8.9
 31.254 3496 Alaska-slab2-v3                                                                  167.7277   54.2757  9.8
 42.023 3503 Alaska-slab2-v3                                                                  167.1467   54.0865  6.4
 42.023 3504 Alaska-slab2-v3                                                                  167.2254   54.1636  7.2
 40.092 3505 Alaska-slab2-v3                                                                  167.3044   54.2406  8.1
 35.468 3506 Alaska-slab2-v3                                                                  167.3837   54.3175  8.9
 30.681 3507 Alaska-slab2-v3                                                                  167.4581   54.3956  9.8
 42.023 3515 Alaska-slab2-v3                                                                  166.8888   54.2024  6.4
 42.023 3516 Alaska-slab2-v3                                                                  166.9648   54.2805  7.3
 42.023 3517 Alaska-slab2-v3                                                                  167.0410   54.3585  8.1
 39.007 3518 Alaska-slab2-v3                                                                  167.1176   54.4364  9.0
 34.583 3519 Alaska-slab2-v3                                                                  167.1884   54.5156  9.8
 33.618 3527 Alaska-slab2-v3                                                                  166.6302   54.3186  6.4
 33.618 3528 Alaska-slab2-v3                                                                  166.7030   54.3977  7.3
 33.618 3529 Alaska-slab2-v3                                                                  166.7761   54.4767  8.2
 30.146 3530 Alaska-slab2-v3                                                                  166.8495   54.5557  9.1
 26.592 3531 Alaska-slab2-v3                                                                  166.9145   54.6365  9.9
 25.214 3539 Alaska-slab2-v3                                                                  166.3705   54.4349  6.5
 25.214 3540 Alaska-slab2-v3                                                                  166.4394   54.5152  7.5
 24.601 3541 Alaska-slab2-v3                                                                  166.5086   54.5954  8.4
 21.752 3542 Alaska-slab2-v3                                                                  166.5778   54.6756  9.4
 13.657 3551 Alaska-slab2-v3                                                                  166.1096   54.5512  6.6
 13.657 3552 Alaska-slab2-v3                                                                  166.1735   54.6327  7.7
 12.992 3553 Alaska-slab2-v3                                                                  166.2376   54.7142  8.8
 11.303 3554 Alaska-slab2-v3                                                                  166.2954   54.7968  9.9
  5.253 3563 Alaska-slab2-v3                                                                  165.8466   54.6675  6.7
  5.253 3564 Alaska-slab2-v3                                                                  165.9035   54.7504  8.1
  4.471 3565 Alaska-slab2-v3                                                                  165.9582   54.8337  9.4
