  5.125 1957 Alaska-slab2-v3                                                                  199.6135   53.5574  7.3
  3.333 1958 Alaska-slab2-v3                                                                  199.5056   53.6169  9.6
  1.933 1959 Alaska-slab2-v3                                                                  199.4072   53.6831 11.3
  0.908 1960 Alaska-slab2-v3                                                                  199.3153   53.7539 12.6
  5.402 1974 Alaska-slab2-v3                                                                  199.3270   53.5006  7.2
  3.975 1975 Alaska-slab2-v3                                                                  199.2223   53.5625  9.4
  2.709 1976 Alaska-slab2-v3                                                                  199.1261   53.6299 11.1
  1.747 1977 Alaska-slab2-v3                                                                  199.0365   53.7018 12.4
  0.917 1978 Alaska-slab2-v3                                                                  198.9464   53.7737 13.6
  5.402 1991 Alaska-slab2-v3                                                                  199.0414   53.4436  7.1
  4.019 1992 Alaska-slab2-v3                                                                  198.9403   53.5080  9.2
  2.760 1993 Alaska-slab2-v3                                                                  198.8460   53.5765 10.9
  1.776 1994 Alaska-slab2-v3                                                                  198.7579   53.6489 12.2
  0.910 1995 Alaska-slab2-v3                                                                  198.6694   53.7215 13.4
  5.402 2007 Alaska-slab2-v3                                                                  198.7560   53.3861  7.0
  4.104 2008 Alaska-slab2-v3                                                                  198.6587   53.4528  9.0
  2.865 2009 Alaska-slab2-v3                                                                  198.5659   53.5222 10.6
  1.851 2010 Alaska-slab2-v3                                                                  198.4779   53.5946 12.0
  0.940 2011 Alaska-slab2-v3                                                                  198.3898   53.6672 13.2
  5.402 2023 Alaska-slab2-v3                                                                  198.4700   53.3279  7.0
  4.196 2024 Alaska-slab2-v3                                                                  198.3749   53.3958  8.9
  2.970 2025 Alaska-slab2-v3                                                                  198.2830   53.4657 10.6
  1.946 2026 Alaska-slab2-v3                                                                  198.1946   53.5378 11.9
  1.003 2027 Alaska-slab2-v3                                                                  198.1064   53.6102 13.2
  9.454 2039 Alaska-slab2-v3                                                                  198.1828   53.2689  7.1
  7.426 2040 Alaska-slab2-v3                                                                  198.0871   53.3362  9.0
  5.290 2041 Alaska-slab2-v3                                                                  197.9952   53.4060 10.7
  3.510 2042 Alaska-slab2-v3                                                                  197.9073   53.4782 12.1
  1.844 2043 Alaska-slab2-v3                                                                  197.8192   53.5506 13.4
 12.992 2055 Alaska-slab2-v3                                                                  197.8943   53.2088  7.2
  8.661 2056 Alaska-slab2-v3                                                                  197.7964   53.2740  9.4
  5.224 2057 Alaska-slab2-v3                                                                  197.7048   53.3436 11.2
  2.544 2058 Alaska-slab2-v3                                                                  197.6178   53.4162 12.6
 17.053 2070 Alaska-slab2-v3                                                                  197.6050   53.1470  7.5
 10.727 2071 Alaska-slab2-v3                                                                  197.5054   53.2094 10.1
  6.254 2072 Alaska-slab2-v3                                                                  197.4159   53.2794 12.0
  3.079 2073 Alaska-slab2-v3                                                                  197.3297   53.3524 13.3
 19.024 2085 Alaska-slab2-v3                                                                  197.3160   53.0831  7.9
  9.481 2086 Alaska-slab2-v3                                                                  197.2162   53.1421 11.0
  3.602 2087 Alaska-slab2-v3                                                                  197.1304   53.2137 12.9
 18.836 2100 Alaska-slab2-v3                                                                  197.0307   53.0183  8.2
  8.395 2101 Alaska-slab2-v3                                                                  196.9324   53.0739 11.7
  2.848 2102 Alaska-slab2-v3                                                                  196.8491   53.1466 13.6
 18.435 2115 Alaska-slab2-v3                                                                  196.7498   52.9534  8.5
  7.164 2116 Alaska-slab2-v3                                                                  196.6541   53.0059 12.4
  2.010 2117 Alaska-slab2-v3                                                                  196.5720   53.0791 14.1
 18.040 2130 Alaska-slab2-v3                                                                  196.4706   52.8875  8.7
  6.187 2131 Alaska-slab2-v3                                                                  196.3781   52.9384 12.8
  1.301 2132 Alaska-slab2-v3                                                                  196.2978   53.0122 14.5
 17.818 2145 Alaska-slab2-v3                                                                  196.1928   52.8211  8.8
  5.680 2146 Alaska-slab2-v3                                                                  196.1029   52.8721 13.0
  0.894 2147 Alaska-slab2-v3                                                                  196.0243   52.9465 14.7
