 35.990 2160 Alaska-slab2-v3                                                                  195.9164   52.7538  8.8
 35.990 2161 Alaska-slab2-v3                                                                  195.8277   52.8066 13.0
 34.520 2162 Alaska-slab2-v3                                                                  195.7503   52.8815 14.6
 33.676 2163 Alaska-slab2-v3                                                                  195.6716   52.9580 15.0
 31.553 2164 Alaska-slab2-v3                                                                  195.5985   53.0359 15.8
 26.823 2165 Alaska-slab2-v3                                                                  195.5310   53.1146 17.7
 21.070 2166 Alaska-slab2-v3                                                                  195.4640   53.1926 19.9
 15.649 2167 Alaska-slab2-v3                                                                  195.3973   53.2711 22.0
 10.663 2168 Alaska-slab2-v3                                                                  195.3304   53.3499 24.0
 35.990 2175 Alaska-slab2-v3                                                                  195.6419   52.6846  8.7
 35.990 2176 Alaska-slab2-v3                                                                  195.5535   52.7408 12.7
 35.133 2177 Alaska-slab2-v3                                                                  195.4769   52.8160 14.4
 33.777 2178 Alaska-slab2-v3                                                                  195.3993   52.8928 14.9
 31.371 2179 Alaska-slab2-v3                                                                  195.3277   52.9711 15.9
 26.689 2180 Alaska-slab2-v3                                                                  195.2615   53.0502 17.7
 21.110 2181 Alaska-slab2-v3                                                                  195.1957   53.1287 19.9
 15.788 2182 Alaska-slab2-v3                                                                  195.1300   53.2075 22.0
 10.798 2183 Alaska-slab2-v3                                                                  195.0640   53.2866 23.9
 35.990 2190 Alaska-slab2-v3                                                                  195.3701   52.6129  8.4
 35.990 2191 Alaska-slab2-v3                                                                  195.2821   52.6730 12.2
 35.951 2192 Alaska-slab2-v3                                                                  195.2065   52.7485 14.0
 33.920 2193 Alaska-slab2-v3                                                                  195.1300   52.8254 14.8
 31.142 2194 Alaska-slab2-v3                                                                  195.0595   52.9040 15.9
 26.539 2195 Alaska-slab2-v3                                                                  194.9946   52.9835 17.7
 21.190 2196 Alaska-slab2-v3                                                                  194.9299   53.0626 19.8
 15.996 2197 Alaska-slab2-v3                                                                  194.8651   53.1418 21.8
 10.981 2198 Alaska-slab2-v3                                                                  194.8001   53.2211 23.7
 35.990 2205 Alaska-slab2-v3                                                                  195.1009   52.5389  8.2
 35.990 2206 Alaska-slab2-v3                                                                  195.0141   52.6025 11.6
 35.990 2207 Alaska-slab2-v3                                                                  194.9402   52.6785 13.5
 34.253 2208 Alaska-slab2-v3                                                                  194.8651   52.7557 14.6
 31.193 2209 Alaska-slab2-v3                                                                  194.7952   52.8344 15.7
 26.681 2210 Alaska-slab2-v3                                                                  194.7309   52.9142 17.5
 21.444 2211 Alaska-slab2-v3                                                                  194.6671   52.9936 19.5
 16.284 2212 Alaska-slab2-v3                                                                  194.6032   53.0731 21.5
 11.253 2213 Alaska-slab2-v3                                                                  194.5390   53.1526 23.4
 35.990 2221 Alaska-slab2-v3                                                                  194.7491   52.5299 11.1
 35.990 2222 Alaska-slab2-v3                                                                  194.6767   52.6063 13.1
 34.800 2223 Alaska-slab2-v3                                                                  194.6038   52.6841 14.2
 31.689 2224 Alaska-slab2-v3                                                                  194.5343   52.7630 15.4
 27.296 2225 Alaska-slab2-v3                                                                  194.4699   52.8428 17.1
 22.067 2226 Alaska-slab2-v3                                                                  194.4069   52.9224 19.1
 16.760 2227 Alaska-slab2-v3                                                                  194.3436   53.0020 21.1
 11.583 2228 Alaska-slab2-v3                                                                  194.2800   53.0816 23.1
 35.990 2236 Alaska-slab2-v3                                                                  194.4852   52.4562 10.8
 35.990 2237 Alaska-slab2-v3                                                                  194.4138   52.5328 12.7
 35.530 2238 Alaska-slab2-v3                                                                  194.3434   52.6114 13.9
 32.482 2239 Alaska-slab2-v3                                                                  194.2746   52.6905 15.0
 28.277 2240 Alaska-slab2-v3                                                                  194.2100   52.7703 16.6
 23.073 2241 Alaska-slab2-v3                                                                  194.1478   52.8502 18.6
 17.555 2242 Alaska-slab2-v3                                                                  194.0852   52.9298 20.7
 12.089 2243 Alaska-slab2-v3                                                                  194.0220   53.0093 22.8
 35.990 2251 Alaska-slab2-v3                                                                  194.2199   52.3821 10.5
 35.990 2252 Alaska-slab2-v3                                                                  194.1497   52.4592 12.4
 35.990 2253 Alaska-slab2-v3                                                                  194.0814   52.5384 13.6
 33.242 2254 Alaska-slab2-v3                                                                  194.0136   52.6179 14.7
 29.323 2255 Alaska-slab2-v3                                                                  193.9493   52.6979 16.2
 24.195 2256 Alaska-slab2-v3                                                                  193.8879   52.7780 18.2
 18.541 2257 Alaska-slab2-v3                                                                  193.8262   52.8577 20.3
 12.729 2258 Alaska-slab2-v3                                                                  193.7637   52.9371 22.5
 35.990 2266 Alaska-slab2-v3                                                                  193.9525   52.3094 10.4
 35.990 2267 Alaska-slab2-v3                                                                  193.8835   52.3869 12.3
 35.990 2268 Alaska-slab2-v3                                                                  193.8169   52.4665 13.5
 33.882 2269 Alaska-slab2-v3                                                                  193.7501   52.5464 14.6
 30.164 2270 Alaska-slab2-v3                                                                  193.6866   52.6267 16.0
 25.189 2271 Alaska-slab2-v3                                                                  193.6262   52.7072 17.9
 19.455 2272 Alaska-slab2-v3                                                                  193.5655   52.7871 20.1
 13.406 2273 Alaska-slab2-v3                                                                  193.5040   52.8665 22.4
 35.990 2280 Alaska-slab2-v3                                                                  193.6826   52.2395 10.4
 35.990 2281 Alaska-slab2-v3                                                                  193.6149   52.3174 12.3
 35.990 2282 Alaska-slab2-v3                                                                  193.5495   52.3974 13.5
 34.342 2283 Alaska-slab2-v3                                                                  193.4838   52.4776 14.5
 30.759 2284 Alaska-slab2-v3                                                                  193.4213   52.5583 15.9
 25.854 2285 Alaska-slab2-v3                                                                  193.3621   52.6391 17.8
 20.117 2286 Alaska-slab2-v3                                                                  193.3026   52.7192 20.0
 13.965 2287 Alaska-slab2-v3                                                                  193.2422   52.7988 22.4
 35.990 2294 Alaska-slab2-v3                                                                  193.4102   52.1732 10.5
 35.990 2295 Alaska-slab2-v3                                                                  193.3439   52.2515 12.4
 35.990 2296 Alaska-slab2-v3                                                                  193.2795   52.3318 13.5
 34.668 2297 Alaska-slab2-v3                                                                  193.2149   52.4124 14.5
 31.101 2298 Alaska-slab2-v3                                                                  193.1537   52.4933 15.9
 26.226 2299 Alaska-slab2-v3                                                                  193.0957   52.5744 17.8
 20.555 2300 Alaska-slab2-v3                                                                  193.0373   52.6548 20.0
 14.422 2301 Alaska-slab2-v3                                                                  192.9780   52.7346 22.4
 35.990 2308 Alaska-slab2-v3                                                                  193.1360   52.1104 10.6
 35.990 2309 Alaska-slab2-v3                                                                  193.0709   52.1890 12.4
 35.990 2310 Alaska-slab2-v3                                                                  193.0074   52.2696 13.6
 34.847 2311 Alaska-slab2-v3                                                                  192.9440   52.3504 14.6
 31.240 2312 Alaska-slab2-v3                                                                  192.8841   52.4317 16.0
 26.338 2313 Alaska-slab2-v3                                                                  192.8274   52.5130 18.0
 20.751 2314 Alaska-slab2-v3                                                                  192.7702   52.5937 20.2
 14.731 2315 Alaska-slab2-v3                                                                  192.7118   52.6738 22.5
 35.990 2322 Alaska-slab2-v3                                                                  192.8611   52.0507 10.5
 35.990 2323 Alaska-slab2-v3                                                                  192.7969   52.1296 12.4
 35.990 2324 Alaska-slab2-v3                                                                  192.7344   52.2105 13.6
 34.927 2325 Alaska-slab2-v3                                                                  192.6722   52.2915 14.6
 31.181 2326 Alaska-slab2-v3                                                                  192.6135   52.3730 16.1
 26.195 2327 Alaska-slab2-v3                                                                  192.5579   52.4546 18.1
 20.678 2328 Alaska-slab2-v3                                                                  192.5018   52.5356 20.3
 14.806 2329 Alaska-slab2-v3                                                                  192.4445   52.6160 22.6
 35.990 2336 Alaska-slab2-v3                                                                  192.5868   51.9938 10.3
 35.990 2337 Alaska-slab2-v3                                                                  192.5234   52.0730 12.2
 35.990 2338 Alaska-slab2-v3                                                                  192.4622   52.1542 13.4
 35.126 2339 Alaska-slab2-v3                                                                  192.4010   52.2355 14.5
 31.262 2340 Alaska-slab2-v3                                                                  192.3430   52.3171 16.0
 26.179 2341 Alaska-slab2-v3                                                                  192.2883   52.3988 18.0
 20.537 2342 Alaska-slab2-v3                                                                  192.2330   52.4799 20.2
 14.640 2343 Alaska-slab2-v3                                                                  192.1768   52.5606 22.6
 35.990 2350 Alaska-slab2-v3                                                                  192.3141   51.9389 10.0
 35.990 2351 Alaska-slab2-v3                                                                  192.2517   52.0185 11.8
 35.990 2352 Alaska-slab2-v3                                                                  192.1922   52.1001 13.0
 35.682 2353 Alaska-slab2-v3                                                                  192.1325   52.1817 14.1
 31.806 2354 Alaska-slab2-v3                                                                  192.0749   52.2635 15.6
 26.646 2355 Alaska-slab2-v3                                                                  192.0201   52.3451 17.7
 20.742 2356 Alaska-slab2-v3                                                                  191.9654   52.4262 20.0
 14.555 2357 Alaska-slab2-v3                                                                  191.9098   52.5068 22.4
 35.990 2364 Alaska-slab2-v3                                                                  192.0433   51.8843  9.5
 35.990 2365 Alaska-slab2-v3                                                                  191.9823   51.9645 11.2
 35.990 2366 Alaska-slab2-v3                                                                  191.9245   52.0465 12.5
 35.990 2367 Alaska-slab2-v3                                                                  191.8665   52.1286 13.7
 32.798 2368 Alaska-slab2-v3                                                                  191.8094   52.2105 15.1
 27.790 2369 Alaska-slab2-v3                                                                  191.7544   52.2923 17.0
 21.744 2370 Alaska-slab2-v3                                                                  191.7002   52.3734 19.4
 15.076 2371 Alaska-slab2-v3                                                                  191.6448   52.4536 21.9
 35.990 2378 Alaska-slab2-v3                                                                  191.7736   51.8283  9.0
 35.990 2379 Alaska-slab2-v3                                                                  191.7145   51.9093 10.6
 35.990 2380 Alaska-slab2-v3                                                                  191.6577   51.9915 12.0
 35.990 2381 Alaska-slab2-v3                                                                  191.6008   52.0738 13.2
 33.911 2382 Alaska-slab2-v3                                                                  191.5442   52.1559 14.6
 29.257 2383 Alaska-slab2-v3                                                                  191.4894   52.2379 16.3
 23.374 2384 Alaska-slab2-v3                                                                  191.4364   52.3195 18.6
 16.367 2385 Alaska-slab2-v3                                                                  191.3815   52.3995 21.3
 35.990 2392 Alaska-slab2-v3                                                                  191.5042   51.7695  8.6
 35.990 2393 Alaska-slab2-v3                                                                  191.4470   51.8512 10.1
 35.990 2394 Alaska-slab2-v3                                                                  191.3907   51.9335 11.5
 35.990 2395 Alaska-slab2-v3                                                                  191.3344   52.0158 12.8
 34.835 2396 Alaska-slab2-v3                                                                  191.2780   52.0980 14.1
 30.451 2397 Alaska-slab2-v3                                                                  191.2237   52.1804 15.8
 24.912 2398 Alaska-slab2-v3                                                                  191.1719   52.2625 17.9
 17.903 2399 Alaska-slab2-v3                                                                  191.1184   52.3428 20.6
  9.529 2400 Alaska-slab2-v3                                                                  191.0619   52.4209 23.8
 35.990 2405 Alaska-slab2-v3                                                                  191.2343   51.7071  8.3
 35.990 2406 Alaska-slab2-v3                                                                  191.1788   51.7894  9.8
 35.990 2407 Alaska-slab2-v3                                                                  191.1231   51.8718 11.1
 35.990 2408 Alaska-slab2-v3                                                                  191.0673   51.9542 12.4
 35.503 2409 Alaska-slab2-v3                                                                  191.0114   52.0365 13.9
 31.138 2410 Alaska-slab2-v3                                                                  190.9577   52.1189 15.5
 25.720 2411 Alaska-slab2-v3                                                                  190.9069   52.2013 17.6
 18.830 2412 Alaska-slab2-v3                                                                  190.8550   52.2822 20.2
 10.230 2413 Alaska-slab2-v3                                                                  190.8000   52.3603 23.5
 35.990 2418 Alaska-slab2-v3                                                                  190.9645   51.6415  8.2
 35.990 2419 Alaska-slab2-v3                                                                  190.9099   51.7241  9.6
 35.990 2420 Alaska-slab2-v3                                                                  190.8552   51.8068 10.9
 35.990 2421 Alaska-slab2-v3                                                                  190.8003   51.8894 12.2
 35.990 2422 Alaska-slab2-v3                                                                  190.7453   51.9718 13.7
 31.550 2423 Alaska-slab2-v3                                                                  190.6924   52.0543 15.4
 25.981 2424 Alaska-slab2-v3                                                                  190.6429   52.1369 17.5
 19.046 2425 Alaska-slab2-v3                                                                  190.5927   52.2181 20.1
 10.455 2426 Alaska-slab2-v3                                                                  190.5393   52.2966 23.4
 35.990 2431 Alaska-slab2-v3                                                                  190.6952   51.5741  8.1
 35.990 2432 Alaska-slab2-v3                                                                  190.6413   51.6569  9.5
 35.990 2433 Alaska-slab2-v3                                                                  190.5875   51.7398 10.8
 35.990 2434 Alaska-slab2-v3                                                                  190.5337   51.8227 12.1
 35.990 2435 Alaska-slab2-v3                                                                  190.4798   51.9054 13.5
 31.825 2436 Alaska-slab2-v3                                                                  190.4282   51.9881 15.3
 25.984 2437 Alaska-slab2-v3                                                                  190.3804   52.0708 17.6
 18.912 2438 Alaska-slab2-v3                                                                  190.3318   52.1522 20.3
 10.373 2439 Alaska-slab2-v3                                                                  190.2801   52.2311 23.5
 35.990 2444 Alaska-slab2-v3                                                                  190.4265   51.5064  8.1
 35.990 2445 Alaska-slab2-v3                                                                  190.3732   51.5893  9.5
 35.990 2446 Alaska-slab2-v3                                                                  190.3203   51.6724 10.8
 35.990 2447 Alaska-slab2-v3                                                                  190.2676   51.7556 12.1
 35.990 2448 Alaska-slab2-v3                                                                  190.2149   51.8385 13.5
 31.921 2449 Alaska-slab2-v3                                                                  190.1648   51.9215 15.4
 25.975 2450 Alaska-slab2-v3                                                                  190.1187   52.0044 17.6
 18.803 2451 Alaska-slab2-v3                                                                  190.0718   52.0861 20.4
 10.249 2452 Alaska-slab2-v3                                                                  190.0216   52.1653 23.7
 35.990 2457 Alaska-slab2-v3                                                                  190.1579   51.4396  8.2
 35.990 2458 Alaska-slab2-v3                                                                  190.1055   51.5226  9.6
 35.990 2459 Alaska-slab2-v3                                                                  190.0536   51.6059 10.9
 35.990 2460 Alaska-slab2-v3                                                                  190.0020   51.6893 12.2
 35.990 2461 Alaska-slab2-v3                                                                  189.9504   51.7725 13.7
 31.798 2462 Alaska-slab2-v3                                                                  189.9018   51.8558 15.5
 25.951 2463 Alaska-slab2-v3                                                                  189.8574   51.9391 17.8
 18.810 2464 Alaska-slab2-v3                                                                  189.8118   52.0210 20.5
 10.220 2465 Alaska-slab2-v3                                                                  189.7631   52.1005 23.9
 35.990 2470 Alaska-slab2-v3                                                                  189.8891   51.3750  8.4
 35.990 2471 Alaska-slab2-v3                                                                  189.8380   51.4582  9.9
 35.990 2472 Alaska-slab2-v3                                                                  189.7873   51.5417 11.3
 35.990 2473 Alaska-slab2-v3                                                                  189.7369   51.6254 12.6
 35.990 2474 Alaska-slab2-v3                                                                  189.6864   51.7088 14.1
 31.501 2475 Alaska-slab2-v3                                                                  189.6395   51.7924 15.9
 25.736 2476 Alaska-slab2-v3                                                                  189.5966   51.8761 18.1
 18.671 2477 Alaska-slab2-v3                                                                  189.5517   51.9580 20.9
 35.990 2483 Alaska-slab2-v3                                                                  189.6196   51.3137  8.8
 35.990 2484 Alaska-slab2-v3                                                                  189.5703   51.3972 10.4
 35.990 2485 Alaska-slab2-v3                                                                  189.5211   51.4810 11.7
 35.990 2486 Alaska-slab2-v3                                                                  189.4718   51.5649 13.1
 35.729 2487 Alaska-slab2-v3                                                                  189.4233   51.6486 14.6
 31.051 2488 Alaska-slab2-v3                                                                  189.3786   51.7326 16.5
 25.229 2489 Alaska-slab2-v3                                                                  189.3368   51.8163 18.8
 18.213 2490 Alaska-slab2-v3                                                                  189.2920   51.8981 21.6
 35.990 2496 Alaska-slab2-v3                                                                  189.3493   51.2566  9.2
 35.990 2497 Alaska-slab2-v3                                                                  189.3020   51.3403 10.9
 35.990 2498 Alaska-slab2-v3                                                                  189.2542   51.4244 12.3
 34.248 2499 Alaska-slab2-v3                                                                  189.2063   51.5085 13.6
 29.853 2500 Alaska-slab2-v3                                                                  189.1606   51.5928 15.2
 24.214 2501 Alaska-slab2-v3                                                                  189.1191   51.6771 17.3
 17.304 2502 Alaska-slab2-v3                                                                  189.0776   51.7604 19.8
  9.260 2503 Alaska-slab2-v3                                                                  189.0325   51.8419 22.7
 35.990 2509 Alaska-slab2-v3                                                                  189.0781   51.2032  9.9
 35.990 2510 Alaska-slab2-v3                                                                  189.0329   51.2871 11.7
 35.990 2511 Alaska-slab2-v3                                                                  188.9866   51.3716 13.0
 34.196 2512 Alaska-slab2-v3                                                                  188.9407   51.4562 14.3
 29.657 2513 Alaska-slab2-v3                                                                  188.8984   51.5409 16.0
 23.694 2514 Alaska-slab2-v3                                                                  188.8598   51.6253 18.3
 16.649 2515 Alaska-slab2-v3                                                                  188.8181   51.7081 21.0
  8.786 2516 Alaska-slab2-v3                                                                  188.7724   51.7893 24.0
 35.990 2522 Alaska-slab2-v3                                                                  188.8060   51.1527 10.6
 35.990 2523 Alaska-slab2-v3                                                                  188.7626   51.2368 12.5
 35.990 2524 Alaska-slab2-v3                                                                  188.7182   51.3218 13.7
 34.044 2525 Alaska-slab2-v3                                                                  188.6752   51.4069 15.0
 29.318 2526 Alaska-slab2-v3                                                                  188.6360   51.4919 16.9
 23.176 2527 Alaska-slab2-v3                                                                  188.5981   51.5760 19.3
 16.175 2528 Alaska-slab2-v3                                                                  188.5557   51.6584 22.1
 35.990 2534 Alaska-slab2-v3                                                                  188.5701   51.0230  8.1
 35.990 2535 Alaska-slab2-v3                                                                  188.5329   51.1043 11.4
 35.298 2536 Alaska-slab2-v3                                                                  188.4913   51.1887 13.2
 32.363 2537 Alaska-slab2-v3                                                                  188.4488   51.2742 14.3
 28.792 2538 Alaska-slab2-v3                                                                  188.4086   51.3599 15.6
 23.283 2539 Alaska-slab2-v3                                                                  188.3715   51.4450 17.6
 16.306 2540 Alaska-slab2-v3                                                                  188.3330   51.5288 20.1
  8.555 2541 Alaska-slab2-v3                                                                  188.2902   51.6111 22.9
 35.990 2546 Alaska-slab2-v3                                                                  188.2929   50.9776  8.3
 35.990 2547 Alaska-slab2-v3                                                                  188.2584   51.0580 12.0
 34.637 2548 Alaska-slab2-v3                                                                  188.2186   51.1427 13.8
 32.147 2549 Alaska-slab2-v3                                                                  188.1783   51.2288 14.7
 28.603 2550 Alaska-slab2-v3                                                                  188.1402   51.3148 16.0
 22.920 2551 Alaska-slab2-v3                                                                  188.1045   51.3999 18.1
 16.101 2552 Alaska-slab2-v3                                                                  188.0659   51.4837 20.6
  8.551 2553 Alaska-slab2-v3                                                                  188.0232   51.5660 23.4
 35.990 2558 Alaska-slab2-v3                                                                  188.0151   50.9341  8.5
 35.990 2559 Alaska-slab2-v3                                                                  187.9829   51.0142 12.3
 34.577 2560 Alaska-slab2-v3                                                                  187.9448   51.0992 14.0
 32.178 2561 Alaska-slab2-v3                                                                  187.9064   51.1856 14.9
 28.419 2562 Alaska-slab2-v3                                                                  187.8701   51.2717 16.3
 22.554 2563 Alaska-slab2-v3                                                                  187.8356   51.3569 18.5
 15.809 2564 Alaska-slab2-v3                                                                  187.7975   51.4407 21.1
  8.478 2565 Alaska-slab2-v3                                                                  187.7555   51.5233 23.8
 35.990 2570 Alaska-slab2-v3                                                                  187.7371   50.8920  8.4
 35.990 2571 Alaska-slab2-v3                                                                  187.7070   50.9726 12.2
 35.132 2572 Alaska-slab2-v3                                                                  187.6702   51.0578 14.0
 32.413 2573 Alaska-slab2-v3                                                                  187.6335   51.1444 15.0
 28.243 2574 Alaska-slab2-v3                                                                  187.5990   51.2306 16.6
 22.146 2575 Alaska-slab2-v3                                                                  187.5659   51.3157 18.9
 15.362 2576 Alaska-slab2-v3                                                                  187.5286   51.3996 21.5
 35.990 2582 Alaska-slab2-v3                                                                  187.4593   50.8505  8.3
 35.990 2583 Alaska-slab2-v3                                                                  187.4311   50.9322 11.8
 35.990 2584 Alaska-slab2-v3                                                                  187.3957   51.0176 13.7
 32.787 2585 Alaska-slab2-v3                                                                  187.3605   51.1042 14.9
 28.272 2586 Alaska-slab2-v3                                                                  187.3276   51.1904 16.6
 21.998 2587 Alaska-slab2-v3                                                                  187.2958   51.2756 19.0
 15.042 2588 Alaska-slab2-v3                                                                  187.2596   51.3594 21.7
 35.990 2594 Alaska-slab2-v3                                                                  187.1815   50.8091  8.0
 35.990 2595 Alaska-slab2-v3                                                                  187.1553   50.8921 11.3
 35.990 2596 Alaska-slab2-v3                                                                  187.1217   50.9776 13.3
 33.049 2597 Alaska-slab2-v3                                                                  187.0879   51.0642 14.8
 28.407 2598 Alaska-slab2-v3                                                                  187.0563   51.1506 16.5
 22.261 2599 Alaska-slab2-v3                                                                  187.0262   51.2361 18.9
 15.166 2600 Alaska-slab2-v3                                                                  186.9916   51.3201 21.5
 35.990 2607 Alaska-slab2-v3                                                                  186.8792   50.8520 10.8
 35.990 2608 Alaska-slab2-v3                                                                  186.8480   50.9377 12.9
 32.956 2609 Alaska-slab2-v3                                                                  186.8157   51.0243 14.5
 28.398 2610 Alaska-slab2-v3                                                                  186.7857   51.1111 16.2
 22.708 2611 Alaska-slab2-v3                                                                  186.7578   51.1974 18.3
 15.858 2612 Alaska-slab2-v3                                                                  186.7261   51.2821 20.8
  8.172 2613 Alaska-slab2-v3                                                                  186.6892   51.3653 23.7
 35.990 2619 Alaska-slab2-v3                                                                  186.6029   50.8123 10.3
 35.990 2620 Alaska-slab2-v3                                                                  186.5747   50.8985 12.4
 35.990 2621 Alaska-slab2-v3                                                                  186.5444   50.9853 14.0
 33.078 2622 Alaska-slab2-v3                                                                  186.5161   51.0725 15.6
 28.498 2623 Alaska-slab2-v3                                                                  186.4904   51.1595 17.5
 22.948 2624 Alaska-slab2-v3                                                                  186.4633   51.2456 19.7
 16.377 2625 Alaska-slab2-v3                                                                  186.4304   51.3299 22.3
 35.990 2632 Alaska-slab2-v3                                                                  186.3261   50.7736  9.9
 35.990 2633 Alaska-slab2-v3                                                                  186.3013   50.8604 11.9
 35.990 2634 Alaska-slab2-v3                                                                  186.2741   50.9477 13.5
 32.171 2635 Alaska-slab2-v3                                                                  186.2478   51.0353 15.0
 27.728 2636 Alaska-slab2-v3                                                                  186.2236   51.1228 16.6
 22.512 2637 Alaska-slab2-v3                                                                  186.2002   51.2099 18.6
 16.445 2638 Alaska-slab2-v3                                                                  186.1726   51.2958 20.9
  9.127 2639 Alaska-slab2-v3                                                                  186.1398   51.3799 23.6
 35.990 2645 Alaska-slab2-v3                                                                  186.0487   50.7365  9.6
 35.990 2646 Alaska-slab2-v3                                                                  186.0271   50.8239 11.5
 35.990 2647 Alaska-slab2-v3                                                                  186.0035   50.9118 12.9
 35.990 2648 Alaska-slab2-v3                                                                  185.9799   50.9999 14.2
 32.572 2649 Alaska-slab2-v3                                                                  185.9571   51.0878 15.7
 27.941 2650 Alaska-slab2-v3                                                                  185.9348   51.1752 17.6
 22.733 2651 Alaska-slab2-v3                                                                  185.9110   51.2620 19.7
 16.875 2652 Alaska-slab2-v3                                                                  185.8833   51.3478 22.0
 35.990 2658 Alaska-slab2-v3                                                                  185.7703   50.7014  9.5
 35.990 2659 Alaska-slab2-v3                                                                  185.7512   50.7892 11.2
 35.990 2660 Alaska-slab2-v3                                                                  185.7307   50.8777 12.5
 35.466 2661 Alaska-slab2-v3                                                                  185.7100   50.9662 13.6
 31.893 2662 Alaska-slab2-v3                                                                  185.6891   51.0545 14.9
 27.164 2663 Alaska-slab2-v3                                                                  185.6675   51.1422 16.7
 21.629 2664 Alaska-slab2-v3                                                                  185.6451   51.2292 18.7
 15.745 2665 Alaska-slab2-v3                                                                  185.6203   51.3157 20.9
  8.947 2666 Alaska-slab2-v3                                                                  185.5928   51.4011 23.5
 35.990 2672 Alaska-slab2-v3                                                                  185.4912   50.6685  9.4
 35.990 2673 Alaska-slab2-v3                                                                  185.4736   50.7566 11.1
 35.990 2674 Alaska-slab2-v3                                                                  185.4549   50.8453 12.3
 35.990 2675 Alaska-slab2-v3                                                                  185.4362   50.9342 13.2
 35.990 2676 Alaska-slab2-v3                                                                  185.4172   51.0229 14.4
 32.257 2677 Alaska-slab2-v3                                                                  185.3969   51.1109 16.0
 27.179 2678 Alaska-slab2-v3                                                                  185.3752   51.1980 18.0
 21.679 2679 Alaska-slab2-v3                                                                  185.3522   51.2847 20.2
 15.755 2680 Alaska-slab2-v3                                                                  185.3272   51.3708 22.6
 35.990 2686 Alaska-slab2-v3                                                                  185.2117   50.6377  9.4
 35.990 2687 Alaska-slab2-v3                                                                  185.1952   50.7258 11.1
 35.990 2688 Alaska-slab2-v3                                                                  185.1776   50.8146 12.3
 35.990 2689 Alaska-slab2-v3                                                                  185.1598   50.9036 13.2
 35.215 2690 Alaska-slab2-v3                                                                  185.1420   50.9925 14.2
 31.572 2691 Alaska-slab2-v3                                                                  185.1230   51.0809 15.6
 26.741 2692 Alaska-slab2-v3                                                                  185.1026   51.1684 17.5
 21.082 2693 Alaska-slab2-v3                                                                  185.0813   51.2553 19.7
 14.959 2694 Alaska-slab2-v3                                                                  185.0579   51.3416 22.1
 35.990 2701 Alaska-slab2-v3                                                                  184.9321   50.6085  9.4
 35.990 2702 Alaska-slab2-v3                                                                  184.9167   50.6967 11.2
 35.990 2703 Alaska-slab2-v3                                                                  184.9002   50.7854 12.4
 35.990 2704 Alaska-slab2-v3                                                                  184.8836   50.8745 13.4
 33.971 2705 Alaska-slab2-v3                                                                  184.8668   50.9635 14.4
 30.618 2706 Alaska-slab2-v3                                                                  184.8487   51.0521 15.7
 26.290 2707 Alaska-slab2-v3                                                                  184.8291   51.1401 17.3
 20.931 2708 Alaska-slab2-v3                                                                  184.8091   51.2274 19.3
 14.729 2709 Alaska-slab2-v3                                                                  184.7869   51.3139 21.7
 35.990 2716 Alaska-slab2-v3                                                                  184.6522   50.5808  9.4
 35.990 2717 Alaska-slab2-v3                                                                  184.6381   50.6690 11.2
 35.990 2718 Alaska-slab2-v3                                                                  184.6230   50.7578 12.5
 35.643 2719 Alaska-slab2-v3                                                                  184.6078   50.8468 13.6
 32.917 2720 Alaska-slab2-v3                                                                  184.5923   50.9359 14.6
 29.764 2721 Alaska-slab2-v3                                                                  184.5748   51.0247 15.8
 25.810 2722 Alaska-slab2-v3                                                                  184.5556   51.1130 17.3
 20.894 2723 Alaska-slab2-v3                                                                  184.5363   51.2007 19.1
 14.882 2724 Alaska-slab2-v3                                                                  184.5152   51.2874 21.4
  7.882 2725 Alaska-slab2-v3                                                                  184.4923   51.3732 24.0
 35.990 2731 Alaska-slab2-v3                                                                  184.3720   50.5546  9.4
 35.990 2732 Alaska-slab2-v3                                                                  184.3591   50.6428 11.2
 35.990 2733 Alaska-slab2-v3                                                                  184.3452   50.7316 12.6
 35.224 2734 Alaska-slab2-v3                                                                  184.3312   50.8207 13.7
 32.400 2735 Alaska-slab2-v3                                                                  184.3167   50.9099 14.7
 29.254 2736 Alaska-slab2-v3                                                                  184.2999   50.9987 15.9
 25.463 2737 Alaska-slab2-v3                                                                  184.2813   51.0871 17.3
 20.785 2738 Alaska-slab2-v3                                                                  184.2627   51.1751 19.0
 15.031 2739 Alaska-slab2-v3                                                                  184.2425   51.2621 21.2
  8.120 2740 Alaska-slab2-v3                                                                  184.2209   51.3481 23.8
 35.990 2746 Alaska-slab2-v3                                                                  184.0914   50.5302  9.3
 35.990 2747 Alaska-slab2-v3                                                                  184.0794   50.6186 11.1
 35.990 2748 Alaska-slab2-v3                                                                  184.0666   50.7074 12.5
 35.466 2749 Alaska-slab2-v3                                                                  184.0536   50.7966 13.6
 32.589 2750 Alaska-slab2-v3                                                                  184.0402   50.8858 14.6
 29.308 2751 Alaska-slab2-v3                                                                  184.0244   50.9747 15.9
 25.383 2752 Alaska-slab2-v3                                                                  184.0065   51.0631 17.3
 20.704 2753 Alaska-slab2-v3                                                                  183.9887   51.1511 19.1
 15.111 2754 Alaska-slab2-v3                                                                  183.9695   51.2384 21.1
  8.335 2755 Alaska-slab2-v3                                                                  183.9490   51.3246 23.7
 35.990 2761 Alaska-slab2-v3                                                                  183.8105   50.5081  9.3
 35.990 2762 Alaska-slab2-v3                                                                  183.7994   50.5965 11.0
 35.990 2763 Alaska-slab2-v3                                                                  183.7875   50.6855 12.3
 35.990 2764 Alaska-slab2-v3                                                                  183.7755   50.7748 13.4
 33.349 2765 Alaska-slab2-v3                                                                  183.7633   50.8640 14.5
 29.907 2766 Alaska-slab2-v3                                                                  183.7487   50.9529 15.8
 25.692 2767 Alaska-slab2-v3                                                                  183.7317   51.0412 17.4
 20.730 2768 Alaska-slab2-v3                                                                  183.7146   51.1291 19.2
 15.127 2769 Alaska-slab2-v3                                                                  183.6962   51.2164 21.3
  8.404 2770 Alaska-slab2-v3                                                                  183.6768   51.3027 23.8
 35.990 2776 Alaska-slab2-v3                                                                  183.5292   50.4885  9.2
 35.990 2777 Alaska-slab2-v3                                                                  183.5191   50.5771 10.9
 35.990 2778 Alaska-slab2-v3                                                                  183.5081   50.6662 12.2
 35.990 2779 Alaska-slab2-v3                                                                  183.4970   50.7555 13.2
 34.399 2780 Alaska-slab2-v3                                                                  183.4859   50.8448 14.3
 30.822 2781 Alaska-slab2-v3                                                                  183.4725   50.9336 15.6
 26.273 2782 Alaska-slab2-v3                                                                  183.4566   51.0218 17.4
 20.986 2783 Alaska-slab2-v3                                                                  183.4403   51.1095 19.4
 15.096 2784 Alaska-slab2-v3                                                                  183.4229   51.1966 21.6
 35.990 2791 Alaska-slab2-v3                                                                  183.2476   50.4719  9.2
 35.990 2792 Alaska-slab2-v3                                                                  183.2383   50.5605 10.8
 35.990 2793 Alaska-slab2-v3                                                                  183.2282   50.6497 12.1
 35.990 2794 Alaska-slab2-v3                                                                  183.2180   50.7391 13.1
 35.279 2795 Alaska-slab2-v3                                                                  183.2078   50.8284 14.2
 31.632 2796 Alaska-slab2-v3                                                                  183.1956   50.9172 15.6
 26.925 2797 Alaska-slab2-v3                                                                  183.1809   51.0053 17.4
 21.338 2798 Alaska-slab2-v3                                                                  183.1656   51.0928 19.6
 15.131 2799 Alaska-slab2-v3                                                                  183.1494   51.1796 22.0
 35.990 2806 Alaska-slab2-v3                                                                  182.9656   50.4585  9.1
 35.990 2807 Alaska-slab2-v3                                                                  182.9573   50.5472 10.7
 35.990 2808 Alaska-slab2-v3                                                                  182.9481   50.6364 12.0
 35.990 2809 Alaska-slab2-v3                                                                  182.9388   50.7258 13.0
 35.837 2810 Alaska-slab2-v3                                                                  182.9294   50.8151 14.2
 32.192 2811 Alaska-slab2-v3                                                                  182.9181   50.9039 15.6
 27.502 2812 Alaska-slab2-v3                                                                  182.9046   50.9921 17.5
 21.818 2813 Alaska-slab2-v3                                                                  182.8905   51.0794 19.7
 15.293 2814 Alaska-slab2-v3                                                                  182.8754   51.1660 22.2
 35.990 2821 Alaska-slab2-v3                                                                  182.6836   50.4486  8.9
 35.990 2822 Alaska-slab2-v3                                                                  182.6763   50.5374 10.5
 35.990 2823 Alaska-slab2-v3                                                                  182.6679   50.6266 11.8
 35.990 2824 Alaska-slab2-v3                                                                  182.6593   50.7159 13.0
 35.990 2825 Alaska-slab2-v3                                                                  182.6507   50.8052 14.2
 32.604 2826 Alaska-slab2-v3                                                                  182.6403   50.8941 15.6
 28.072 2827 Alaska-slab2-v3                                                                  182.6279   50.9823 17.4
 22.432 2828 Alaska-slab2-v3                                                                  182.6151   51.0698 19.7
 15.735 2829 Alaska-slab2-v3                                                                  182.6012   51.1562 22.3
 35.990 2835 Alaska-slab2-v3                                                                  182.4019   50.4425  8.7
 35.990 2836 Alaska-slab2-v3                                                                  182.3958   50.5313 10.3
 35.990 2837 Alaska-slab2-v3                                                                  182.3882   50.6205 11.6
 35.990 2838 Alaska-slab2-v3                                                                  182.3801   50.7097 12.9
 35.990 2839 Alaska-slab2-v3                                                                  182.3720   50.7989 14.1
 33.078 2840 Alaska-slab2-v3                                                                  182.3624   50.8878 15.6
 28.573 2841 Alaska-slab2-v3                                                                  182.3512   50.9762 17.4
 23.023 2842 Alaska-slab2-v3                                                                  182.3395   51.0636 19.7
 16.327 2843 Alaska-slab2-v3                                                                  182.3269   51.1500 22.4
 35.990 2849 Alaska-slab2-v3                                                                  182.1201   50.4400  8.5
 35.990 2850 Alaska-slab2-v3                                                                  182.1156   50.5291 10.0
 35.990 2851 Alaska-slab2-v3                                                                  182.1090   50.6182 11.3
 35.990 2852 Alaska-slab2-v3                                                                  182.1013   50.7074 12.6
 32.606 2853 Alaska-slab2-v3                                                                  182.0936   50.7965 14.0
 28.197 2854 Alaska-slab2-v3                                                                  182.0847   50.8853 15.6
 22.917 2855 Alaska-slab2-v3                                                                  182.0745   50.9736 17.5
 16.542 2856 Alaska-slab2-v3                                                                  182.0637   51.0610 19.7
  8.931 2857 Alaska-slab2-v3                                                                  182.0522   51.1474 22.5
 35.990 2863 Alaska-slab2-v3                                                                  181.8380   50.4414  8.3
 35.990 2864 Alaska-slab2-v3                                                                  181.8349   50.5305  9.7
 35.990 2865 Alaska-slab2-v3                                                                  181.8294   50.6197 11.1
 35.990 2866 Alaska-slab2-v3                                                                  181.8222   50.7089 12.4
 33.613 2867 Alaska-slab2-v3                                                                  181.8150   50.7979 13.9
 28.941 2868 Alaska-slab2-v3                                                                  181.8068   50.8865 15.6
 23.330 2869 Alaska-slab2-v3                                                                  181.7974   50.9745 17.6
 16.751 2870 Alaska-slab2-v3                                                                  181.7875   51.0618 20.0
  9.067 2871 Alaska-slab2-v3                                                                  181.7772   51.1481 22.8
 35.990 2877 Alaska-slab2-v3                                                                  181.5553   50.4465  8.2
 35.990 2878 Alaska-slab2-v3                                                                  181.5532   50.5356  9.6
 35.990 2879 Alaska-slab2-v3                                                                  181.5486   50.6249 11.0
 35.990 2880 Alaska-slab2-v3                                                                  181.5422   50.7140 12.3
 34.740 2881 Alaska-slab2-v3                                                                  181.5358   50.8030 13.9
 29.819 2882 Alaska-slab2-v3                                                                  181.5284   50.8914 15.7
 23.904 2883 Alaska-slab2-v3                                                                  181.5199   50.9791 17.9
 17.047 2884 Alaska-slab2-v3                                                                  181.5111   51.0661 20.4
  9.169 2885 Alaska-slab2-v3                                                                  181.5020   51.1520 23.4
 35.990 2891 Alaska-slab2-v3                                                                  181.2723   50.4553  8.3
 35.990 2892 Alaska-slab2-v3                                                                  181.2705   50.5445  9.7
 35.990 2893 Alaska-slab2-v3                                                                  181.2666   50.6337 11.1
 35.990 2894 Alaska-slab2-v3                                                                  181.2612   50.7229 12.5
 35.641 2895 Alaska-slab2-v3                                                                  181.2558   50.8118 14.1
 30.653 2896 Alaska-slab2-v3                                                                  181.2495   50.9001 16.0
 24.553 2897 Alaska-slab2-v3                                                                  181.2423   50.9875 18.4
 17.446 2898 Alaska-slab2-v3                                                                  181.2349   51.0739 21.1
 35.990 2904 Alaska-slab2-v3                                                                  180.9893   50.4677  8.5
 35.990 2905 Alaska-slab2-v3                                                                  180.9876   50.5567 10.0
 35.990 2906 Alaska-slab2-v3                                                                  180.9842   50.6459 11.4
 35.407 2907 Alaska-slab2-v3                                                                  180.9801   50.7350 12.9
 30.771 2908 Alaska-slab2-v3                                                                  180.9758   50.8239 14.5
 25.055 2909 Alaska-slab2-v3                                                                  180.9708   50.9120 16.5
 18.031 2910 Alaska-slab2-v3                                                                  180.9650   50.9992 19.0
  9.641 2911 Alaska-slab2-v3                                                                  180.9593   51.0852 21.9
 35.990 2917 Alaska-slab2-v3                                                                  180.7065   50.4827  8.8
 35.990 2918 Alaska-slab2-v3                                                                  180.7050   50.5716 10.4
 35.990 2919 Alaska-slab2-v3                                                                  180.7024   50.6607 11.9
 35.772 2920 Alaska-slab2-v3                                                                  180.6995   50.7498 13.3
 31.202 2921 Alaska-slab2-v3                                                                  180.6963   50.8386 15.0
 25.489 2922 Alaska-slab2-v3                                                                  180.6925   50.9266 17.1
 18.471 2923 Alaska-slab2-v3                                                                  180.6884   51.0136 19.7
 10.011 2924 Alaska-slab2-v3                                                                  180.6843   51.0991 22.8
 35.990 2930 Alaska-slab2-v3                                                                  180.4238   50.4994  9.1
 35.990 2931 Alaska-slab2-v3                                                                  180.4228   50.5882 10.8
 35.990 2932 Alaska-slab2-v3                                                                  180.4212   50.6773 12.2
 35.990 2933 Alaska-slab2-v3                                                                  180.4195   50.7664 13.7
 31.566 2934 Alaska-slab2-v3                                                                  180.4175   50.8551 15.4
 25.730 2935 Alaska-slab2-v3                                                                  180.4150   50.9429 17.7
 18.636 2936 Alaska-slab2-v3                                                                  180.4124   51.0295 20.4
 10.156 2937 Alaska-slab2-v3                                                                  180.4099   51.1147 23.6
 35.990 2942 Alaska-slab2-v3                                                                  180.1413   50.5169  9.3
 35.990 2943 Alaska-slab2-v3                                                                  180.1410   50.6056 11.0
 35.990 2944 Alaska-slab2-v3                                                                  180.1405   50.6948 12.4
 35.990 2945 Alaska-slab2-v3                                                                  180.1401   50.7839 13.9
 31.887 2946 Alaska-slab2-v3                                                                  180.1393   50.8723 15.8
 25.636 2947 Alaska-slab2-v3                                                                  180.1382   50.9596 18.2
 18.395 2948 Alaska-slab2-v3                                                                  180.1372   51.0460 21.1
 62.982 2954 Alaska-slab2-v3                                                                  179.8595   50.5313  9.4
 62.982 2955 Alaska-slab2-v3                                                                  179.8612   50.6200 11.2
 62.982 2956 Alaska-slab2-v3                                                                  179.8629   50.7092 12.6
 62.982 2957 Alaska-slab2-v3                                                                  179.8646   50.7983 14.0
 56.458 2958 Alaska-slab2-v3                                                                  179.8659   50.8866 16.0
 45.366 2959 Alaska-slab2-v3                                                                  179.8669   50.9737 18.5
 32.187 2960 Alaska-slab2-v3                                                                  179.8678   51.0595 21.6
 89.975 2966 Alaska-slab2-v3                                                                  179.5790   50.5430  9.6
 89.975 2967 Alaska-slab2-v3                                                                  179.5835   50.6316 11.4
 89.692 2968 Alaska-slab2-v3                                                                  179.5878   50.7207 12.8
 79.585 2969 Alaska-slab2-v3                                                                  179.5922   50.8098 14.2
 66.439 2970 Alaska-slab2-v3                                                                  179.5964   50.8983 16.1
 48.557 2971 Alaska-slab2-v3                                                                  179.6002   50.9854 18.6
 25.869 2972 Alaska-slab2-v3                                                                  179.6037   51.0706 21.8
116.967 2978 Alaska-slab2-v3                                                                  179.2990   50.5579  9.7
116.967 2979 Alaska-slab2-v3                                                                  179.3064   50.6463 11.5
116.967 2980 Alaska-slab2-v3                                                                  179.3134   50.7354 12.9
104.092 2981 Alaska-slab2-v3                                                                  179.3204   50.8244 14.3
 87.227 2982 Alaska-slab2-v3                                                                  179.3273   50.9128 16.2
 64.015 2983 Alaska-slab2-v3                                                                  179.3340   50.9997 18.7
 34.183 2984 Alaska-slab2-v3                                                                  179.3400   51.0846 22.0
143.960 2990 Alaska-slab2-v3                                                                  179.0199   50.5780  9.7
143.960 2991 Alaska-slab2-v3                                                                  179.0302   50.6663 11.6
143.960 2992 Alaska-slab2-v3                                                                  179.0398   50.7553 13.0
129.029 2993 Alaska-slab2-v3                                                                  179.0494   50.8442 14.4
107.763 2994 Alaska-slab2-v3                                                                  179.0591   50.9323 16.4
 78.784 2995 Alaska-slab2-v3                                                                  179.0686   51.0190 19.0
 42.312 2996 Alaska-slab2-v3                                                                  179.0772   51.1038 22.3
143.960 3002 Alaska-slab2-v3                                                                  178.7420   50.6040  9.8
143.960 3003 Alaska-slab2-v3                                                                  178.7552   50.6922 11.6
143.960 3004 Alaska-slab2-v3                                                                  178.7674   50.7810 13.0
130.319 3005 Alaska-slab2-v3                                                                  178.7798   50.8697 14.5
108.038 3006 Alaska-slab2-v3                                                                  178.7922   50.9575 16.5
 78.583 3007 Alaska-slab2-v3                                                                  178.8044   51.0439 19.3
 42.606 3008 Alaska-slab2-v3                                                                  178.8155   51.1285 22.6
143.960 3014 Alaska-slab2-v3                                                                  178.4654   50.6353  9.8
143.960 3015 Alaska-slab2-v3                                                                  178.4815   50.7233 11.6
143.960 3016 Alaska-slab2-v3                                                                  178.4964   50.8120 13.0
131.632 3017 Alaska-slab2-v3                                                                  178.5114   50.9004 14.6
108.586 3018 Alaska-slab2-v3                                                                  178.5266   50.9878 16.7
 78.679 3019 Alaska-slab2-v3                                                                  178.5414   51.0738 19.5
 42.984 3020 Alaska-slab2-v3                                                                  178.5549   51.1583 22.9
143.960 3025 Alaska-slab2-v3                                                                  178.1902   50.6710  9.8
143.960 3026 Alaska-slab2-v3                                                                  178.2094   50.7588 11.6
143.960 3027 Alaska-slab2-v3                                                                  178.2269   50.8472 13.0
132.992 3028 Alaska-slab2-v3                                                                  178.2445   50.9354 14.6
109.255 3029 Alaska-slab2-v3                                                                  178.2624   51.0224 16.9
 78.947 3030 Alaska-slab2-v3                                                                  178.2798   51.1081 19.7
 43.236 3031 Alaska-slab2-v3                                                                  178.2957   51.1922 23.1
143.960 3036 Alaska-slab2-v3                                                                  177.9160   50.7103  9.7
143.960 3037 Alaska-slab2-v3                                                                  177.9384   50.7977 11.5
143.960 3038 Alaska-slab2-v3                                                                  177.9585   50.8859 12.9
134.060 3039 Alaska-slab2-v3                                                                  177.9788   50.9738 14.6
109.944 3040 Alaska-slab2-v3                                                                  177.9995   51.0605 16.9
 79.299 3041 Alaska-slab2-v3                                                                  178.0197   51.1457 19.8
 43.177 3042 Alaska-slab2-v3                                                                  178.0379   51.2295 23.2
143.960 3047 Alaska-slab2-v3                                                                  177.6429   50.7524  9.6
143.960 3048 Alaska-slab2-v3                                                                  177.6686   50.8395 11.3
143.960 3049 Alaska-slab2-v3                                                                  177.6915   50.9274 12.8
134.791 3050 Alaska-slab2-v3                                                                  177.7145   51.0150 14.5
110.446 3051 Alaska-slab2-v3                                                                  177.7381   51.1013 16.8
 79.462 3052 Alaska-slab2-v3                                                                  177.7610   51.1862 19.8
 42.998 3053 Alaska-slab2-v3                                                                  177.7817   51.2696 23.2
143.960 3058 Alaska-slab2-v3                                                                  177.3704   50.7972  9.4
143.960 3059 Alaska-slab2-v3                                                                  177.3997   50.8839 11.2
143.960 3060 Alaska-slab2-v3                                                                  177.4254   50.9714 12.7
135.367 3061 Alaska-slab2-v3                                                                  177.4512   51.0587 14.4
110.861 3062 Alaska-slab2-v3                                                                  177.4776   51.1447 16.7
 79.671 3063 Alaska-slab2-v3                                                                  177.5036   51.2292 19.6
 42.859 3064 Alaska-slab2-v3                                                                  177.5268   51.3124 23.1
143.960 3069 Alaska-slab2-v3                                                                  177.0983   50.8445  9.2
143.960 3070 Alaska-slab2-v3                                                                  177.1313   50.9307 11.0
143.960 3071 Alaska-slab2-v3                                                                  177.1599   51.0179 12.5
135.926 3072 Alaska-slab2-v3                                                                  177.1886   51.1048 14.2
111.397 3073 Alaska-slab2-v3                                                                  177.2180   51.1905 16.5
 79.906 3074 Alaska-slab2-v3                                                                  177.2470   51.2746 19.4
 42.845 3075 Alaska-slab2-v3                                                                  177.2728   51.3575 22.9
143.960 3080 Alaska-slab2-v3                                                                  176.8266   50.8941  9.1
143.960 3081 Alaska-slab2-v3                                                                  176.8631   50.9798 10.8
143.960 3082 Alaska-slab2-v3                                                                  176.8947   51.0666 12.3
136.445 3083 Alaska-slab2-v3                                                                  176.9263   51.1531 14.0
112.011 3084 Alaska-slab2-v3                                                                  176.9587   51.2385 16.3
 80.440 3085 Alaska-slab2-v3                                                                  176.9909   51.3222 19.2
 42.815 3086 Alaska-slab2-v3                                                                  177.0194   51.4047 22.7
143.960 3091 Alaska-slab2-v3                                                                  176.5551   50.9460  9.0
143.960 3092 Alaska-slab2-v3                                                                  176.5947   51.0311 10.8
143.960 3093 Alaska-slab2-v3                                                                  176.6293   51.1174 12.3
136.629 3094 Alaska-slab2-v3                                                                  176.6639   51.2036 13.9
112.843 3095 Alaska-slab2-v3                                                                  176.6995   51.2885 16.1
 81.456 3096 Alaska-slab2-v3                                                                  176.7350   51.3718 19.0
 43.117 3097 Alaska-slab2-v3                                                                  176.7662   51.4537 22.5
143.960 3103 Alaska-slab2-v3                                                                  176.2839   50.9998  9.0
143.960 3104 Alaska-slab2-v3                                                                  176.3264   51.0844 10.7
143.960 3105 Alaska-slab2-v3                                                                  176.3640   51.1702 12.3
136.537 3106 Alaska-slab2-v3                                                                  176.4015   51.2558 14.0
113.564 3107 Alaska-slab2-v3                                                                  176.4402   51.3404 16.1
 82.681 3108 Alaska-slab2-v3                                                                  176.4791   51.4232 18.9
 43.778 3109 Alaska-slab2-v3                                                                  176.5128   51.5045 22.5
143.960 3114 Alaska-slab2-v3                                                                  176.0134   51.0555  9.0
143.960 3115 Alaska-slab2-v3                                                                  176.0587   51.1395 10.8
143.960 3116 Alaska-slab2-v3                                                                  176.0991   51.2247 12.4
136.880 3117 Alaska-slab2-v3                                                                  176.1396   51.3098 14.1
114.245 3118 Alaska-slab2-v3                                                                  176.1814   51.3939 16.2
 83.994 3119 Alaska-slab2-v3                                                                  176.2234   51.4761 19.0
 44.733 3120 Alaska-slab2-v3                                                                  176.2596   51.5568 22.7
143.960 3125 Alaska-slab2-v3                                                                  175.7436   51.1130  9.1
143.960 3126 Alaska-slab2-v3                                                                  175.7917   51.1963 10.9
143.960 3127 Alaska-slab2-v3                                                                  175.8350   51.2809 12.5
137.838 3128 Alaska-slab2-v3                                                                  175.8786   51.3654 14.2
115.041 3129 Alaska-slab2-v3                                                                  175.9236   51.4487 16.4
 84.645 3130 Alaska-slab2-v3                                                                  175.9682   51.5303 19.3
 45.805 3131 Alaska-slab2-v3                                                                  176.0069   51.6103 22.9
143.960 3136 Alaska-slab2-v3                                                                  175.4744   51.1720  9.1
143.960 3137 Alaska-slab2-v3                                                                  175.5253   51.2547 10.9
143.960 3138 Alaska-slab2-v3                                                                  175.5718   51.3387 12.6
139.192 3139 Alaska-slab2-v3                                                                  175.6186   51.4223 14.4
115.458 3140 Alaska-slab2-v3                                                                  175.6667   51.5047 16.6
 84.883 3141 Alaska-slab2-v3                                                                  175.7139   51.5855 19.6
 46.536 3142 Alaska-slab2-v3                                                                  175.7550   51.6650 23.3
143.960 3147 Alaska-slab2-v3                                                                  175.2060   51.2325  9.2
143.960 3148 Alaska-slab2-v3                                                                  175.2598   51.3145 11.0
143.960 3149 Alaska-slab2-v3                                                                  175.3094   51.3978 12.6
140.336 3150 Alaska-slab2-v3                                                                  175.3593   51.4807 14.5
115.637 3151 Alaska-slab2-v3                                                                  175.4107   51.5619 16.9
 84.406 3152 Alaska-slab2-v3                                                                  175.4603   51.6419 19.9
 46.439 3153 Alaska-slab2-v3                                                                  175.5040   51.7208 23.7
143.960 3158 Alaska-slab2-v3                                                                  174.9384   51.2945  9.3
143.960 3159 Alaska-slab2-v3                                                                  174.9951   51.3757 11.1
143.960 3160 Alaska-slab2-v3                                                                  175.0477   51.4583 12.7
140.725 3161 Alaska-slab2-v3                                                                  175.1008   51.5404 14.6
115.147 3162 Alaska-slab2-v3                                                                  175.1555   51.6206 17.1
 83.404 3163 Alaska-slab2-v3                                                                  175.2076   51.6996 20.2
 45.493 3164 Alaska-slab2-v3                                                                  175.2538   51.7779 24.0
143.960 3169 Alaska-slab2-v3                                                                  174.6719   51.3578  9.4
143.960 3170 Alaska-slab2-v3                                                                  174.7314   51.4382 11.2
143.960 3171 Alaska-slab2-v3                                                                  174.7868   51.5202 12.8
140.385 3172 Alaska-slab2-v3                                                                  174.8430   51.6015 14.6
114.503 3173 Alaska-slab2-v3                                                                  174.9009   51.6807 17.2
 82.176 3174 Alaska-slab2-v3                                                                  174.9558   51.7588 20.4
143.960 3180 Alaska-slab2-v3                                                                  174.4062   51.4227  9.6
143.960 3181 Alaska-slab2-v3                                                                  174.4684   51.5022 11.4
143.960 3182 Alaska-slab2-v3                                                                  174.5268   51.5835 12.9
139.423 3183 Alaska-slab2-v3                                                                  174.5859   51.6641 14.7
113.918 3184 Alaska-slab2-v3                                                                  174.6470   51.7425 17.3
 81.355 3185 Alaska-slab2-v3                                                                  174.7046   51.8197 20.5
143.960 3191 Alaska-slab2-v3                                                                  174.1411   51.4893  9.6
143.960 3192 Alaska-slab2-v3                                                                  174.2062   51.5679 11.5
143.960 3193 Alaska-slab2-v3                                                                  174.2673   51.6484 13.0
138.023 3194 Alaska-slab2-v3                                                                  174.3294   51.7283 14.8
113.260 3195 Alaska-slab2-v3                                                                  174.3935   51.8060 17.2
 80.987 3196 Alaska-slab2-v3                                                                  174.4542   51.8825 20.4
143.960 3202 Alaska-slab2-v3                                                                  173.8768   51.5579  9.7
143.960 3203 Alaska-slab2-v3                                                                  173.9447   51.6355 11.5
143.960 3204 Alaska-slab2-v3                                                                  174.0086   51.7153 13.0
136.242 3205 Alaska-slab2-v3                                                                  174.0735   51.7944 14.7
112.369 3206 Alaska-slab2-v3                                                                  174.1404   51.8715 17.1
 80.881 3207 Alaska-slab2-v3                                                                  174.2045   51.9474 20.1
 43.116 3208 Alaska-slab2-v3                                                                  174.2612   52.0234 23.8
143.960 3213 Alaska-slab2-v3                                                                  173.6131   51.6288  9.6
143.960 3214 Alaska-slab2-v3                                                                  173.6840   51.7054 11.5
143.960 3215 Alaska-slab2-v3                                                                  173.7507   51.7844 13.0
133.801 3216 Alaska-slab2-v3                                                                  173.8182   51.8628 14.6
110.641 3217 Alaska-slab2-v3                                                                  173.8879   51.9393 16.8
 80.217 3218 Alaska-slab2-v3                                                                  173.9558   52.0146 19.7
 43.162 3219 Alaska-slab2-v3                                                                  174.0157   52.0903 23.2
143.960 3224 Alaska-slab2-v3                                                                  173.3505   51.7024  9.6
143.960 3225 Alaska-slab2-v3                                                                  173.4244   51.7780 11.4
143.960 3226 Alaska-slab2-v3                                                                  173.4938   51.8561 12.9
130.606 3227 Alaska-slab2-v3                                                                  173.5637   51.9338 14.5
108.024 3228 Alaska-slab2-v3                                                                  173.6359   52.0098 16.6
 78.602 3229 Alaska-slab2-v3                                                                  173.7078   52.0843 19.3
 42.667 3230 Alaska-slab2-v3                                                                  173.7717   52.1595 22.6
143.960 3235 Alaska-slab2-v3                                                                  173.0895   51.7788  9.5
143.960 3236 Alaska-slab2-v3                                                                  173.1663   51.8534 11.3
143.960 3237 Alaska-slab2-v3                                                                  173.2383   51.9306 12.8
127.327 3238 Alaska-slab2-v3                                                                  173.3105   52.0077 14.3
105.188 3239 Alaska-slab2-v3                                                                  173.3851   52.0831 16.3
 76.419 3240 Alaska-slab2-v3                                                                  173.4610   52.1566 18.8
 41.468 3241 Alaska-slab2-v3                                                                  173.5291   52.2312 21.9
143.960 3247 Alaska-slab2-v3                                                                  172.8302   51.8584  9.4
143.960 3248 Alaska-slab2-v3                                                                  172.9099   51.9320 11.2
143.960 3249 Alaska-slab2-v3                                                                  172.9845   52.0084 12.6
143.960 3250 Alaska-slab2-v3                                                                  173.0592   52.0848 14.1
128.885 3251 Alaska-slab2-v3                                                                  173.1361   52.1596 15.9
104.525 3252 Alaska-slab2-v3                                                                  173.2150   52.2323 18.4
 75.174 3253 Alaska-slab2-v3                                                                  173.2872   52.3060 21.3
143.960 3259 Alaska-slab2-v3                                                                  172.5730   51.9417  9.3
143.960 3260 Alaska-slab2-v3                                                                  172.6557   52.0142 11.0
143.960 3261 Alaska-slab2-v3                                                                  172.7327   52.0898 12.4
143.960 3262 Alaska-slab2-v3                                                                  172.8100   52.1653 13.8
127.311 3263 Alaska-slab2-v3                                                                  172.8891   52.2394 15.6
102.983 3264 Alaska-slab2-v3                                                                  172.9702   52.3115 17.9
 73.913 3265 Alaska-slab2-v3                                                                  173.0462   52.3842 20.8
143.960 3271 Alaska-slab2-v3                                                                  172.3179   52.0289  9.1
143.960 3272 Alaska-slab2-v3                                                                  172.4036   52.1002 10.7
143.960 3273 Alaska-slab2-v3                                                                  172.4834   52.1748 12.1
143.960 3274 Alaska-slab2-v3                                                                  172.5631   52.2495 13.5
126.494 3275 Alaska-slab2-v3                                                                  172.6443   52.3229 15.2
102.254 3276 Alaska-slab2-v3                                                                  172.7276   52.3943 17.5
 73.144 3277 Alaska-slab2-v3                                                                  172.8074   52.4658 20.3
 39.589 3278 Alaska-slab2-v3                                                                  172.8796   52.5389 23.5
143.960 3284 Alaska-slab2-v3                                                                  172.0646   52.1197  8.9
143.960 3285 Alaska-slab2-v3                                                                  172.1533   52.1898 10.5
143.960 3286 Alaska-slab2-v3                                                                  172.2361   52.2632 11.9
143.960 3287 Alaska-slab2-v3                                                                  172.3183   52.3369 13.2
126.256 3288 Alaska-slab2-v3                                                                  172.4015   52.4097 14.9
102.326 3289 Alaska-slab2-v3                                                                  172.4871   52.4803 17.1
 73.198 3290 Alaska-slab2-v3                                                                  172.5705   52.5506 19.8
 39.414 3291 Alaska-slab2-v3                                                                  172.6457   52.6227 23.0
143.960 3297 Alaska-slab2-v3                                                                  171.8132   52.2133  8.7
143.960 3298 Alaska-slab2-v3                                                                  171.9045   52.2824 10.3
143.960 3299 Alaska-slab2-v3                                                                  171.9905   52.3544 11.6
143.572 3300 Alaska-slab2-v3                                                                  172.0751   52.4272 13.0
125.611 3301 Alaska-slab2-v3                                                                  172.1604   52.4993 14.6
102.662 3302 Alaska-slab2-v3                                                                  172.2482   52.5693 16.7
 73.837 3303 Alaska-slab2-v3                                                                  172.3355   52.6382 19.3
 39.468 3304 Alaska-slab2-v3                                                                  172.4142   52.7091 22.4
143.960 3310 Alaska-slab2-v3                                                                  171.5637   52.3090  8.6
143.960 3311 Alaska-slab2-v3                                                                  171.6574   52.3771 10.1
143.960 3312 Alaska-slab2-v3                                                                  171.7461   52.4480 11.5
140.931 3313 Alaska-slab2-v3                                                                  171.8331   52.5199 12.9
123.557 3314 Alaska-slab2-v3                                                                  171.9204   52.5913 14.4
101.955 3315 Alaska-slab2-v3                                                                  172.0105   52.6608 16.3
 74.409 3316 Alaska-slab2-v3                                                                  172.1019   52.7283 18.7
 40.005 3317 Alaska-slab2-v3                                                                  172.1846   52.7979 21.7
143.960 3323 Alaska-slab2-v3                                                                  171.3160   52.4064  8.6
143.960 3324 Alaska-slab2-v3                                                                  171.4118   52.4735 10.1
143.960 3325 Alaska-slab2-v3                                                                  171.5029   52.5434 11.4
143.960 3326 Alaska-slab2-v3                                                                  171.5921   52.6144 12.7
142.416 3327 Alaska-slab2-v3                                                                  171.6816   52.6852 14.1
124.820 3328 Alaska-slab2-v3                                                                  171.7737   52.7542 15.9
102.387 3329 Alaska-slab2-v3                                                                  171.8682   52.8209 18.0
 73.884 3330 Alaska-slab2-v3                                                                  171.9560   52.8890 20.8
143.960 3336 Alaska-slab2-v3                                                                  171.0693   52.5052  8.5
143.960 3337 Alaska-slab2-v3                                                                  171.1672   52.5714 10.0
143.960 3338 Alaska-slab2-v3                                                                  171.2605   52.6403 11.4
143.960 3339 Alaska-slab2-v3                                                                  171.3519   52.7105 12.6
137.409 3340 Alaska-slab2-v3                                                                  171.4435   52.7805 13.9
120.192 3341 Alaska-slab2-v3                                                                  171.5373   52.8490 15.5
 98.536 3342 Alaska-slab2-v3                                                                  171.6337   52.9153 17.5
 71.790 3343 Alaska-slab2-v3                                                                  171.7269   52.9819 20.0
 39.414 3344 Alaska-slab2-v3                                                                  171.8119   53.0507 23.0
