  2.994 0010 Alaska-slab2-v3                                                                  220.6551   61.0581  8.4
  2.994 0011 Alaska-slab2-v3                                                                  220.6343   61.1471  9.3
  2.656 0012 Alaska-slab2-v3                                                                  220.6074   61.2353 10.4
  2.268 0013 Alaska-slab2-v3                                                                  220.5693   61.3225 11.6
  1.841 0014 Alaska-slab2-v3                                                                  220.5225   61.4090 12.9
  1.389 0015 Alaska-slab2-v3                                                                  220.4743   61.4951 14.3
  5.988 0034 Alaska-slab2-v3                                                                  220.2091   61.0718  8.6
  5.951 0035 Alaska-slab2-v3                                                                  220.1755   61.1598  9.7
  5.235 0036 Alaska-slab2-v3                                                                  220.1353   61.2470 10.8
  4.438 0037 Alaska-slab2-v3                                                                  220.0881   61.3334 12.1
  3.592 0038 Alaska-slab2-v3                                                                  220.0377   61.4193 13.5
  2.701 0039 Alaska-slab2-v3                                                                  219.9860   61.5050 14.9
  8.982 0057 Alaska-slab2-v3                                                                  219.7710   61.0555  8.5
  8.868 0058 Alaska-slab2-v3                                                                  219.7270   61.1425  9.6
  7.759 0059 Alaska-slab2-v3                                                                  219.6794   61.2289 10.8
  6.554 0060 Alaska-slab2-v3                                                                  219.6278   61.3148 12.0
  5.283 0061 Alaska-slab2-v3                                                                  219.5751   61.4004 13.4
  3.965 0062 Alaska-slab2-v3                                                                  219.5215   61.4859 14.8
 11.976 0079 Alaska-slab2-v3                                                                  219.3506   61.0087  8.2
 11.976 0080 Alaska-slab2-v3                                                                  219.2976   61.0947  9.1
 11.429 0081 Alaska-slab2-v3                                                                  219.2445   61.1805 10.2
  9.967 0082 Alaska-slab2-v3                                                                  219.1907   61.2661 11.4
  8.382 0083 Alaska-slab2-v3                                                                  219.1363   61.3516 12.7
  6.735 0084 Alaska-slab2-v3                                                                  219.0817   61.4369 14.0
 14.970 0101 Alaska-slab2-v3                                                                  218.8900   61.0211  8.6
 14.818 0102 Alaska-slab2-v3                                                                  218.8295   61.1059  9.4
 13.168 0103 Alaska-slab2-v3                                                                  218.7707   61.1909 10.5
 11.278 0104 Alaska-slab2-v3                                                                  218.7137   61.2761 11.6
  9.211 0105 Alaska-slab2-v3                                                                  218.6566   61.3611 12.9
  7.017 0106 Alaska-slab2-v3                                                                  218.5991   61.4460 14.3
 14.970 0121 Alaska-slab2-v3                                                                  218.5043   60.9250  8.0
 14.970 0122 Alaska-slab2-v3                                                                  218.4369   61.0086  8.8
 14.182 0123 Alaska-slab2-v3                                                                  218.3694   61.0923  9.6
 12.607 0124 Alaska-slab2-v3                                                                  218.3052   61.1764 10.6
 10.702 0125 Alaska-slab2-v3                                                                  218.2444   61.2609 11.7
  8.454 0126 Alaska-slab2-v3                                                                  218.1834   61.3453 13.1
  5.893 0127 Alaska-slab2-v3                                                                  218.1209   61.4290 14.6
 14.970 0140 Alaska-slab2-v3                                                                  218.0664   60.8965  8.1
 14.970 0141 Alaska-slab2-v3                                                                  217.9921   60.9788  8.8
 14.970 0142 Alaska-slab2-v3                                                                  217.9176   61.0610  9.6
 13.970 0143 Alaska-slab2-v3                                                                  217.8476   61.1440 10.6
 12.045 0144 Alaska-slab2-v3                                                                  217.7819   61.2275 11.9
  9.579 0145 Alaska-slab2-v3                                                                  217.7163   61.3106 13.5
 14.970 0158 Alaska-slab2-v3                                                                  217.6334   60.8554  8.1
 14.970 0159 Alaska-slab2-v3                                                                  217.5520   60.9361  8.8
 14.970 0160 Alaska-slab2-v3                                                                  217.4711   61.0168  9.6
 13.095 0161 Alaska-slab2-v3                                                                  217.3959   61.0984 10.9
 10.554 0162 Alaska-slab2-v3                                                                  217.3259   61.1805 12.5
  7.346 0163 Alaska-slab2-v3                                                                  217.2545   61.2616 14.6
 14.970 0176 Alaska-slab2-v3                                                                  217.2052   60.8027  8.5
 14.631 0177 Alaska-slab2-v3                                                                  217.1176   60.8817  9.3
 12.995 0178 Alaska-slab2-v3                                                                  217.0329   60.9613 10.2
 10.763 0179 Alaska-slab2-v3                                                                  216.9532   61.0417 11.6
  7.770 0180 Alaska-slab2-v3                                                                  216.8765   61.1221 13.4
 14.970 0193 Alaska-slab2-v3                                                                  216.8900   60.6628  8.8
 14.563 0194 Alaska-slab2-v3                                                                  216.7993   60.7407  9.6
 13.236 0195 Alaska-slab2-v3                                                                  216.7064   60.8182 10.4
 11.701 0196 Alaska-slab2-v3                                                                  216.6152   60.8960 11.4
  9.735 0197 Alaska-slab2-v3                                                                  216.5257   60.9741 12.6
  7.082 0198 Alaska-slab2-v3                                                                  216.4367   61.0516 14.3
 14.970 0211 Alaska-slab2-v3                                                                  216.6061   60.5129  9.0
 13.957 0212 Alaska-slab2-v3                                                                  216.5155   60.5902 10.2
 12.448 0213 Alaska-slab2-v3                                                                  216.4176   60.6658 11.1
 11.128 0214 Alaska-slab2-v3                                                                  216.3169   60.7408 12.0
  9.744 0215 Alaska-slab2-v3                                                                  216.2154   60.8156 12.9
  8.016 0216 Alaska-slab2-v3                                                                  216.1141   60.8903 13.9
 14.970 0231 Alaska-slab2-v3                                                                  216.3398   60.3457  8.9
 13.095 0232 Alaska-slab2-v3                                                                  216.2532   60.4228 10.7
 11.110 0233 Alaska-slab2-v3                                                                  216.1527   60.4968 11.9
  9.707 0234 Alaska-slab2-v3                                                                  216.0465   60.5698 12.8
  8.588 0235 Alaska-slab2-v3                                                                  215.9396   60.6428 13.6
  7.422 0236 Alaska-slab2-v3                                                                  215.8326   60.7157 14.3
 13.869 0255 Alaska-slab2-v3                                                                  216.0024   60.2336 10.4
 11.095 0256 Alaska-slab2-v3                                                                  215.9029   60.3067 12.2
  9.338 0257 Alaska-slab2-v3                                                                  215.7964   60.3790 13.4
  8.259 0258 Alaska-slab2-v3                                                                  215.6890   60.4516 14.1
  7.504 0259 Alaska-slab2-v3                                                                  215.5810   60.5242 14.6
 14.970 0281 Alaska-slab2-v3                                                                  215.7667   60.0238  8.5
 13.493 0282 Alaska-slab2-v3                                                                  215.6685   60.0957 10.9
 10.930 0283 Alaska-slab2-v3                                                                  215.5633   60.1673 12.6
  9.287 0284 Alaska-slab2-v3                                                                  215.4567   60.2395 13.7
  8.262 0285 Alaska-slab2-v3                                                                  215.3492   60.3119 14.4
  7.538 0286 Alaska-slab2-v3                                                                  215.2419   60.3845 14.9
 14.970 0311 Alaska-slab2-v3                                                                  215.4642   59.8739  8.3
 14.313 0312 Alaska-slab2-v3                                                                  215.3509   59.9410 10.4
 11.988 0313 Alaska-slab2-v3                                                                  215.2419   60.0111 11.9
 10.207 0314 Alaska-slab2-v3                                                                  215.1347   60.0828 13.1
  8.818 0315 Alaska-slab2-v3                                                                  215.0267   60.1546 14.0
  7.685 0316 Alaska-slab2-v3                                                                  214.9191   60.2267 14.7
 14.970 0344 Alaska-slab2-v3                                                                  215.1063   59.7707  9.3
 13.032 0345 Alaska-slab2-v3                                                                  214.9901   59.8370 11.1
 10.918 0346 Alaska-slab2-v3                                                                  214.8804   59.9071 12.5
  9.367 0347 Alaska-slab2-v3                                                                  214.7697   59.9775 13.5
  8.211 0348 Alaska-slab2-v3                                                                  214.6583   60.0480 14.3
  7.314 0349 Alaska-slab2-v3                                                                  214.5502   60.1198 14.9
 14.970 0386 Alaska-slab2-v3                                                                  214.8431   59.6356  9.5
 12.849 0387 Alaska-slab2-v3                                                                  214.7243   59.7004 11.4
 10.818 0388 Alaska-slab2-v3                                                                  214.6103   59.7687 12.7
  9.418 0389 Alaska-slab2-v3                                                                  214.4953   59.8373 13.6
  8.501 0390 Alaska-slab2-v3                                                                  214.3795   59.9059 14.2
  7.914 0391 Alaska-slab2-v3                                                                  214.2631   59.9745 14.6
  7.508 0392 Alaska-slab2-v3                                                                  214.1482   60.0437 14.9
 14.970 0428 Alaska-slab2-v3                                                                  214.5858   59.4974  9.6
 12.673 0429 Alaska-slab2-v3                                                                  214.4641   59.5605 11.5
 10.616 0430 Alaska-slab2-v3                                                                  214.3463   59.6269 12.9
  9.219 0431 Alaska-slab2-v3                                                                  214.2275   59.6935 13.8
  8.364 0432 Alaska-slab2-v3                                                                  214.1078   59.7602 14.4
  7.883 0433 Alaska-slab2-v3                                                                  213.9875   59.8269 14.7
  7.658 0434 Alaska-slab2-v3                                                                  213.8667   59.8935 14.8
  7.493 0435 Alaska-slab2-v3                                                                  213.7462   59.9604 14.9
 26.198 0469 Alaska-slab2-v3                                                                  214.3377   59.3548  9.5
 21.580 0470 Alaska-slab2-v3                                                                  214.2120   59.4156 11.4
 17.879 0471 Alaska-slab2-v3                                                                  214.0899   59.4797 12.8
 15.341 0472 Alaska-slab2-v3                                                                  213.9667   59.5441 13.7
 13.774 0473 Alaska-slab2-v3                                                                  213.8427   59.6084 14.3
 12.910 0474 Alaska-slab2-v3                                                                  213.7181   59.6728 14.6
 12.505 0475 Alaska-slab2-v3                                                                  213.5930   59.7370 14.8
 12.289 0476 Alaska-slab2-v3                                                                  213.4673   59.8012 14.9
 12.046 0477 Alaska-slab2-v3                                                                  213.3418   59.8654 14.9
 37.426 0510 Alaska-slab2-v3                                                                  214.1024   59.2073  9.3
 32.024 0511 Alaska-slab2-v3                                                                  213.9719   59.2655 11.1
 26.874 0512 Alaska-slab2-v3                                                                  213.8453   59.3270 12.4
 23.195 0513 Alaska-slab2-v3                                                                  213.7176   59.3887 13.3
 20.794 0514 Alaska-slab2-v3                                                                  213.5892   59.4504 14.0
 19.284 0515 Alaska-slab2-v3                                                                  213.4601   59.5121 14.4
 18.393 0516 Alaska-slab2-v3                                                                  213.3304   59.5737 14.6
 17.851 0517 Alaska-slab2-v3                                                                  213.2003   59.6352 14.7
 17.232 0518 Alaska-slab2-v3                                                                  213.0697   59.6965 14.9
 48.653 0551 Alaska-slab2-v3                                                                  213.8813   59.0556  8.9
 44.326 0552 Alaska-slab2-v3                                                                  213.7467   59.1112 10.6
 37.822 0553 Alaska-slab2-v3                                                                  213.6158   59.1701 11.9
 32.969 0554 Alaska-slab2-v3                                                                  213.4846   59.2294 12.9
 29.417 0555 Alaska-slab2-v3                                                                  213.3527   59.2888 13.6
 26.966 0556 Alaska-slab2-v3                                                                  213.2201   59.3481 14.1
 25.215 0557 Alaska-slab2-v3                                                                  213.0869   59.4073 14.4
 23.864 0558 Alaska-slab2-v3                                                                  212.9532   59.4664 14.7
 22.613 0559 Alaska-slab2-v3                                                                  212.8188   59.5252 14.9
 59.881 0591 Alaska-slab2-v3                                                                  213.6725   58.9003  8.7
 58.412 0592 Alaska-slab2-v3                                                                  213.5347   58.9537 10.2
 50.736 0593 Alaska-slab2-v3                                                                  213.4001   59.0099 11.5
 44.678 0594 Alaska-slab2-v3                                                                  213.2660   59.0671 12.5
 39.941 0595 Alaska-slab2-v3                                                                  213.1312   59.1243 13.3
 36.282 0596 Alaska-slab2-v3                                                                  212.9957   59.1814 13.9
 33.524 0597 Alaska-slab2-v3                                                                  212.8597   59.2385 14.4
 31.245 0598 Alaska-slab2-v3                                                                  212.7232   59.2954 14.8
 59.881 0629 Alaska-slab2-v3                                                                  213.4727   58.7421  8.6
 58.828 0630 Alaska-slab2-v3                                                                  213.3324   58.7934 10.1
 51.129 0631 Alaska-slab2-v3                                                                  213.1942   58.8468 11.4
 44.873 0632 Alaska-slab2-v3                                                                  213.0564   58.9011 12.4
 39.881 0633 Alaska-slab2-v3                                                                  212.9178   58.9554 13.3
 35.911 0634 Alaska-slab2-v3                                                                  212.7787   59.0096 13.9
 32.783 0635 Alaska-slab2-v3                                                                  212.6390   59.0637 14.5
 30.256 0636 Alaska-slab2-v3                                                                  212.4985   59.1175 14.9
 59.881 0665 Alaska-slab2-v3                                                                  213.2794   58.5822  8.7
 56.600 0666 Alaska-slab2-v3                                                                  213.1372   58.6314 10.3
 48.567 0667 Alaska-slab2-v3                                                                  212.9951   58.6814 11.6
 42.190 0668 Alaska-slab2-v3                                                                  212.8525   58.7318 12.6
 37.161 0669 Alaska-slab2-v3                                                                  212.7092   58.7822 13.5
 33.298 0670 Alaska-slab2-v3                                                                  212.5653   58.8324 14.1
 30.293 0671 Alaska-slab2-v3                                                                  212.4209   58.8826 14.6
 27.963 0672 Alaska-slab2-v3                                                                  212.2756   58.9323 15.0
 59.881 0700 Alaska-slab2-v3                                                                  213.0897   58.4261  9.1
 54.619 0701 Alaska-slab2-v3                                                                  212.9473   58.4744 10.8
 46.453 0702 Alaska-slab2-v3                                                                  212.8039   58.5229 12.1
 40.344 0703 Alaska-slab2-v3                                                                  212.6595   58.5714 13.1
 35.868 0704 Alaska-slab2-v3                                                                  212.5144   58.6199 13.9
 32.783 0705 Alaska-slab2-v3                                                                  212.3686   58.6683 14.4
 30.606 0706 Alaska-slab2-v3                                                                  212.2224   58.7166 14.7
 59.881 0735 Alaska-slab2-v3                                                                  212.8990   58.2742  9.5
 51.084 0736 Alaska-slab2-v3                                                                  212.7582   58.3227 11.3
 42.712 0737 Alaska-slab2-v3                                                                  212.6163   58.3719 12.7
 36.887 0738 Alaska-slab2-v3                                                                  212.4734   58.4212 13.7
 33.065 0739 Alaska-slab2-v3                                                                  212.3297   58.4705 14.3
 30.820 0740 Alaska-slab2-v3                                                                  212.1853   58.5196 14.7
 29.546 0741 Alaska-slab2-v3                                                                  212.0405   58.5687 14.9
 59.881 0770 Alaska-slab2-v3                                                                  212.7037   58.1232  9.6
 49.997 0771 Alaska-slab2-v3                                                                  212.5640   58.1721 11.5
 41.604 0772 Alaska-slab2-v3                                                                  212.4241   58.2223 12.9
 35.886 0773 Alaska-slab2-v3                                                                  212.2830   58.2726 13.8
 32.297 0774 Alaska-slab2-v3                                                                  212.1411   58.3229 14.4
 30.290 0775 Alaska-slab2-v3                                                                  211.9987   58.3731 14.7
 29.256 0776 Alaska-slab2-v3                                                                  211.8558   58.4231 14.9
 28.648 0777 Alaska-slab2-v3                                                                  211.7126   58.4732 15.0
 59.881 0804 Alaska-slab2-v3                                                                  212.5018   57.9757  9.3
 51.946 0805 Alaska-slab2-v3                                                                  212.3630   58.0250 11.1
 43.705 0806 Alaska-slab2-v3                                                                  212.2250   58.0764 12.5
 37.845 0807 Alaska-slab2-v3                                                                  212.0860   58.1278 13.4
 34.000 0808 Alaska-slab2-v3                                                                  211.9461   58.1791 14.1
 31.497 0809 Alaska-slab2-v3                                                                  211.8057   58.2304 14.5
 30.032 0810 Alaska-slab2-v3                                                                  211.6649   58.2816 14.7
 28.872 0811 Alaska-slab2-v3                                                                  211.5236   58.3327 14.9
 59.881 0838 Alaska-slab2-v3                                                                  212.2938   57.8339  8.9
 55.374 0839 Alaska-slab2-v3                                                                  212.1557   57.8839 10.5
 47.525 0840 Alaska-slab2-v3                                                                  212.0188   57.9358 11.8
 41.576 0841 Alaska-slab2-v3                                                                  211.8814   57.9880 12.8
 37.223 0842 Alaska-slab2-v3                                                                  211.7432   58.0402 13.5
 34.034 0843 Alaska-slab2-v3                                                                  211.6045   58.0922 14.0
 31.704 0844 Alaska-slab2-v3                                                                  211.4652   58.1442 14.4
 29.680 0845 Alaska-slab2-v3                                                                  211.3256   58.1960 14.7
 59.881 0872 Alaska-slab2-v3                                                                  212.0783   57.6978  8.4
 58.487 0873 Alaska-slab2-v3                                                                  211.9416   57.7490  9.9
 50.990 0874 Alaska-slab2-v3                                                                  211.8053   57.8010 11.1
 44.981 0875 Alaska-slab2-v3                                                                  211.6687   57.8535 12.1
 40.210 0876 Alaska-slab2-v3                                                                  211.5314   57.9059 12.8
 36.369 0877 Alaska-slab2-v3                                                                  211.3937   57.9582 13.5
 33.085 0878 Alaska-slab2-v3                                                                  211.2554   58.0104 14.0
 30.235 0879 Alaska-slab2-v3                                                                  211.1167   58.0625 14.4
 27.323 0880 Alaska-slab2-v3                                                                  210.9789   58.1152 14.9
 59.881 0905 Alaska-slab2-v3                                                                  211.8526   57.5663  8.1
 59.881 0906 Alaska-slab2-v3                                                                  211.7178   57.6189  9.4
 55.760 0907 Alaska-slab2-v3                                                                  211.5824   57.6714 10.6
 49.820 0908 Alaska-slab2-v3                                                                  211.4462   57.7238 11.5
 44.790 0909 Alaska-slab2-v3                                                                  211.3094   57.7761 12.4
 40.486 0910 Alaska-slab2-v3                                                                  211.1721   57.8283 13.1
 36.607 0911 Alaska-slab2-v3                                                                  211.0343   57.8803 13.7
 32.971 0912 Alaska-slab2-v3                                                                  210.8961   57.9322 14.3
 29.456 0913 Alaska-slab2-v3                                                                  210.7591   57.9852 14.9
 59.881 0939 Alaska-slab2-v3                                                                  211.4814   57.4929  9.1
 55.989 0940 Alaska-slab2-v3                                                                  211.3469   57.5459 10.2
 49.823 0941 Alaska-slab2-v3                                                                  211.2112   57.5983 11.2
 44.280 0942 Alaska-slab2-v3                                                                  211.0747   57.6504 12.1
 39.298 0943 Alaska-slab2-v3                                                                  210.9378   57.7023 12.9
 34.689 0944 Alaska-slab2-v3                                                                  210.8003   57.7542 13.7
 30.330 0945 Alaska-slab2-v3                                                                  210.6624   57.8059 14.4
 59.881 0972 Alaska-slab2-v3                                                                  211.2308   57.3710  9.0
 57.100 0973 Alaska-slab2-v3                                                                  211.0969   57.4240 10.1
 50.859 0974 Alaska-slab2-v3                                                                  210.9619   57.4765 11.1
 45.112 0975 Alaska-slab2-v3                                                                  210.8263   57.5288 12.1
 39.797 0976 Alaska-slab2-v3                                                                  210.6901   57.5810 12.9
 34.853 0977 Alaska-slab2-v3                                                                  210.5535   57.6331 13.7
 30.219 0978 Alaska-slab2-v3                                                                  210.4165   57.6851 14.5
 59.881 1004 Alaska-slab2-v3                                                                  210.9669   57.2526  9.2
 56.399 1005 Alaska-slab2-v3                                                                  210.8334   57.3056 10.3
 50.235 1006 Alaska-slab2-v3                                                                  210.7011   57.3598 11.3
 44.749 1007 Alaska-slab2-v3                                                                  210.5684   57.4139 12.2
 39.695 1008 Alaska-slab2-v3                                                                  210.4353   57.4680 13.0
 35.072 1009 Alaska-slab2-v3                                                                  210.3017   57.5220 13.7
 30.634 1010 Alaska-slab2-v3                                                                  210.1676   57.5759 14.5
 59.881 1035 Alaska-slab2-v3                                                                  210.8281   57.0879  8.2
 59.881 1036 Alaska-slab2-v3                                                                  210.6921   57.1379  9.5
 54.370 1037 Alaska-slab2-v3                                                                  210.5617   57.1925 10.6
 48.582 1038 Alaska-slab2-v3                                                                  210.4359   57.2507 11.6
 43.779 1039 Alaska-slab2-v3                                                                  210.3097   57.3090 12.3
 39.654 1040 Alaska-slab2-v3                                                                  210.1830   57.3673 13.0
 35.898 1041 Alaska-slab2-v3                                                                  210.0559   57.4255 13.6
 32.327 1042 Alaska-slab2-v3                                                                  209.9283   57.4835 14.2
 28.632 1043 Alaska-slab2-v3                                                                  209.8016   57.5422 14.8
 59.881 1066 Alaska-slab2-v3                                                                  210.5480   56.9808  8.4
 59.881 1067 Alaska-slab2-v3                                                                  210.4119   57.0299  9.8
 52.955 1068 Alaska-slab2-v3                                                                  210.2868   57.0872 10.9
 47.684 1069 Alaska-slab2-v3                                                                  210.1685   57.1498 11.8
 43.578 1070 Alaska-slab2-v3                                                                  210.0496   57.2125 12.4
 40.391 1071 Alaska-slab2-v3                                                                  209.9302   57.2750 12.9
 37.633 1072 Alaska-slab2-v3                                                                  209.8103   57.3375 13.4
 34.936 1073 Alaska-slab2-v3                                                                  209.6901   57.3999 13.8
 31.871 1074 Alaska-slab2-v3                                                                  209.5694   57.4622 14.3
 28.132 1075 Alaska-slab2-v3                                                                  209.4478   57.5238 14.9
 59.881 1096 Alaska-slab2-v3                                                                  210.2708   56.8864  8.3
 59.881 1097 Alaska-slab2-v3                                                                  210.1362   56.9367  9.6
 55.372 1098 Alaska-slab2-v3                                                                  210.0128   56.9950 10.7
 50.562 1099 Alaska-slab2-v3                                                                  209.8978   57.0594 11.5
 46.955 1100 Alaska-slab2-v3                                                                  209.7823   57.1238 12.1
 44.129 1101 Alaska-slab2-v3                                                                  209.6663   57.1881 12.6
 41.724 1102 Alaska-slab2-v3                                                                  209.5498   57.2524 13.0
 39.259 1103 Alaska-slab2-v3                                                                  209.4329   57.3166 13.4
 36.313 1104 Alaska-slab2-v3                                                                  209.3157   57.3806 13.9
 32.406 1105 Alaska-slab2-v3                                                                  209.1981   57.4444 14.5
 59.881 1126 Alaska-slab2-v3                                                                  209.8744   56.8602  9.1
 57.672 1127 Alaska-slab2-v3                                                                  209.7519   56.9196 10.1
 52.887 1128 Alaska-slab2-v3                                                                  209.6341   56.9823 10.9
 49.144 1129 Alaska-slab2-v3                                                                  209.5161   57.0452 11.5
 45.954 1130 Alaska-slab2-v3                                                                  209.3976   57.1080 12.0
 43.009 1131 Alaska-slab2-v3                                                                  209.2787   57.1707 12.5
 39.757 1132 Alaska-slab2-v3                                                                  209.1594   57.2333 13.0
 35.769 1133 Alaska-slab2-v3                                                                  209.0398   57.2957 13.7
 30.677 1134 Alaska-slab2-v3                                                                  208.9194   57.3575 14.5
 59.881 1155 Alaska-slab2-v3                                                                  209.6138   56.7850  8.6
 59.881 1156 Alaska-slab2-v3                                                                  209.4968   56.8478  9.5
 55.034 1157 Alaska-slab2-v3                                                                  209.3777   56.9096 10.4
 50.657 1158 Alaska-slab2-v3                                                                  209.2553   56.9697 11.1
 46.466 1159 Alaska-slab2-v3                                                                  209.1314   57.0291 11.7
 42.276 1160 Alaska-slab2-v3                                                                  209.0072   57.0883 12.4
 37.586 1161 Alaska-slab2-v3                                                                  208.8826   57.1474 13.1
 32.020 1162 Alaska-slab2-v3                                                                  208.7578   57.2063 14.0
 59.881 1183 Alaska-slab2-v3                                                                  209.3362   56.6985  8.4
 59.881 1184 Alaska-slab2-v3                                                                  209.2227   56.7631  9.3
 54.907 1185 Alaska-slab2-v3                                                                  209.1047   56.8252 10.2
 49.359 1186 Alaska-slab2-v3                                                                  208.9805   56.8838 11.0
 43.811 1187 Alaska-slab2-v3                                                                  208.8540   56.9412 11.9
 37.944 1188 Alaska-slab2-v3                                                                  208.7273   56.9984 12.8
 31.631 1189 Alaska-slab2-v3                                                                  208.6002   57.0555 13.8
 24.552 1190 Alaska-slab2-v3                                                                  208.4722   57.1118 14.9
 59.881 1210 Alaska-slab2-v3                                                                  209.0493   56.6043  8.6
 59.881 1211 Alaska-slab2-v3                                                                  208.9339   56.6675  9.7
 54.203 1212 Alaska-slab2-v3                                                                  208.8140   56.7282 10.7
 48.064 1213 Alaska-slab2-v3                                                                  208.6901   56.7867 11.7
 41.803 1214 Alaska-slab2-v3                                                                  208.5650   56.8445 12.7
 35.419 1215 Alaska-slab2-v3                                                                  208.4395   56.9022 13.7
 28.667 1216 Alaska-slab2-v3                                                                  208.3132   56.9594 14.8
 59.881 1236 Alaska-slab2-v3                                                                  208.8802   56.4447  8.1
 59.881 1237 Alaska-slab2-v3                                                                  208.7647   56.5072  9.4
 55.724 1238 Alaska-slab2-v3                                                                  208.6463   56.5684 10.6
 49.218 1239 Alaska-slab2-v3                                                                  208.5248   56.6279 11.7
 43.194 1240 Alaska-slab2-v3                                                                  208.4020   56.6869 12.7
 37.350 1241 Alaska-slab2-v3                                                                  208.2787   56.7458 13.7
 31.507 1242 Alaska-slab2-v3                                                                  208.1550   56.8045 14.6
 59.881 1262 Alaska-slab2-v3                                                                  208.5983   56.3460  8.8
 57.210 1263 Alaska-slab2-v3                                                                  208.4812   56.4069 10.4
 49.586 1264 Alaska-slab2-v3                                                                  208.3622   56.4673 11.7
 43.523 1265 Alaska-slab2-v3                                                                  208.2418   56.5275 12.7
 38.480 1266 Alaska-slab2-v3                                                                  208.1208   56.5876 13.5
 33.858 1267 Alaska-slab2-v3                                                                  207.9993   56.6476 14.3
 48.653 1287 Alaska-slab2-v3                                                                  208.3171   56.2446  9.4
 42.615 1288 Alaska-slab2-v3                                                                  208.2000   56.3048 11.1
 36.429 1289 Alaska-slab2-v3                                                                  208.0836   56.3666 12.4
 32.059 1290 Alaska-slab2-v3                                                                  207.9663   56.4286 13.3
 28.868 1291 Alaska-slab2-v3                                                                  207.8484   56.4905 13.9
 26.119 1292 Alaska-slab2-v3                                                                  207.7301   56.5524 14.5
 37.426 1312 Alaska-slab2-v3                                                                  208.0398   56.1434  9.6
 31.480 1313 Alaska-slab2-v3                                                                  207.9244   56.2042 11.4
 26.678 1314 Alaska-slab2-v3                                                                  207.8116   56.2679 12.6
 23.553 1315 Alaska-slab2-v3                                                                  207.6980   56.3317 13.5
 21.419 1316 Alaska-slab2-v3                                                                  207.5837   56.3957 14.0
 19.742 1317 Alaska-slab2-v3                                                                  207.4690   56.4595 14.5
 17.874 1318 Alaska-slab2-v3                                                                  207.3537   56.5231 14.9
 26.198 1336 Alaska-slab2-v3                                                                  207.7667   56.0430  9.5
 22.257 1337 Alaska-slab2-v3                                                                  207.6526   56.1043 11.3
 18.917 1338 Alaska-slab2-v3                                                                  207.5425   56.1693 12.5
 16.699 1339 Alaska-slab2-v3                                                                  207.4315   56.2344 13.4
 15.203 1340 Alaska-slab2-v3                                                                  207.3199   56.2996 13.9
 14.054 1341 Alaska-slab2-v3                                                                  207.2079   56.3648 14.4
 12.772 1342 Alaska-slab2-v3                                                                  207.0952   56.4297 14.8
 14.970 1360 Alaska-slab2-v3                                                                  207.4972   55.9427  9.3
 13.299 1361 Alaska-slab2-v3                                                                  207.3835   56.0042 11.0
 11.422 1362 Alaska-slab2-v3                                                                  207.2747   56.0698 12.2
 10.106 1363 Alaska-slab2-v3                                                                  207.1652   56.1355 13.1
  9.183 1364 Alaska-slab2-v3                                                                  207.0551   56.2013 13.7
  8.412 1365 Alaska-slab2-v3                                                                  206.9445   56.2670 14.2
  7.580 1366 Alaska-slab2-v3                                                                  206.8334   56.3326 14.8
 14.970 1384 Alaska-slab2-v3                                                                  207.2316   55.8425  9.0
 14.042 1385 Alaska-slab2-v3                                                                  207.1181   55.9043 10.6
 12.201 1386 Alaska-slab2-v3                                                                  207.0097   55.9699 11.9
 10.838 1387 Alaska-slab2-v3                                                                  206.9012   56.0360 12.8
  9.791 1388 Alaska-slab2-v3                                                                  206.7921   56.1021 13.5
  8.862 1389 Alaska-slab2-v3                                                                  206.6826   56.1682 14.1
  7.904 1390 Alaska-slab2-v3                                                                  206.5727   56.2341 14.7
 14.970 1407 Alaska-slab2-v3                                                                  206.9698   55.7423  8.7
 14.686 1408 Alaska-slab2-v3                                                                  206.8571   55.8047 10.2
 12.887 1409 Alaska-slab2-v3                                                                  206.7489   55.8703 11.4
 11.464 1410 Alaska-slab2-v3                                                                  206.6420   55.9370 12.3
 10.310 1411 Alaska-slab2-v3                                                                  206.5345   56.0037 13.1
  9.261 1412 Alaska-slab2-v3                                                                  206.4266   56.0704 13.8
  8.182 1413 Alaska-slab2-v3                                                                  206.3183   56.1369 14.5
 14.970 1430 Alaska-slab2-v3                                                                  206.7109   55.6415  8.3
 14.970 1431 Alaska-slab2-v3                                                                  206.5997   55.7049  9.7
 13.368 1432 Alaska-slab2-v3                                                                  206.4925   55.7709 10.9
 11.918 1433 Alaska-slab2-v3                                                                  206.3880   55.8387 11.8
 10.682 1434 Alaska-slab2-v3                                                                  206.2831   55.9065 12.6
  9.553 1435 Alaska-slab2-v3                                                                  206.1777   55.9743 13.4
  8.393 1436 Alaska-slab2-v3                                                                  206.0720   56.0420 14.1
  7.111 1437 Alaska-slab2-v3                                                                  205.9655   56.1092 15.0
 14.970 1453 Alaska-slab2-v3                                                                  206.4544   55.5398  8.0
 14.970 1454 Alaska-slab2-v3                                                                  206.3461   55.6049  9.2
 13.728 1455 Alaska-slab2-v3                                                                  206.2403   55.6716 10.3
 12.266 1456 Alaska-slab2-v3                                                                  206.1377   55.7402 11.2
 10.960 1457 Alaska-slab2-v3                                                                  206.0354   55.8091 12.1
  9.750 1458 Alaska-slab2-v3                                                                  205.9326   55.8780 12.8
  8.523 1459 Alaska-slab2-v3                                                                  205.8296   55.9468 13.6
  7.218 1460 Alaska-slab2-v3                                                                  205.7260   56.0154 14.4
 14.970 1477 Alaska-slab2-v3                                                                  206.0955   55.5043  8.8
 14.970 1478 Alaska-slab2-v3                                                                  205.9916   55.5720  9.8
 13.966 1479 Alaska-slab2-v3                                                                  205.8897   55.6408 10.7
 12.708 1480 Alaska-slab2-v3                                                                  205.7890   55.7103 11.5
 11.509 1481 Alaska-slab2-v3                                                                  205.6879   55.7798 12.3
 10.310 1482 Alaska-slab2-v3                                                                  205.5864   55.8492 13.1
  9.036 1483 Alaska-slab2-v3                                                                  205.4847   55.9185 13.9
  7.642 1484 Alaska-slab2-v3                                                                  205.3819   55.9873 14.9
 14.970 1500 Alaska-slab2-v3                                                                  205.8458   55.4021  8.3
 14.970 1501 Alaska-slab2-v3                                                                  205.7450   55.4712  9.2
 14.567 1502 Alaska-slab2-v3                                                                  205.6444   55.5406 10.1
 13.302 1503 Alaska-slab2-v3                                                                  205.5441   55.6102 10.9
 12.052 1504 Alaska-slab2-v3                                                                  205.4433   55.6797 11.7
 10.757 1505 Alaska-slab2-v3                                                                  205.3421   55.7491 12.6
  9.401 1506 Alaska-slab2-v3                                                                  205.2407   55.8184 13.5
  7.908 1507 Alaska-slab2-v3                                                                  205.1389   55.8874 14.5
 14.970 1524 Alaska-slab2-v3                                                                  205.4988   55.3689  8.7
 14.970 1525 Alaska-slab2-v3                                                                  205.4008   55.4394  9.5
 14.089 1526 Alaska-slab2-v3                                                                  205.3016   55.5095 10.3
 12.816 1527 Alaska-slab2-v3                                                                  205.2007   55.5787 11.2
 11.452 1528 Alaska-slab2-v3                                                                  205.0989   55.6477 12.1
  9.996 1529 Alaska-slab2-v3                                                                  204.9969   55.7165 13.0
  8.386 1530 Alaska-slab2-v3                                                                  204.8945   55.7851 14.1
 14.970 1547 Alaska-slab2-v3                                                                  205.2584   55.2577  8.5
 14.970 1548 Alaska-slab2-v3                                                                  205.1624   55.3289  9.3
 14.432 1549 Alaska-slab2-v3                                                                  205.0641   55.3994 10.1
 13.078 1550 Alaska-slab2-v3                                                                  204.9633   55.4688 11.0
 11.616 1551 Alaska-slab2-v3                                                                  204.8619   55.5377 11.9
 10.047 1552 Alaska-slab2-v3                                                                  204.7602   55.6064 12.9
  8.339 1553 Alaska-slab2-v3                                                                  204.6582   55.6750 14.0
 14.970 1570 Alaska-slab2-v3                                                                  205.0209   55.1392  8.5
 14.970 1571 Alaska-slab2-v3                                                                  204.9251   55.2105  9.3
 14.205 1572 Alaska-slab2-v3                                                                  204.8280   55.2811 10.2
 12.721 1573 Alaska-slab2-v3                                                                  204.7290   55.3509 11.1
 11.129 1574 Alaska-slab2-v3                                                                  204.6291   55.4202 12.2
  9.460 1575 Alaska-slab2-v3                                                                  204.5289   55.4895 13.2
  7.744 1576 Alaska-slab2-v3                                                                  204.4284   55.5586 14.4
 14.970 1593 Alaska-slab2-v3                                                                  204.7814   55.0242  8.6
 14.970 1594 Alaska-slab2-v3                                                                  204.6865   55.0957  9.4
 13.854 1595 Alaska-slab2-v3                                                                  204.5900   55.1664 10.4
 12.289 1596 Alaska-slab2-v3                                                                  204.4918   55.2363 11.4
 10.631 1597 Alaska-slab2-v3                                                                  204.3930   55.3061 12.5
  8.942 1598 Alaska-slab2-v3                                                                  204.2939   55.3757 13.6
  7.253 1599 Alaska-slab2-v3                                                                  204.1944   55.4452 14.6
 14.970 1615 Alaska-slab2-v3                                                                  204.6288   54.8438  8.0
 14.970 1616 Alaska-slab2-v3                                                                  204.5354   54.9157  8.9
 14.839 1617 Alaska-slab2-v3                                                                  204.4412   54.9874  9.8
 13.352 1618 Alaska-slab2-v3                                                                  204.3449   55.0581 10.7
 11.787 1619 Alaska-slab2-v3                                                                  204.2470   55.1280 11.7
 10.161 1620 Alaska-slab2-v3                                                                  204.1487   55.1978 12.8
  8.535 1621 Alaska-slab2-v3                                                                  204.0501   55.2676 13.8
  6.924 1622 Alaska-slab2-v3                                                                  203.9512   55.3373 14.9
 14.970 1638 Alaska-slab2-v3                                                                  204.3707   54.7446  8.3
 14.970 1639 Alaska-slab2-v3                                                                  204.2784   54.8168  9.2
 14.285 1640 Alaska-slab2-v3                                                                  204.1843   54.8883 10.2
 12.823 1641 Alaska-slab2-v3                                                                  204.0877   54.9587 11.1
 11.330 1642 Alaska-slab2-v3                                                                  203.9900   55.0287 12.1
  9.837 1643 Alaska-slab2-v3                                                                  203.8920   55.0987 13.1
  8.328 1644 Alaska-slab2-v3                                                                  203.7936   55.1685 14.0
 14.970 1661 Alaska-slab2-v3                                                                  204.0996   54.6557  8.6
 14.970 1662 Alaska-slab2-v3                                                                  204.0074   54.7278  9.6
 13.920 1663 Alaska-slab2-v3                                                                  203.9128   54.7990 10.6
 12.514 1664 Alaska-slab2-v3                                                                  203.8162   54.8693 11.5
 11.154 1665 Alaska-slab2-v3                                                                  203.7191   54.9396 12.4
  9.794 1666 Alaska-slab2-v3                                                                  203.6216   55.0097 13.3
  8.434 1667 Alaska-slab2-v3                                                                  203.5239   55.0798 14.2
 14.970 1683 Alaska-slab2-v3                                                                  203.8178   54.5758  8.9
 14.230 1684 Alaska-slab2-v3                                                                  203.7246   54.6474 10.0
 12.701 1685 Alaska-slab2-v3                                                                  203.6297   54.7183 10.9
 11.299 1686 Alaska-slab2-v3                                                                  203.5336   54.7888 11.8
  9.928 1687 Alaska-slab2-v3                                                                  203.4371   54.8593 12.7
  8.572 1688 Alaska-slab2-v3                                                                  203.3403   54.9297 13.6
  7.170 1689 Alaska-slab2-v3                                                                  203.2432   55.0001 14.4
 14.970 1705 Alaska-slab2-v3                                                                  203.5301   54.5031  9.1
 13.433 1706 Alaska-slab2-v3                                                                  203.4363   54.5742 10.1
 11.840 1707 Alaska-slab2-v3                                                                  203.3410   54.6449 11.1
 10.392 1708 Alaska-slab2-v3                                                                  203.2450   54.7154 12.0
  8.977 1709 Alaska-slab2-v3                                                                  203.1487   54.7859 12.9
  7.530 1710 Alaska-slab2-v3                                                                  203.0520   54.8563 13.8
  5.985 1711 Alaska-slab2-v3                                                                  202.9552   54.9266 14.7
 14.970 1726 Alaska-slab2-v3                                                                  203.2397   54.4355  9.2
 14.228 1727 Alaska-slab2-v3                                                                  203.1452   54.5063 10.3
 12.729 1728 Alaska-slab2-v3                                                                  203.0494   54.5766 11.2
 11.321 1729 Alaska-slab2-v3                                                                  202.9530   54.6469 12.2
  9.944 1730 Alaska-slab2-v3                                                                  202.8563   54.7171 13.1
  8.460 1731 Alaska-slab2-v3                                                                  202.7593   54.7871 14.0
 14.970 1745 Alaska-slab2-v3                                                                  203.0409   54.3010  8.0
 14.970 1746 Alaska-slab2-v3                                                                  202.9467   54.3715  9.3
 13.535 1747 Alaska-slab2-v3                                                                  202.8513   54.4418 10.4
 11.957 1748 Alaska-slab2-v3                                                                  202.7548   54.5117 11.4
 10.474 1749 Alaska-slab2-v3                                                                  202.6578   54.5816 12.3
  8.929 1750 Alaska-slab2-v3                                                                  202.5605   54.6514 13.3
  7.209 1751 Alaska-slab2-v3                                                                  202.4631   54.7210 14.4
