  2.830 0000 Alaska-slab2-v3                                                                  220.4681   60.1734  0.4
  2.830 0001 Alaska-slab2-v3                                                                  220.5024   60.2615  1.3
  2.830 0002 Alaska-slab2-v3                                                                  220.5366   60.3496  2.1
  2.830 0003 Alaska-slab2-v3                                                                  220.5709   60.4377  3.0
  2.830 0004 Alaska-slab2-v3                                                                  220.6056   60.5257  3.8
  2.830 0005 Alaska-slab2-v3                                                                  220.6418   60.6139  4.6
  2.830 0006 Alaska-slab2-v3                                                                  220.6782   60.7021  5.3
  2.830 0007 Alaska-slab2-v3                                                                  220.6972   60.7904  6.1
  2.830 0008 Alaska-slab2-v3                                                                  220.6900   60.8794  6.8
  2.830 0009 Alaska-slab2-v3                                                                  220.6726   60.9687  7.6
  2.830 0010 Alaska-slab2-v3                                                                  220.6551   61.0581  8.4
  2.830 0011 Alaska-slab2-v3                                                                  220.6343   61.1471  9.3
  2.510 0012 Alaska-slab2-v3                                                                  220.6074   61.2353 10.4
  2.143 0013 Alaska-slab2-v3                                                                  220.5693   61.3225 11.6
  1.740 0014 Alaska-slab2-v3                                                                  220.5225   61.4090 12.9
  1.313 0015 Alaska-slab2-v3                                                                  220.4743   61.4951 14.3
  5.660 0025 Alaska-slab2-v3                                                                  220.1533   60.2734  0.5
  5.660 0026 Alaska-slab2-v3                                                                  220.1770   60.3623  1.4
  5.660 0027 Alaska-slab2-v3                                                                  220.2007   60.4512  2.3
  5.660 0028 Alaska-slab2-v3                                                                  220.2247   60.5401  3.3
  5.660 0029 Alaska-slab2-v3                                                                  220.2487   60.6290  4.2
  5.660 0030 Alaska-slab2-v3                                                                  220.2729   60.7179  5.1
  5.660 0031 Alaska-slab2-v3                                                                  220.2856   60.8066  6.0
  5.660 0032 Alaska-slab2-v3                                                                  220.2708   60.8950  6.8
  5.660 0033 Alaska-slab2-v3                                                                  220.2400   60.9835  7.7
  5.660 0034 Alaska-slab2-v3                                                                  220.2091   61.0718  8.6
  5.625 0035 Alaska-slab2-v3                                                                  220.1755   61.1598  9.7
  4.948 0036 Alaska-slab2-v3                                                                  220.1353   61.2470 10.8
  4.195 0037 Alaska-slab2-v3                                                                  220.0881   61.3334 12.1
  3.395 0038 Alaska-slab2-v3                                                                  220.0377   61.4193 13.5
  2.554 0039 Alaska-slab2-v3                                                                  219.9860   61.5050 14.9
  8.490 0049 Alaska-slab2-v3                                                                  219.8109   60.3467  0.5
  8.490 0050 Alaska-slab2-v3                                                                  219.8248   60.4360  1.6
  8.490 0051 Alaska-slab2-v3                                                                  219.8386   60.5254  2.7
  8.490 0052 Alaska-slab2-v3                                                                  219.8526   60.6147  3.7
  8.490 0053 Alaska-slab2-v3                                                                  219.8667   60.7040  4.7
  8.490 0054 Alaska-slab2-v3                                                                  219.8736   60.7931  5.7
  8.490 0055 Alaska-slab2-v3                                                                  219.8548   60.8811  6.6
  8.490 0056 Alaska-slab2-v3                                                                  219.8144   60.9683  7.6
  8.490 0057 Alaska-slab2-v3                                                                  219.7710   61.0555  8.5
  8.383 0058 Alaska-slab2-v3                                                                  219.7270   61.1425  9.6
  7.334 0059 Alaska-slab2-v3                                                                  219.6794   61.2289 10.8
  6.195 0060 Alaska-slab2-v3                                                                  219.6278   61.3148 12.0
  4.994 0061 Alaska-slab2-v3                                                                  219.5751   61.4004 13.4
  3.747 0062 Alaska-slab2-v3                                                                  219.5215   61.4859 14.8
 11.320 0072 Alaska-slab2-v3                                                                  219.4474   60.3908  0.6
 11.320 0073 Alaska-slab2-v3                                                                  219.4526   60.4801  1.9
 11.320 0074 Alaska-slab2-v3                                                                  219.4578   60.5695  3.1
 11.320 0075 Alaska-slab2-v3                                                                  219.4631   60.6590  4.2
 11.320 0076 Alaska-slab2-v3                                                                  219.4664   60.7483  5.3
 11.320 0077 Alaska-slab2-v3                                                                  219.4483   60.8364  6.3
 11.320 0078 Alaska-slab2-v3                                                                  219.4033   60.9228  7.2
 11.320 0079 Alaska-slab2-v3                                                                  219.3506   61.0087  8.2
 11.320 0080 Alaska-slab2-v3                                                                  219.2976   61.0947  9.1
 10.803 0081 Alaska-slab2-v3                                                                  219.2445   61.1805 10.2
  9.421 0082 Alaska-slab2-v3                                                                  219.1907   61.2661 11.4
  7.922 0083 Alaska-slab2-v3                                                                  219.1363   61.3516 12.7
  6.366 0084 Alaska-slab2-v3                                                                  219.0817   61.4369 14.0
 14.150 0094 Alaska-slab2-v3                                                                  219.0747   60.4088  0.7
 14.150 0095 Alaska-slab2-v3                                                                  219.0718   60.4979  2.1
 14.150 0096 Alaska-slab2-v3                                                                  219.0689   60.5872  3.5
 14.150 0097 Alaska-slab2-v3                                                                  219.0659   60.6765  4.8
 14.150 0098 Alaska-slab2-v3                                                                  219.0522   60.7651  5.9
 14.150 0099 Alaska-slab2-v3                                                                  219.0101   60.8513  6.8
 14.150 0100 Alaska-slab2-v3                                                                  218.9502   60.9362  7.7
 14.150 0101 Alaska-slab2-v3                                                                  218.8900   61.0211  8.6
 14.006 0102 Alaska-slab2-v3                                                                  218.8295   61.1059  9.4
 12.447 0103 Alaska-slab2-v3                                                                  218.7707   61.1909 10.5
 10.660 0104 Alaska-slab2-v3                                                                  218.7137   61.2761 11.6
  8.707 0105 Alaska-slab2-v3                                                                  218.6566   61.3611 12.9
  6.632 0106 Alaska-slab2-v3                                                                  218.5991   61.4460 14.3
 14.150 0115 Alaska-slab2-v3                                                                  218.6998   60.4034  0.8
 14.150 0116 Alaska-slab2-v3                                                                  218.6885   60.4922  2.4
 14.150 0117 Alaska-slab2-v3                                                                  218.6771   60.5811  3.8
 14.150 0118 Alaska-slab2-v3                                                                  218.6656   60.6702  5.2
 14.150 0119 Alaska-slab2-v3                                                                  218.6323   60.7571  6.3
 14.150 0120 Alaska-slab2-v3                                                                  218.5713   60.8413  7.2
 14.150 0121 Alaska-slab2-v3                                                                  218.5043   60.9250  8.0
 14.150 0122 Alaska-slab2-v3                                                                  218.4369   61.0086  8.8
 13.405 0123 Alaska-slab2-v3                                                                  218.3694   61.0923  9.6
 11.916 0124 Alaska-slab2-v3                                                                  218.3052   61.1764 10.6
 10.116 0125 Alaska-slab2-v3                                                                  218.2444   61.2609 11.7
  7.991 0126 Alaska-slab2-v3                                                                  218.1834   61.3453 13.1
  5.570 0127 Alaska-slab2-v3                                                                  218.1209   61.4290 14.6
 14.150 0134 Alaska-slab2-v3                                                                  218.3264   60.3816  0.9
 14.150 0135 Alaska-slab2-v3                                                                  218.3057   60.4698  2.5
 14.150 0136 Alaska-slab2-v3                                                                  218.2849   60.5582  4.1
 14.150 0137 Alaska-slab2-v3                                                                  218.2619   60.6465  5.5
 14.150 0138 Alaska-slab2-v3                                                                  218.2133   60.7318  6.6
 14.150 0139 Alaska-slab2-v3                                                                  218.1403   60.8141  7.4
 14.150 0140 Alaska-slab2-v3                                                                  218.0664   60.8965  8.1
 14.150 0141 Alaska-slab2-v3                                                                  217.9921   60.9788  8.8
 14.150 0142 Alaska-slab2-v3                                                                  217.9176   61.0610  9.6
 13.205 0143 Alaska-slab2-v3                                                                  217.8476   61.1440 10.6
 11.386 0144 Alaska-slab2-v3                                                                  217.7819   61.2275 11.9
  9.054 0145 Alaska-slab2-v3                                                                  217.7163   61.3106 13.5
 14.150 0152 Alaska-slab2-v3                                                                  217.9560   60.3487  0.9
 14.150 0153 Alaska-slab2-v3                                                                  217.9251   60.4360  2.7
 14.150 0154 Alaska-slab2-v3                                                                  217.8940   60.5236  4.3
 14.150 0155 Alaska-slab2-v3                                                                  217.8567   60.6105  5.7
 14.150 0156 Alaska-slab2-v3                                                                  217.7950   60.6939  6.7
 14.150 0157 Alaska-slab2-v3                                                                  217.7144   60.7747  7.4
 14.150 0158 Alaska-slab2-v3                                                                  217.6334   60.8554  8.1
 14.150 0159 Alaska-slab2-v3                                                                  217.5520   60.9361  8.8
 14.150 0160 Alaska-slab2-v3                                                                  217.4711   61.0168  9.6
 12.378 0161 Alaska-slab2-v3                                                                  217.3959   61.0984 10.9
  9.975 0162 Alaska-slab2-v3                                                                  217.3259   61.1805 12.5
  6.943 0163 Alaska-slab2-v3                                                                  217.2545   61.2616 14.6
 14.150 0170 Alaska-slab2-v3                                                                  217.5897   60.3064  1.0
 14.150 0171 Alaska-slab2-v3                                                                  217.5486   60.3925  2.8
 14.150 0172 Alaska-slab2-v3                                                                  217.5071   60.4789  4.5
 14.150 0173 Alaska-slab2-v3                                                                  217.4550   60.5637  5.9
 14.150 0174 Alaska-slab2-v3                                                                  217.3802   60.6447  7.0
 14.150 0175 Alaska-slab2-v3                                                                  217.2929   60.7237  7.8
 14.150 0176 Alaska-slab2-v3                                                                  217.2052   60.8027  8.5
 13.830 0177 Alaska-slab2-v3                                                                  217.1176   60.8817  9.3
 12.283 0178 Alaska-slab2-v3                                                                  217.0329   60.9613 10.2
 10.173 0179 Alaska-slab2-v3                                                                  216.9532   61.0417 11.6
  7.345 0180 Alaska-slab2-v3                                                                  216.8765   61.1221 13.4
 14.150 0188 Alaska-slab2-v3                                                                  217.2301   60.2536  1.0
 14.150 0189 Alaska-slab2-v3                                                                  217.1792   60.3381  3.0
 14.150 0190 Alaska-slab2-v3                                                                  217.1277   60.4229  4.9
 14.150 0191 Alaska-slab2-v3                                                                  217.0622   60.5053  6.5
 14.150 0192 Alaska-slab2-v3                                                                  216.9785   60.5843  7.7
 14.150 0193 Alaska-slab2-v3                                                                  216.8900   60.6628  8.8
 13.765 0194 Alaska-slab2-v3                                                                  216.7993   60.7407  9.6
 12.511 0195 Alaska-slab2-v3                                                                  216.7064   60.8182 10.4
 11.060 0196 Alaska-slab2-v3                                                                  216.6152   60.8960 11.4
  9.202 0197 Alaska-slab2-v3                                                                  216.5257   60.9741 12.6
  6.694 0198 Alaska-slab2-v3                                                                  216.4367   61.0516 14.3
 14.150 0207 Alaska-slab2-v3                                                                  216.8806   60.1876  1.2
 14.150 0208 Alaska-slab2-v3                                                                  216.8211   60.2702  3.5
 14.150 0209 Alaska-slab2-v3                                                                  216.7599   60.3528  5.6
 14.150 0210 Alaska-slab2-v3                                                                  216.6886   60.4338  7.4
 14.150 0211 Alaska-slab2-v3                                                                  216.6061   60.5129  9.0
 13.192 0212 Alaska-slab2-v3                                                                  216.5155   60.5902 10.2
 11.766 0213 Alaska-slab2-v3                                                                  216.4176   60.6658 11.1
 10.518 0214 Alaska-slab2-v3                                                                  216.3169   60.7408 12.0
  9.211 0215 Alaska-slab2-v3                                                                  216.2154   60.8156 12.9
  7.576 0216 Alaska-slab2-v3                                                                  216.1141   60.8903 13.9
 14.150 0228 Alaska-slab2-v3                                                                  216.5462   60.1055  1.4
 14.150 0229 Alaska-slab2-v3                                                                  216.4789   60.1854  4.1
 14.150 0230 Alaska-slab2-v3                                                                  216.4121   60.2658  6.7
 14.150 0231 Alaska-slab2-v3                                                                  216.3398   60.3457  8.9
 12.378 0232 Alaska-slab2-v3                                                                  216.2532   60.4228 10.7
 10.501 0233 Alaska-slab2-v3                                                                  216.1527   60.4968 11.9
  9.175 0234 Alaska-slab2-v3                                                                  216.0465   60.5698 12.8
  8.118 0235 Alaska-slab2-v3                                                                  215.9396   60.6428 13.6
  7.016 0236 Alaska-slab2-v3                                                                  215.8326   60.7157 14.3
 14.150 0252 Alaska-slab2-v3                                                                  216.2342   60.0034  1.6
 14.150 0253 Alaska-slab2-v3                                                                  216.1579   60.0796  4.9
 14.150 0254 Alaska-slab2-v3                                                                  216.0843   60.1571  7.9
 13.109 0255 Alaska-slab2-v3                                                                  216.0024   60.2336 10.4
 10.487 0256 Alaska-slab2-v3                                                                  215.9029   60.3067 12.2
  8.827 0257 Alaska-slab2-v3                                                                  215.7964   60.3790 13.4
  7.807 0258 Alaska-slab2-v3                                                                  215.6890   60.4516 14.1
  7.093 0259 Alaska-slab2-v3                                                                  215.5810   60.5242 14.6
 14.150 0279 Alaska-slab2-v3                                                                  215.9496   59.8812  1.8
 14.150 0280 Alaska-slab2-v3                                                                  215.8586   59.9519  5.4
 14.150 0281 Alaska-slab2-v3                                                                  215.7667   60.0238  8.5
 12.754 0282 Alaska-slab2-v3                                                                  215.6685   60.0957 10.9
 10.331 0283 Alaska-slab2-v3                                                                  215.5633   60.1673 12.6
  8.778 0284 Alaska-slab2-v3                                                                  215.4567   60.2395 13.7
  7.809 0285 Alaska-slab2-v3                                                                  215.3492   60.3119 14.4
  7.125 0286 Alaska-slab2-v3                                                                  215.2419   60.3845 14.9
 14.150 0309 Alaska-slab2-v3                                                                  215.6867   59.7457  1.9
 14.150 0310 Alaska-slab2-v3                                                                  215.5774   59.8092  5.5
 14.150 0311 Alaska-slab2-v3                                                                  215.4642   59.8739  8.3
 13.529 0312 Alaska-slab2-v3                                                                  215.3509   59.9410 10.4
 11.332 0313 Alaska-slab2-v3                                                                  215.2419   60.0111 11.9
  9.648 0314 Alaska-slab2-v3                                                                  215.1347   60.0828 13.1
  8.335 0315 Alaska-slab2-v3                                                                  215.0267   60.1546 14.0
  7.264 0316 Alaska-slab2-v3                                                                  214.9191   60.2267 14.7
 14.150 0343 Alaska-slab2-v3                                                                  215.2307   59.7091  7.2
 14.150 0344 Alaska-slab2-v3                                                                  215.1063   59.7707  9.3
 12.318 0345 Alaska-slab2-v3                                                                  214.9901   59.8370 11.1
 10.320 0346 Alaska-slab2-v3                                                                  214.8804   59.9071 12.5
  8.854 0347 Alaska-slab2-v3                                                                  214.7697   59.9775 13.5
  7.761 0348 Alaska-slab2-v3                                                                  214.6583   60.0480 14.3
  6.913 0349 Alaska-slab2-v3                                                                  214.5502   60.1198 14.9
 14.150 0385 Alaska-slab2-v3                                                                  214.9690   59.5755  7.2
 14.150 0386 Alaska-slab2-v3                                                                  214.8431   59.6356  9.5
 12.145 0387 Alaska-slab2-v3                                                                  214.7243   59.7004 11.4
 10.225 0388 Alaska-slab2-v3                                                                  214.6103   59.7687 12.7
  8.903 0389 Alaska-slab2-v3                                                                  214.4953   59.8373 13.6
  8.035 0390 Alaska-slab2-v3                                                                  214.3795   59.9059 14.2
  7.480 0391 Alaska-slab2-v3                                                                  214.2631   59.9745 14.6
  7.096 0392 Alaska-slab2-v3                                                                  214.1482   60.0437 14.9
 14.150 0427 Alaska-slab2-v3                                                                  214.7141   59.4391  7.3
 14.150 0428 Alaska-slab2-v3                                                                  214.5858   59.4974  9.6
 11.979 0429 Alaska-slab2-v3                                                                  214.4641   59.5605 11.5
 10.034 0430 Alaska-slab2-v3                                                                  214.3463   59.6269 12.9
  8.714 0431 Alaska-slab2-v3                                                                  214.2275   59.6935 13.8
  7.905 0432 Alaska-slab2-v3                                                                  214.1078   59.7602 14.4
  7.451 0433 Alaska-slab2-v3                                                                  213.9875   59.8269 14.7
  7.238 0434 Alaska-slab2-v3                                                                  213.8667   59.8935 14.8
  7.082 0435 Alaska-slab2-v3                                                                  213.7462   59.9604 14.9
 14.150 0468 Alaska-slab2-v3                                                                  214.4693   59.2986  7.2
 14.150 0469 Alaska-slab2-v3                                                                  214.3377   59.3548  9.5
 11.656 0470 Alaska-slab2-v3                                                                  214.2120   59.4156 11.4
  9.657 0471 Alaska-slab2-v3                                                                  214.0899   59.4797 12.8
  8.286 0472 Alaska-slab2-v3                                                                  213.9667   59.5441 13.7
  7.440 0473 Alaska-slab2-v3                                                                  213.8427   59.6084 14.3
  6.973 0474 Alaska-slab2-v3                                                                  213.7181   59.6728 14.6
  6.754 0475 Alaska-slab2-v3                                                                  213.5930   59.7370 14.8
  6.637 0476 Alaska-slab2-v3                                                                  213.4673   59.8012 14.9
  6.506 0477 Alaska-slab2-v3                                                                  213.3418   59.8654 14.9
 14.150 0509 Alaska-slab2-v3                                                                  214.2376   59.1532  7.1
 14.150 0510 Alaska-slab2-v3                                                                  214.1024   59.2073  9.3
 12.108 0511 Alaska-slab2-v3                                                                  213.9719   59.2655 11.1
 10.161 0512 Alaska-slab2-v3                                                                  213.8453   59.3270 12.4
  8.770 0513 Alaska-slab2-v3                                                                  213.7176   59.3887 13.3
  7.862 0514 Alaska-slab2-v3                                                                  213.5892   59.4504 14.0
  7.291 0515 Alaska-slab2-v3                                                                  213.4601   59.5121 14.4
  6.954 0516 Alaska-slab2-v3                                                                  213.3304   59.5737 14.6
  6.749 0517 Alaska-slab2-v3                                                                  213.2003   59.6352 14.7
  6.515 0518 Alaska-slab2-v3                                                                  213.0697   59.6965 14.9
 14.150 0550 Alaska-slab2-v3                                                                  214.0194   59.0030  7.0
 14.150 0551 Alaska-slab2-v3                                                                  213.8813   59.0556  8.9
 12.892 0552 Alaska-slab2-v3                                                                  213.7467   59.1112 10.6
 11.000 0553 Alaska-slab2-v3                                                                  213.6158   59.1701 11.9
  9.589 0554 Alaska-slab2-v3                                                                  213.4846   59.2294 12.9
  8.556 0555 Alaska-slab2-v3                                                                  213.3527   59.2888 13.6
  7.843 0556 Alaska-slab2-v3                                                                  213.2201   59.3481 14.1
  7.333 0557 Alaska-slab2-v3                                                                  213.0869   59.4073 14.4
  6.940 0558 Alaska-slab2-v3                                                                  212.9532   59.4664 14.7
  6.577 0559 Alaska-slab2-v3                                                                  212.8188   59.5252 14.9
 14.150 0590 Alaska-slab2-v3                                                                  213.8124   58.8490  6.9
 14.150 0591 Alaska-slab2-v3                                                                  213.6725   58.9003  8.7
 13.803 0592 Alaska-slab2-v3                                                                  213.5347   58.9537 10.2
 11.989 0593 Alaska-slab2-v3                                                                  213.4001   59.0099 11.5
 10.558 0594 Alaska-slab2-v3                                                                  213.2660   59.0671 12.5
  9.438 0595 Alaska-slab2-v3                                                                  213.1312   59.1243 13.3
  8.574 0596 Alaska-slab2-v3                                                                  212.9957   59.1814 13.9
  7.922 0597 Alaska-slab2-v3                                                                  212.8597   59.2385 14.4
  7.383 0598 Alaska-slab2-v3                                                                  212.7232   59.2954 14.8
 11.497 0628 Alaska-slab2-v3                                                                  213.6139   58.6921  6.9
 11.497 0629 Alaska-slab2-v3                                                                  213.4727   58.7421  8.6
 11.295 0630 Alaska-slab2-v3                                                                  213.3324   58.7934 10.1
  9.817 0631 Alaska-slab2-v3                                                                  213.1942   58.8468 11.4
  8.616 0632 Alaska-slab2-v3                                                                  213.0564   58.9011 12.4
  7.657 0633 Alaska-slab2-v3                                                                  212.9178   58.9554 13.3
  6.895 0634 Alaska-slab2-v3                                                                  212.7787   59.0096 13.9
  6.294 0635 Alaska-slab2-v3                                                                  212.6390   59.0637 14.5
  5.809 0636 Alaska-slab2-v3                                                                  212.4985   59.1175 14.9
  8.844 0664 Alaska-slab2-v3                                                                  213.4216   58.5336  6.9
  8.844 0665 Alaska-slab2-v3                                                                  213.2794   58.5822  8.7
  8.359 0666 Alaska-slab2-v3                                                                  213.1372   58.6314 10.3
  7.173 0667 Alaska-slab2-v3                                                                  212.9951   58.6814 11.6
  6.231 0668 Alaska-slab2-v3                                                                  212.8525   58.7318 12.6
  5.488 0669 Alaska-slab2-v3                                                                  212.7092   58.7822 13.5
  4.918 0670 Alaska-slab2-v3                                                                  212.5653   58.8324 14.1
  4.474 0671 Alaska-slab2-v3                                                                  212.4209   58.8826 14.6
  4.130 0672 Alaska-slab2-v3                                                                  212.2756   58.9323 15.0
  6.191 0699 Alaska-slab2-v3                                                                  213.2312   58.3782  7.1
  6.191 0700 Alaska-slab2-v3                                                                  213.0897   58.4261  9.1
  5.647 0701 Alaska-slab2-v3                                                                  212.9473   58.4744 10.8
  4.802 0702 Alaska-slab2-v3                                                                  212.8039   58.5229 12.1
  4.171 0703 Alaska-slab2-v3                                                                  212.6595   58.5714 13.1
  3.708 0704 Alaska-slab2-v3                                                                  212.5144   58.6199 13.9
  3.389 0705 Alaska-slab2-v3                                                                  212.3686   58.6683 14.4
  3.164 0706 Alaska-slab2-v3                                                                  212.2224   58.7166 14.7
  3.538 0734 Alaska-slab2-v3                                                                  213.0391   58.2265  7.2
  3.538 0735 Alaska-slab2-v3                                                                  212.8990   58.2742  9.5
  3.018 0736 Alaska-slab2-v3                                                                  212.7582   58.3227 11.3
  2.523 0737 Alaska-slab2-v3                                                                  212.6163   58.3719 12.7
  2.179 0738 Alaska-slab2-v3                                                                  212.4734   58.4212 13.7
  1.953 0739 Alaska-slab2-v3                                                                  212.3297   58.4705 14.3
  1.821 0740 Alaska-slab2-v3                                                                  212.1853   58.5196 14.7
  1.745 0741 Alaska-slab2-v3                                                                  212.0405   58.5687 14.9
  3.538 0769 Alaska-slab2-v3                                                                  212.8435   58.0761  7.3
  3.538 0770 Alaska-slab2-v3                                                                  212.7037   58.1232  9.6
  2.954 0771 Alaska-slab2-v3                                                                  212.5640   58.1721 11.5
  2.458 0772 Alaska-slab2-v3                                                                  212.4241   58.2223 12.9
  2.120 0773 Alaska-slab2-v3                                                                  212.2830   58.2726 13.8
  1.908 0774 Alaska-slab2-v3                                                                  212.1411   58.3229 14.4
  1.789 0775 Alaska-slab2-v3                                                                  211.9987   58.3731 14.7
  1.728 0776 Alaska-slab2-v3                                                                  211.8558   58.4231 14.9
  1.692 0777 Alaska-slab2-v3                                                                  211.7126   58.4732 15.0
  3.538 0803 Alaska-slab2-v3                                                                  212.6419   57.9286  7.2
  3.538 0804 Alaska-slab2-v3                                                                  212.5018   57.9757  9.3
  3.069 0805 Alaska-slab2-v3                                                                  212.3630   58.0250 11.1
  2.582 0806 Alaska-slab2-v3                                                                  212.2250   58.0764 12.5
  2.236 0807 Alaska-slab2-v3                                                                  212.0860   58.1278 13.4
  2.009 0808 Alaska-slab2-v3                                                                  211.9461   58.1791 14.1
  1.861 0809 Alaska-slab2-v3                                                                  211.8057   58.2304 14.5
  1.774 0810 Alaska-slab2-v3                                                                  211.6649   58.2816 14.7
  1.706 0811 Alaska-slab2-v3                                                                  211.5236   58.3327 14.9
  3.538 0837 Alaska-slab2-v3                                                                  212.4328   57.7855  7.0
  3.538 0838 Alaska-slab2-v3                                                                  212.2938   57.8339  8.9
  3.271 0839 Alaska-slab2-v3                                                                  212.1557   57.8839 10.5
  2.808 0840 Alaska-slab2-v3                                                                  212.0188   57.9358 11.8
  2.456 0841 Alaska-slab2-v3                                                                  211.8814   57.9880 12.8
  2.199 0842 Alaska-slab2-v3                                                                  211.7432   58.0402 13.5
  2.011 0843 Alaska-slab2-v3                                                                  211.6045   58.0922 14.0
  1.873 0844 Alaska-slab2-v3                                                                  211.4652   58.1442 14.4
  1.753 0845 Alaska-slab2-v3                                                                  211.3256   58.1960 14.7
  3.538 0871 Alaska-slab2-v3                                                                  212.2148   57.6471  6.8
  3.538 0872 Alaska-slab2-v3                                                                  212.0783   57.6978  8.4
  3.455 0873 Alaska-slab2-v3                                                                  211.9416   57.7490  9.9
  3.012 0874 Alaska-slab2-v3                                                                  211.8053   57.8010 11.1
  2.657 0875 Alaska-slab2-v3                                                                  211.6687   57.8535 12.1
  2.375 0876 Alaska-slab2-v3                                                                  211.5314   57.9059 12.8
  2.149 0877 Alaska-slab2-v3                                                                  211.3937   57.9582 13.5
  1.955 0878 Alaska-slab2-v3                                                                  211.2554   58.0104 14.0
  1.786 0879 Alaska-slab2-v3                                                                  211.1167   58.0625 14.4
  1.614 0880 Alaska-slab2-v3                                                                  210.9789   58.1152 14.9
  3.538 0904 Alaska-slab2-v3                                                                  211.9868   57.5137  6.7
  3.538 0905 Alaska-slab2-v3                                                                  211.8526   57.5663  8.1
  3.538 0906 Alaska-slab2-v3                                                                  211.7178   57.6189  9.4
  3.294 0907 Alaska-slab2-v3                                                                  211.5824   57.6714 10.6
  2.943 0908 Alaska-slab2-v3                                                                  211.4462   57.7238 11.5
  2.646 0909 Alaska-slab2-v3                                                                  211.3094   57.7761 12.4
  2.392 0910 Alaska-slab2-v3                                                                  211.1721   57.8283 13.1
  2.163 0911 Alaska-slab2-v3                                                                  211.0343   57.8803 13.7
  1.948 0912 Alaska-slab2-v3                                                                  210.8961   57.9322 14.3
  1.740 0913 Alaska-slab2-v3                                                                  210.7591   57.9852 14.9
  3.538 0937 Alaska-slab2-v3                                                                  211.7476   57.3859  6.7
  3.538 0938 Alaska-slab2-v3                                                                  211.6147   57.4395  7.9
  3.538 0939 Alaska-slab2-v3                                                                  211.4814   57.4929  9.1
  3.308 0940 Alaska-slab2-v3                                                                  211.3469   57.5459 10.2
  2.943 0941 Alaska-slab2-v3                                                                  211.2112   57.5983 11.2
  2.616 0942 Alaska-slab2-v3                                                                  211.0747   57.6504 12.1
  2.322 0943 Alaska-slab2-v3                                                                  210.9378   57.7023 12.9
  2.049 0944 Alaska-slab2-v3                                                                  210.8003   57.7542 13.7
  1.792 0945 Alaska-slab2-v3                                                                  210.6624   57.8059 14.4
  3.538 0970 Alaska-slab2-v3                                                                  211.4967   57.2642  6.6
  3.538 0971 Alaska-slab2-v3                                                                  211.3640   57.3176  7.8
  3.538 0972 Alaska-slab2-v3                                                                  211.2308   57.3710  9.0
  3.373 0973 Alaska-slab2-v3                                                                  211.0969   57.4240 10.1
  3.005 0974 Alaska-slab2-v3                                                                  210.9619   57.4765 11.1
  2.665 0975 Alaska-slab2-v3                                                                  210.8263   57.5288 12.1
  2.351 0976 Alaska-slab2-v3                                                                  210.6901   57.5810 12.9
  2.059 0977 Alaska-slab2-v3                                                                  210.5535   57.6331 13.7
  1.785 0978 Alaska-slab2-v3                                                                  210.4165   57.6851 14.5
  3.538 1002 Alaska-slab2-v3                                                                  211.2352   57.1486  6.7
  3.538 1003 Alaska-slab2-v3                                                                  211.1013   57.2007  7.9
  3.538 1004 Alaska-slab2-v3                                                                  210.9669   57.2526  9.2
  3.332 1005 Alaska-slab2-v3                                                                  210.8334   57.3056 10.3
  2.968 1006 Alaska-slab2-v3                                                                  210.7011   57.3598 11.3
  2.644 1007 Alaska-slab2-v3                                                                  210.5684   57.4139 12.2
  2.345 1008 Alaska-slab2-v3                                                                  210.4353   57.4680 13.0
  2.072 1009 Alaska-slab2-v3                                                                  210.3017   57.5220 13.7
  1.810 1010 Alaska-slab2-v3                                                                  210.1676   57.5759 14.5
  3.538 1034 Alaska-slab2-v3                                                                  210.9648   57.0387  6.8
  3.538 1035 Alaska-slab2-v3                                                                  210.8281   57.0879  8.2
  3.538 1036 Alaska-slab2-v3                                                                  210.6921   57.1379  9.5
  3.212 1037 Alaska-slab2-v3                                                                  210.5617   57.1925 10.6
  2.870 1038 Alaska-slab2-v3                                                                  210.4359   57.2507 11.6
  2.586 1039 Alaska-slab2-v3                                                                  210.3097   57.3090 12.3
  2.343 1040 Alaska-slab2-v3                                                                  210.1830   57.3673 13.0
  2.121 1041 Alaska-slab2-v3                                                                  210.0559   57.4255 13.6
  1.910 1042 Alaska-slab2-v3                                                                  209.9283   57.4835 14.2
  1.691 1043 Alaska-slab2-v3                                                                  209.8016   57.5422 14.8
  3.538 1065 Alaska-slab2-v3                                                                  210.6874   56.9346  6.8
  3.538 1066 Alaska-slab2-v3                                                                  210.5480   56.9808  8.4
  3.538 1067 Alaska-slab2-v3                                                                  210.4119   57.0299  9.8
  3.128 1068 Alaska-slab2-v3                                                                  210.2868   57.0872 10.9
  2.817 1069 Alaska-slab2-v3                                                                  210.1685   57.1498 11.8
  2.574 1070 Alaska-slab2-v3                                                                  210.0496   57.2125 12.4
  2.386 1071 Alaska-slab2-v3                                                                  209.9302   57.2750 12.9
  2.223 1072 Alaska-slab2-v3                                                                  209.8103   57.3375 13.4
  2.064 1073 Alaska-slab2-v3                                                                  209.6901   57.3999 13.8
  1.883 1074 Alaska-slab2-v3                                                                  209.5694   57.4622 14.3
  1.662 1075 Alaska-slab2-v3                                                                  209.4478   57.5238 14.9
  3.538 1095 Alaska-slab2-v3                                                                  210.4074   56.8380  6.8
  3.538 1096 Alaska-slab2-v3                                                                  210.2708   56.8864  8.3
  3.538 1097 Alaska-slab2-v3                                                                  210.1362   56.9367  9.6
  3.271 1098 Alaska-slab2-v3                                                                  210.0128   56.9950 10.7
  2.987 1099 Alaska-slab2-v3                                                                  209.8978   57.0594 11.5
  2.774 1100 Alaska-slab2-v3                                                                  209.7823   57.1238 12.1
  2.607 1101 Alaska-slab2-v3                                                                  209.6663   57.1881 12.6
  2.465 1102 Alaska-slab2-v3                                                                  209.5498   57.2524 13.0
  2.319 1103 Alaska-slab2-v3                                                                  209.4329   57.3166 13.4
  2.145 1104 Alaska-slab2-v3                                                                  209.3157   57.3806 13.9
  1.914 1105 Alaska-slab2-v3                                                                  209.1981   57.4444 14.5
  3.538 1124 Alaska-slab2-v3                                                                  210.1278   56.7480  6.7
  3.538 1125 Alaska-slab2-v3                                                                  210.0014   56.8041  8.0
  3.538 1126 Alaska-slab2-v3                                                                  209.8744   56.8602  9.1
  3.407 1127 Alaska-slab2-v3                                                                  209.7519   56.9196 10.1
  3.124 1128 Alaska-slab2-v3                                                                  209.6341   56.9823 10.9
  2.903 1129 Alaska-slab2-v3                                                                  209.5161   57.0452 11.5
  2.715 1130 Alaska-slab2-v3                                                                  209.3976   57.1080 12.0
  2.541 1131 Alaska-slab2-v3                                                                  209.2787   57.1707 12.5
  2.349 1132 Alaska-slab2-v3                                                                  209.1594   57.2333 13.0
  2.113 1133 Alaska-slab2-v3                                                                  209.0398   57.2957 13.7
  1.812 1134 Alaska-slab2-v3                                                                  208.9194   57.3575 14.5
  3.538 1153 Alaska-slab2-v3                                                                  209.8466   56.6594  6.6
  3.538 1154 Alaska-slab2-v3                                                                  209.7304   56.7223  7.6
  3.538 1155 Alaska-slab2-v3                                                                  209.6138   56.7850  8.6
  3.538 1156 Alaska-slab2-v3                                                                  209.4968   56.8478  9.5
  3.251 1157 Alaska-slab2-v3                                                                  209.3777   56.9096 10.4
  2.993 1158 Alaska-slab2-v3                                                                  209.2553   56.9697 11.1
  2.745 1159 Alaska-slab2-v3                                                                  209.1314   57.0291 11.7
  2.498 1160 Alaska-slab2-v3                                                                  209.0072   57.0883 12.4
  2.220 1161 Alaska-slab2-v3                                                                  208.8826   57.1474 13.1
  1.892 1162 Alaska-slab2-v3                                                                  208.7578   57.2063 14.0
  3.538 1181 Alaska-slab2-v3                                                                  209.5620   56.5690  6.5
  3.538 1182 Alaska-slab2-v3                                                                  209.4493   56.6338  7.4
  3.538 1183 Alaska-slab2-v3                                                                  209.3362   56.6985  8.4
  3.538 1184 Alaska-slab2-v3                                                                  209.2227   56.7631  9.3
  3.244 1185 Alaska-slab2-v3                                                                  209.1047   56.8252 10.2
  2.916 1186 Alaska-slab2-v3                                                                  208.9805   56.8838 11.0
  2.588 1187 Alaska-slab2-v3                                                                  208.8540   56.9412 11.9
  2.242 1188 Alaska-slab2-v3                                                                  208.7273   56.9984 12.8
  1.869 1189 Alaska-slab2-v3                                                                  208.6002   57.0555 13.8
  1.450 1190 Alaska-slab2-v3                                                                  208.4722   57.1118 14.9
  3.538 1208 Alaska-slab2-v3                                                                  209.2769   56.4763  6.5
  3.538 1209 Alaska-slab2-v3                                                                  209.1633   56.5403  7.6
  3.538 1210 Alaska-slab2-v3                                                                  209.0493   56.6043  8.6
  3.538 1211 Alaska-slab2-v3                                                                  208.9339   56.6675  9.7
  3.202 1212 Alaska-slab2-v3                                                                  208.8140   56.7282 10.7
  2.839 1213 Alaska-slab2-v3                                                                  208.6901   56.7867 11.7
  2.470 1214 Alaska-slab2-v3                                                                  208.5650   56.8445 12.7
  2.092 1215 Alaska-slab2-v3                                                                  208.4395   56.9022 13.7
  1.694 1216 Alaska-slab2-v3                                                                  208.3132   56.9594 14.8
  3.538 1235 Alaska-slab2-v3                                                                  208.9945   56.3819  6.7
  3.538 1236 Alaska-slab2-v3                                                                  208.8802   56.4447  8.1
  3.538 1237 Alaska-slab2-v3                                                                  208.7647   56.5072  9.4
  3.292 1238 Alaska-slab2-v3                                                                  208.6463   56.5684 10.6
  2.908 1239 Alaska-slab2-v3                                                                  208.5248   56.6279 11.7
  2.552 1240 Alaska-slab2-v3                                                                  208.4020   56.6869 12.7
  2.207 1241 Alaska-slab2-v3                                                                  208.2787   56.7458 13.7
  1.861 1242 Alaska-slab2-v3                                                                  208.1550   56.8045 14.6
  3.538 1261 Alaska-slab2-v3                                                                  208.7142   56.2852  7.0
  3.538 1262 Alaska-slab2-v3                                                                  208.5983   56.3460  8.8
  3.380 1263 Alaska-slab2-v3                                                                  208.4812   56.4069 10.4
  2.929 1264 Alaska-slab2-v3                                                                  208.3622   56.4673 11.7
  2.571 1265 Alaska-slab2-v3                                                                  208.2418   56.5275 12.7
  2.273 1266 Alaska-slab2-v3                                                                  208.1208   56.5876 13.5
  2.000 1267 Alaska-slab2-v3                                                                  207.9993   56.6476 14.3
  3.538 1286 Alaska-slab2-v3                                                                  208.4356   56.1865  7.2
  3.538 1287 Alaska-slab2-v3                                                                  208.3171   56.2446  9.4
  3.098 1288 Alaska-slab2-v3                                                                  208.2000   56.3048 11.1
  2.649 1289 Alaska-slab2-v3                                                                  208.0836   56.3666 12.4
  2.331 1290 Alaska-slab2-v3                                                                  207.9663   56.4286 13.3
  2.099 1291 Alaska-slab2-v3                                                                  207.8484   56.4905 13.9
  1.899 1292 Alaska-slab2-v3                                                                  207.7301   56.5524 14.5
  3.538 1311 Alaska-slab2-v3                                                                  208.1595   56.0867  7.3
  3.538 1312 Alaska-slab2-v3                                                                  208.0398   56.1434  9.6
  2.976 1313 Alaska-slab2-v3                                                                  207.9244   56.2042 11.4
  2.522 1314 Alaska-slab2-v3                                                                  207.8116   56.2679 12.6
  2.226 1315 Alaska-slab2-v3                                                                  207.6980   56.3317 13.5
  2.025 1316 Alaska-slab2-v3                                                                  207.5837   56.3957 14.0
  1.866 1317 Alaska-slab2-v3                                                                  207.4690   56.4595 14.5
  1.690 1318 Alaska-slab2-v3                                                                  207.3537   56.5231 14.9
  3.538 1335 Alaska-slab2-v3                                                                  207.8868   55.9865  7.2
  3.538 1336 Alaska-slab2-v3                                                                  207.7667   56.0430  9.5
  3.005 1337 Alaska-slab2-v3                                                                  207.6526   56.1043 11.3
  2.554 1338 Alaska-slab2-v3                                                                  207.5425   56.1693 12.5
  2.255 1339 Alaska-slab2-v3                                                                  207.4315   56.2344 13.4
  2.053 1340 Alaska-slab2-v3                                                                  207.3199   56.2996 13.9
  1.898 1341 Alaska-slab2-v3                                                                  207.2079   56.3648 14.4
  1.725 1342 Alaska-slab2-v3                                                                  207.0952   56.4297 14.8
  3.538 1359 Alaska-slab2-v3                                                                  207.6171   55.8859  7.2
  3.538 1360 Alaska-slab2-v3                                                                  207.4972   55.9427  9.3
  3.142 1361 Alaska-slab2-v3                                                                  207.3835   56.0042 11.0
  2.699 1362 Alaska-slab2-v3                                                                  207.2747   56.0698 12.2
  2.388 1363 Alaska-slab2-v3                                                                  207.1652   56.1355 13.1
  2.170 1364 Alaska-slab2-v3                                                                  207.0551   56.2013 13.7
  1.988 1365 Alaska-slab2-v3                                                                  206.9445   56.2670 14.2
  1.791 1366 Alaska-slab2-v3                                                                  206.8334   56.3326 14.8
  3.538 1383 Alaska-slab2-v3                                                                  207.3500   55.7844  7.0
  3.538 1384 Alaska-slab2-v3                                                                  207.2316   55.8425  9.0
  3.318 1385 Alaska-slab2-v3                                                                  207.1181   55.9043 10.6
  2.883 1386 Alaska-slab2-v3                                                                  207.0097   55.9699 11.9
  2.561 1387 Alaska-slab2-v3                                                                  206.9012   56.0360 12.8
  2.314 1388 Alaska-slab2-v3                                                                  206.7921   56.1021 13.5
  2.094 1389 Alaska-slab2-v3                                                                  206.6826   56.1682 14.1
  1.868 1390 Alaska-slab2-v3                                                                  206.5727   56.2341 14.7
  3.538 1406 Alaska-slab2-v3                                                                  207.0854   55.6821  6.9
  3.538 1407 Alaska-slab2-v3                                                                  206.9698   55.7423  8.7
  3.470 1408 Alaska-slab2-v3                                                                  206.8571   55.8047 10.2
  3.045 1409 Alaska-slab2-v3                                                                  206.7489   55.8703 11.4
  2.709 1410 Alaska-slab2-v3                                                                  206.6420   55.9370 12.3
  2.436 1411 Alaska-slab2-v3                                                                  206.5345   56.0037 13.1
  2.188 1412 Alaska-slab2-v3                                                                  206.4266   56.0704 13.8
  1.933 1413 Alaska-slab2-v3                                                                  206.3183   56.1369 14.5
  3.538 1429 Alaska-slab2-v3                                                                  206.8228   55.5788  6.8
  3.538 1430 Alaska-slab2-v3                                                                  206.7109   55.6415  8.3
  3.538 1431 Alaska-slab2-v3                                                                  206.5997   55.7049  9.7
  3.159 1432 Alaska-slab2-v3                                                                  206.4925   55.7709 10.9
  2.816 1433 Alaska-slab2-v3                                                                  206.3880   55.8387 11.8
  2.524 1434 Alaska-slab2-v3                                                                  206.2831   55.9065 12.6
  2.257 1435 Alaska-slab2-v3                                                                  206.1777   55.9743 13.4
  1.983 1436 Alaska-slab2-v3                                                                  206.0720   56.0420 14.1
  1.680 1437 Alaska-slab2-v3                                                                  205.9655   56.1092 15.0
  3.538 1452 Alaska-slab2-v3                                                                  206.5623   55.4747  6.7
  3.538 1453 Alaska-slab2-v3                                                                  206.4544   55.5398  8.0
  3.538 1454 Alaska-slab2-v3                                                                  206.3461   55.6049  9.2
  3.244 1455 Alaska-slab2-v3                                                                  206.2403   55.6716 10.3
  2.898 1456 Alaska-slab2-v3                                                                  206.1377   55.7402 11.2
  2.590 1457 Alaska-slab2-v3                                                                  206.0354   55.8091 12.1
  2.304 1458 Alaska-slab2-v3                                                                  205.9326   55.8780 12.8
  2.014 1459 Alaska-slab2-v3                                                                  205.8296   55.9468 13.6
  1.706 1460 Alaska-slab2-v3                                                                  205.7260   56.0154 14.4
  3.538 1475 Alaska-slab2-v3                                                                  206.3037   55.3696  6.6
  3.538 1476 Alaska-slab2-v3                                                                  206.1998   55.4370  7.7
  3.538 1477 Alaska-slab2-v3                                                                  206.0955   55.5043  8.8
  3.538 1478 Alaska-slab2-v3                                                                  205.9916   55.5720  9.8
  3.300 1479 Alaska-slab2-v3                                                                  205.8897   55.6408 10.7
  3.003 1480 Alaska-slab2-v3                                                                  205.7890   55.7103 11.5
  2.720 1481 Alaska-slab2-v3                                                                  205.6879   55.7798 12.3
  2.436 1482 Alaska-slab2-v3                                                                  205.5864   55.8492 13.1
  2.135 1483 Alaska-slab2-v3                                                                  205.4847   55.9185 13.9
  1.806 1484 Alaska-slab2-v3                                                                  205.3819   55.9873 14.9
  3.538 1498 Alaska-slab2-v3                                                                  206.0464   55.2637  6.5
  3.538 1499 Alaska-slab2-v3                                                                  205.9463   55.3329  7.4
  3.538 1500 Alaska-slab2-v3                                                                  205.8458   55.4021  8.3
  3.538 1501 Alaska-slab2-v3                                                                  205.7450   55.4712  9.2
  3.442 1502 Alaska-slab2-v3                                                                  205.6444   55.5406 10.1
  3.143 1503 Alaska-slab2-v3                                                                  205.5441   55.6102 10.9
  2.848 1504 Alaska-slab2-v3                                                                  205.4433   55.6797 11.7
  2.542 1505 Alaska-slab2-v3                                                                  205.3421   55.7491 12.6
  2.222 1506 Alaska-slab2-v3                                                                  205.2407   55.8184 13.5
  1.869 1507 Alaska-slab2-v3                                                                  205.1389   55.8874 14.5
  3.538 1521 Alaska-slab2-v3                                                                  205.7905   55.1568  6.4
  3.538 1522 Alaska-slab2-v3                                                                  205.6936   55.2276  7.2
  3.538 1523 Alaska-slab2-v3                                                                  205.5963   55.2983  7.9
  3.538 1524 Alaska-slab2-v3                                                                  205.4988   55.3689  8.7
  3.538 1525 Alaska-slab2-v3                                                                  205.4008   55.4394  9.5
  3.329 1526 Alaska-slab2-v3                                                                  205.3016   55.5095 10.3
  3.029 1527 Alaska-slab2-v3                                                                  205.2007   55.5787 11.2
  2.706 1528 Alaska-slab2-v3                                                                  205.0989   55.6477 12.1
  2.362 1529 Alaska-slab2-v3                                                                  204.9969   55.7165 13.0
  1.982 1530 Alaska-slab2-v3                                                                  204.8945   55.7851 14.1
  3.538 1544 Alaska-slab2-v3                                                                  205.5445   55.0436  6.3
  3.538 1545 Alaska-slab2-v3                                                                  205.4491   55.1150  7.0
  3.538 1546 Alaska-slab2-v3                                                                  205.3538   55.1864  7.8
  3.538 1547 Alaska-slab2-v3                                                                  205.2584   55.2577  8.5
  3.538 1548 Alaska-slab2-v3                                                                  205.1624   55.3289  9.3
  3.410 1549 Alaska-slab2-v3                                                                  205.0641   55.3994 10.1
  3.090 1550 Alaska-slab2-v3                                                                  204.9633   55.4688 11.0
  2.745 1551 Alaska-slab2-v3                                                                  204.8619   55.5377 11.9
  2.374 1552 Alaska-slab2-v3                                                                  204.7602   55.6064 12.9
  1.971 1553 Alaska-slab2-v3                                                                  204.6582   55.6750 14.0
  3.538 1567 Alaska-slab2-v3                                                                  205.3062   54.9248  6.3
  3.538 1568 Alaska-slab2-v3                                                                  205.2114   54.9964  7.0
  3.538 1569 Alaska-slab2-v3                                                                  205.1163   55.0678  7.7
  3.538 1570 Alaska-slab2-v3                                                                  205.0209   55.1392  8.5
  3.538 1571 Alaska-slab2-v3                                                                  204.9251   55.2105  9.3
  3.357 1572 Alaska-slab2-v3                                                                  204.8280   55.2811 10.2
  3.006 1573 Alaska-slab2-v3                                                                  204.7290   55.3509 11.1
  2.630 1574 Alaska-slab2-v3                                                                  204.6291   55.4202 12.2
  2.235 1575 Alaska-slab2-v3                                                                  204.5289   55.4895 13.2
  1.830 1576 Alaska-slab2-v3                                                                  204.4284   55.5586 14.4
  3.538 1590 Alaska-slab2-v3                                                                  205.0642   54.8092  6.4
  3.538 1591 Alaska-slab2-v3                                                                  204.9702   54.8809  7.1
  3.538 1592 Alaska-slab2-v3                                                                  204.8759   54.9526  7.8
  3.538 1593 Alaska-slab2-v3                                                                  204.7814   55.0242  8.6
  3.538 1594 Alaska-slab2-v3                                                                  204.6865   55.0957  9.4
  3.274 1595 Alaska-slab2-v3                                                                  204.5900   55.1664 10.4
  2.904 1596 Alaska-slab2-v3                                                                  204.4918   55.2363 11.4
  2.512 1597 Alaska-slab2-v3                                                                  204.3930   55.3061 12.5
  2.113 1598 Alaska-slab2-v3                                                                  204.2939   55.3757 13.6
  1.714 1599 Alaska-slab2-v3                                                                  204.1944   55.4452 14.6
  3.538 1613 Alaska-slab2-v3                                                                  204.8147   54.6997  6.4
  3.538 1614 Alaska-slab2-v3                                                                  204.7219   54.7718  7.2
  3.538 1615 Alaska-slab2-v3                                                                  204.6288   54.8438  8.0
  3.538 1616 Alaska-slab2-v3                                                                  204.5354   54.9157  8.9
  3.506 1617 Alaska-slab2-v3                                                                  204.4412   54.9874  9.8
  3.155 1618 Alaska-slab2-v3                                                                  204.3449   55.0581 10.7
  2.785 1619 Alaska-slab2-v3                                                                  204.2470   55.1280 11.7
  2.401 1620 Alaska-slab2-v3                                                                  204.1487   55.1978 12.8
  2.017 1621 Alaska-slab2-v3                                                                  204.0501   55.2676 13.8
  1.636 1622 Alaska-slab2-v3                                                                  203.9512   55.3373 14.9
  3.538 1636 Alaska-slab2-v3                                                                  204.5543   54.5999  6.5
  3.538 1637 Alaska-slab2-v3                                                                  204.4627   54.6723  7.4
  3.538 1638 Alaska-slab2-v3                                                                  204.3707   54.7446  8.3
  3.538 1639 Alaska-slab2-v3                                                                  204.2784   54.8168  9.2
  3.376 1640 Alaska-slab2-v3                                                                  204.1843   54.8883 10.2
  3.030 1641 Alaska-slab2-v3                                                                  204.0877   54.9587 11.1
  2.677 1642 Alaska-slab2-v3                                                                  203.9900   55.0287 12.1
  2.324 1643 Alaska-slab2-v3                                                                  203.8920   55.0987 13.1
  1.968 1644 Alaska-slab2-v3                                                                  203.7936   55.1685 14.0
  3.538 1659 Alaska-slab2-v3                                                                  204.2824   54.5112  6.5
  3.538 1660 Alaska-slab2-v3                                                                  204.1912   54.5835  7.6
  3.538 1661 Alaska-slab2-v3                                                                  204.0996   54.6557  8.6
  3.538 1662 Alaska-slab2-v3                                                                  204.0074   54.7278  9.6
  3.289 1663 Alaska-slab2-v3                                                                  203.9128   54.7990 10.6
  2.957 1664 Alaska-slab2-v3                                                                  203.8162   54.8693 11.5
  2.636 1665 Alaska-slab2-v3                                                                  203.7191   54.9396 12.4
  2.314 1666 Alaska-slab2-v3                                                                  203.6216   55.0097 13.3
  1.993 1667 Alaska-slab2-v3                                                                  203.5239   55.0798 14.2
  3.538 1681 Alaska-slab2-v3                                                                  204.0016   54.4321  6.6
  3.538 1682 Alaska-slab2-v3                                                                  203.9099   54.5040  7.8
  3.538 1683 Alaska-slab2-v3                                                                  203.8178   54.5758  8.9
  3.363 1684 Alaska-slab2-v3                                                                  203.7246   54.6474 10.0
  3.001 1685 Alaska-slab2-v3                                                                  203.6297   54.7183 10.9
  2.670 1686 Alaska-slab2-v3                                                                  203.5336   54.7888 11.8
  2.346 1687 Alaska-slab2-v3                                                                  203.4371   54.8593 12.7
  2.026 1688 Alaska-slab2-v3                                                                  203.3403   54.9297 13.6
  1.694 1689 Alaska-slab2-v3                                                                  203.2432   55.0001 14.4
  3.538 1703 Alaska-slab2-v3                                                                  203.7153   54.3603  6.6
  3.538 1704 Alaska-slab2-v3                                                                  203.6229   54.4317  7.9
  3.538 1705 Alaska-slab2-v3                                                                  203.5301   54.5031  9.1
  3.174 1706 Alaska-slab2-v3                                                                  203.4363   54.5742 10.1
  2.798 1707 Alaska-slab2-v3                                                                  203.3410   54.6449 11.1
  2.456 1708 Alaska-slab2-v3                                                                  203.2450   54.7154 12.0
  2.121 1709 Alaska-slab2-v3                                                                  203.1487   54.7859 12.9
  1.779 1710 Alaska-slab2-v3                                                                  203.0520   54.8563 13.8
  1.414 1711 Alaska-slab2-v3                                                                  202.9552   54.9266 14.7
  3.538 1724 Alaska-slab2-v3                                                                  203.4260   54.2934  6.7
  3.538 1725 Alaska-slab2-v3                                                                  203.3330   54.3645  7.9
  3.538 1726 Alaska-slab2-v3                                                                  203.2397   54.4355  9.2
  3.362 1727 Alaska-slab2-v3                                                                  203.1452   54.5063 10.3
  3.008 1728 Alaska-slab2-v3                                                                  203.0494   54.5766 11.2
  2.675 1729 Alaska-slab2-v3                                                                  202.9530   54.6469 12.2
  2.350 1730 Alaska-slab2-v3                                                                  202.8563   54.7171 13.1
  1.999 1731 Alaska-slab2-v3                                                                  202.7593   54.7871 14.0
  3.538 1744 Alaska-slab2-v3                                                                  203.1346   54.2305  6.7
  3.538 1745 Alaska-slab2-v3                                                                  203.0409   54.3010  8.0
  3.538 1746 Alaska-slab2-v3                                                                  202.9467   54.3715  9.3
  3.198 1747 Alaska-slab2-v3                                                                  202.8513   54.4418 10.4
  2.826 1748 Alaska-slab2-v3                                                                  202.7548   54.5117 11.4
  2.475 1749 Alaska-slab2-v3                                                                  202.6578   54.5816 12.3
  2.110 1750 Alaska-slab2-v3                                                                  202.5605   54.6514 13.3
  1.704 1751 Alaska-slab2-v3                                                                  202.4631   54.7210 14.4
