  6.110 1764 Alaska-slab2-v3                                                                  202.8416   54.1708  6.7
  5.577 1765 Alaska-slab2-v3                                                                  202.7468   54.2407  8.1
  4.510 1766 Alaska-slab2-v3                                                                  202.6515   54.3106  9.4
  3.567 1767 Alaska-slab2-v3                                                                  202.5552   54.3803 10.6
  2.714 1768 Alaska-slab2-v3                                                                  202.4578   54.4497 11.6
  1.894 1769 Alaska-slab2-v3                                                                  202.3600   54.5191 12.6
  1.009 1770 Alaska-slab2-v3                                                                  202.2619   54.5883 13.7
  6.110 1783 Alaska-slab2-v3                                                                  202.5474   54.1138  6.7
  5.141 1784 Alaska-slab2-v3                                                                  202.4519   54.1833  8.1
  3.986 1785 Alaska-slab2-v3                                                                  202.3560   54.2528  9.5
  2.935 1786 Alaska-slab2-v3                                                                  202.2587   54.3219 10.7
  1.980 1787 Alaska-slab2-v3                                                                  202.1601   54.3906 11.8
  1.025 1788 Alaska-slab2-v3                                                                  202.0612   54.4592 12.9
  6.110 1802 Alaska-slab2-v3                                                                  202.2527   54.0590  6.7
  5.296 1803 Alaska-slab2-v3                                                                  202.1571   54.1283  8.2
  4.144 1804 Alaska-slab2-v3                                                                  202.0608   54.1975  9.5
  3.084 1805 Alaska-slab2-v3                                                                  201.9626   54.2661 10.8
  2.093 1806 Alaska-slab2-v3                                                                  201.8628   54.3340 11.9
  1.085 1807 Alaska-slab2-v3                                                                  201.7627   54.4018 13.1
  6.110 1820 Alaska-slab2-v3                                                                  201.9577   54.0054  6.8
  5.399 1821 Alaska-slab2-v3                                                                  201.8617   54.0745  8.2
  4.253 1822 Alaska-slab2-v3                                                                  201.7650   54.1434  9.6
  3.190 1823 Alaska-slab2-v3                                                                  201.6662   54.2115 10.9
  2.176 1824 Alaska-slab2-v3                                                                  201.5657   54.2789 12.1
  1.146 1825 Alaska-slab2-v3                                                                  201.4649   54.3462 13.3
 10.676 1838 Alaska-slab2-v3                                                                  201.6623   53.9521  6.8
  8.248 1839 Alaska-slab2-v3                                                                  201.5647   54.0202  8.3
  5.993 1840 Alaska-slab2-v3                                                                  201.4665   54.0882  9.8
  3.958 1841 Alaska-slab2-v3                                                                  201.3671   54.1560 11.1
  2.019 1842 Alaska-slab2-v3                                                                  201.2668   54.2234 12.3
 15.274 1855 Alaska-slab2-v3                                                                  201.3664   53.8981  6.9
 11.790 1856 Alaska-slab2-v3                                                                  201.2655   53.9641  8.6
  8.459 1857 Alaska-slab2-v3                                                                  201.1650   54.0308 10.1
  5.588 1858 Alaska-slab2-v3                                                                  201.0653   54.0982 11.4
  2.893 1859 Alaska-slab2-v3                                                                  200.9656   54.1659 12.6
 19.856 1872 Alaska-slab2-v3                                                                  201.0706   53.8428  7.0
 15.331 1873 Alaska-slab2-v3                                                                  200.9652   53.9058  8.9
 10.861 1874 Alaska-slab2-v3                                                                  200.8627   53.9709 10.5
  7.158 1875 Alaska-slab2-v3                                                                  200.7636   54.0385 11.9
  3.730 1876 Alaska-slab2-v3                                                                  200.6643   54.1064 13.1
 23.290 1889 Alaska-slab2-v3                                                                  200.7756   53.7862  7.1
 15.754 1890 Alaska-slab2-v3                                                                  200.6664   53.8460  9.2
  9.510 1891 Alaska-slab2-v3                                                                  200.5628   53.9102 11.0
  4.522 1892 Alaska-slab2-v3                                                                  200.4644   53.9780 12.4
 23.582 1906 Alaska-slab2-v3                                                                  200.4822   53.7288  7.2
 15.639 1907 Alaska-slab2-v3                                                                  200.3709   53.7866  9.5
  9.307 1908 Alaska-slab2-v3                                                                  200.2675   53.8503 11.3
  4.408 1909 Alaska-slab2-v3                                                                  200.1695   53.9183 12.7
 23.571 1923 Alaska-slab2-v3                                                                  200.1907   53.6713  7.3
 15.413 1924 Alaska-slab2-v3                                                                  200.0792   53.7284  9.6
  9.060 1925 Alaska-slab2-v3                                                                  199.9768   53.7924 11.5
  4.270 1926 Alaska-slab2-v3                                                                  199.8801   53.8610 12.9
 23.391 1940 Alaska-slab2-v3                                                                  199.9012   53.6142  7.3
 15.187 1941 Alaska-slab2-v3                                                                  199.7909   53.6720  9.6
  8.833 1942 Alaska-slab2-v3                                                                  199.6904   53.7369 11.5
  4.155 1943 Alaska-slab2-v3                                                                  199.5958   53.8066 12.8
