  1.160 1765 Alaska-slab2-v3                                                                  202.7468   54.2407  8.1
  1.115 1766 Alaska-slab2-v3                                                                  202.6515   54.3106  9.4
  0.967 1767 Alaska-slab2-v3                                                                  202.5552   54.3803 10.6
  0.834 1768 Alaska-slab2-v3                                                                  202.4578   54.4497 11.6
  0.705 1769 Alaska-slab2-v3                                                                  202.3600   54.5191 12.6
  0.567 1770 Alaska-slab2-v3                                                                  202.2619   54.5883 13.7
  0.409 1771 Alaska-slab2-v3                                                                  202.1648   54.6578 14.9
  1.160 1784 Alaska-slab2-v3                                                                  202.4519   54.1833  8.1
  1.152 1785 Alaska-slab2-v3                                                                  202.3560   54.2528  9.5
  1.003 1786 Alaska-slab2-v3                                                                  202.2587   54.3219 10.7
  0.867 1787 Alaska-slab2-v3                                                                  202.1601   54.3906 11.8
  0.732 1788 Alaska-slab2-v3                                                                  202.0612   54.4592 12.9
  0.587 1789 Alaska-slab2-v3                                                                  201.9621   54.5277 14.1
  1.160 1803 Alaska-slab2-v3                                                                  202.1571   54.1283  8.2
  1.160 1804 Alaska-slab2-v3                                                                  202.0608   54.1975  9.5
  1.034 1805 Alaska-slab2-v3                                                                  201.9626   54.2661 10.8
  0.894 1806 Alaska-slab2-v3                                                                  201.8628   54.3340 11.9
  0.752 1807 Alaska-slab2-v3                                                                  201.7627   54.4018 13.1
  0.599 1808 Alaska-slab2-v3                                                                  201.6629   54.4697 14.4
  1.160 1821 Alaska-slab2-v3                                                                  201.8617   54.0745  8.2
  1.091 1822 Alaska-slab2-v3                                                                  201.7650   54.1434  9.6
  0.927 1823 Alaska-slab2-v3                                                                  201.6662   54.2115 10.9
  0.770 1824 Alaska-slab2-v3                                                                  201.5657   54.2789 12.1
  0.611 1825 Alaska-slab2-v3                                                                  201.4649   54.3462 13.3
  0.435 1826 Alaska-slab2-v3                                                                  201.3653   54.4140 14.7
  2.030 1839 Alaska-slab2-v3                                                                  201.5647   54.0202  8.3
  1.948 1840 Alaska-slab2-v3                                                                  201.4665   54.0882  9.8
  1.669 1841 Alaska-slab2-v3                                                                  201.3671   54.1560 11.1
  1.403 1842 Alaska-slab2-v3                                                                  201.2668   54.2234 12.3
  1.126 1843 Alaska-slab2-v3                                                                  201.1661   54.2907 13.6
  2.900 1856 Alaska-slab2-v3                                                                  201.2655   53.9641  8.6
  2.807 1857 Alaska-slab2-v3                                                                  201.1650   54.0308 10.1
  2.418 1858 Alaska-slab2-v3                                                                  201.0653   54.0982 11.4
  2.052 1859 Alaska-slab2-v3                                                                  200.9656   54.1659 12.6
  1.660 1860 Alaska-slab2-v3                                                                  200.8656   54.2334 13.9
  3.770 1873 Alaska-slab2-v3                                                                  200.9652   53.9058  8.9
  3.156 1874 Alaska-slab2-v3                                                                  200.8627   53.9709 10.5
  2.593 1875 Alaska-slab2-v3                                                                  200.7636   54.0385 11.9
  2.072 1876 Alaska-slab2-v3                                                                  200.6643   54.1064 13.1
  1.505 1877 Alaska-slab2-v3                                                                  200.5657   54.1744 14.5
  4.641 1890 Alaska-slab2-v3                                                                  200.6664   53.8460  9.2
  3.837 1891 Alaska-slab2-v3                                                                  200.5628   53.9102 11.0
  3.147 1892 Alaska-slab2-v3                                                                  200.4644   53.9780 12.4
  2.521 1893 Alaska-slab2-v3                                                                  200.3654   54.0459 13.6
  4.641 1907 Alaska-slab2-v3                                                                  200.3709   53.7866  9.5
  3.780 1908 Alaska-slab2-v3                                                                  200.2675   53.8503 11.3
  3.099 1909 Alaska-slab2-v3                                                                  200.1695   53.9183 12.7
  2.486 1910 Alaska-slab2-v3                                                                  200.0710   53.9863 14.0
  4.621 1924 Alaska-slab2-v3                                                                  200.0792   53.7284  9.6
  3.737 1925 Alaska-slab2-v3                                                                  199.9768   53.7924 11.5
  3.070 1926 Alaska-slab2-v3                                                                  199.8801   53.8610 12.9
  2.475 1927 Alaska-slab2-v3                                                                  199.7829   53.9297 14.1
  4.587 1941 Alaska-slab2-v3                                                                  199.7909   53.6720  9.6
  3.702 1942 Alaska-slab2-v3                                                                  199.6904   53.7369 11.5
  3.050 1943 Alaska-slab2-v3                                                                  199.5958   53.8066 12.8
  2.471 1944 Alaska-slab2-v3                                                                  199.5008   53.8763 14.0
