  5.442 1957 Alaska-slab2-v3                                                                  199.6135   53.5574  7.3
  3.539 1958 Alaska-slab2-v3                                                                  199.5056   53.6169  9.6
  2.052 1959 Alaska-slab2-v3                                                                  199.4072   53.6831 11.3
  0.964 1960 Alaska-slab2-v3                                                                  199.3153   53.7539 12.6
  5.737 1974 Alaska-slab2-v3                                                                  199.3270   53.5006  7.2
  4.221 1975 Alaska-slab2-v3                                                                  199.2223   53.5625  9.4
  2.876 1976 Alaska-slab2-v3                                                                  199.1261   53.6299 11.1
  1.855 1977 Alaska-slab2-v3                                                                  199.0365   53.7018 12.4
  0.974 1978 Alaska-slab2-v3                                                                  198.9464   53.7737 13.6
  5.737 1991 Alaska-slab2-v3                                                                  199.0414   53.4436  7.1
  4.267 1992 Alaska-slab2-v3                                                                  198.9403   53.5080  9.2
  2.931 1993 Alaska-slab2-v3                                                                  198.8460   53.5765 10.9
  1.886 1994 Alaska-slab2-v3                                                                  198.7579   53.6489 12.2
  0.967 1995 Alaska-slab2-v3                                                                  198.6694   53.7215 13.4
  5.737 2007 Alaska-slab2-v3                                                                  198.7560   53.3861  7.0
  4.358 2008 Alaska-slab2-v3                                                                  198.6587   53.4528  9.0
  3.043 2009 Alaska-slab2-v3                                                                  198.5659   53.5222 10.6
  1.965 2010 Alaska-slab2-v3                                                                  198.4779   53.5946 12.0
  0.998 2011 Alaska-slab2-v3                                                                  198.3898   53.6672 13.2
  5.737 2023 Alaska-slab2-v3                                                                  198.4700   53.3279  7.0
  4.455 2024 Alaska-slab2-v3                                                                  198.3749   53.3958  8.9
  3.154 2025 Alaska-slab2-v3                                                                  198.2830   53.4657 10.6
  2.066 2026 Alaska-slab2-v3                                                                  198.1946   53.5378 11.9
  1.065 2027 Alaska-slab2-v3                                                                  198.1064   53.6102 13.2
  4.661 2039 Alaska-slab2-v3                                                                  198.1828   53.2689  7.1
  3.661 2040 Alaska-slab2-v3                                                                  198.0871   53.3362  9.0
  2.608 2041 Alaska-slab2-v3                                                                  197.9952   53.4060 10.7
  1.730 2042 Alaska-slab2-v3                                                                  197.9073   53.4782 12.1
  0.909 2043 Alaska-slab2-v3                                                                  197.8192   53.5506 13.4
  3.449 2055 Alaska-slab2-v3                                                                  197.8943   53.2088  7.2
  2.299 2056 Alaska-slab2-v3                                                                  197.7964   53.2740  9.4
  1.387 2057 Alaska-slab2-v3                                                                  197.7048   53.3436 11.2
  0.675 2058 Alaska-slab2-v3                                                                  197.6178   53.4162 12.6
  2.438 2070 Alaska-slab2-v3                                                                  197.6050   53.1470  7.5
  1.533 2071 Alaska-slab2-v3                                                                  197.5054   53.2094 10.1
  0.894 2072 Alaska-slab2-v3                                                                  197.4159   53.2794 12.0
  0.440 2073 Alaska-slab2-v3                                                                  197.3297   53.3524 13.3
  1.263 2085 Alaska-slab2-v3                                                                  197.3160   53.0831  7.9
  0.629 2086 Alaska-slab2-v3                                                                  197.2162   53.1421 11.0
  0.239 2087 Alaska-slab2-v3                                                                  197.1304   53.2137 12.9
  1.250 2100 Alaska-slab2-v3                                                                  197.0307   53.0183  8.2
  0.557 2101 Alaska-slab2-v3                                                                  196.9324   53.0739 11.7
  0.189 2102 Alaska-slab2-v3                                                                  196.8491   53.1466 13.6
  1.223 2115 Alaska-slab2-v3                                                                  196.7498   52.9534  8.5
  0.475 2116 Alaska-slab2-v3                                                                  196.6541   53.0059 12.4
  0.133 2117 Alaska-slab2-v3                                                                  196.5720   53.0791 14.1
  1.197 2130 Alaska-slab2-v3                                                                  196.4706   52.8875  8.7
  0.411 2131 Alaska-slab2-v3                                                                  196.3781   52.9384 12.8
  0.086 2132 Alaska-slab2-v3                                                                  196.2978   53.0122 14.5
  1.183 2145 Alaska-slab2-v3                                                                  196.1928   52.8211  8.8
  0.377 2146 Alaska-slab2-v3                                                                  196.1029   52.8721 13.0
  0.059 2147 Alaska-slab2-v3                                                                  196.0243   52.9465 14.7
