 10.123 0770 Alaska-slab2-v3                                                                  212.7037   58.1232  9.6
  6.580 0771 Alaska-slab2-v3                                                                  212.5640   58.1721 11.5
  3.993 0772 Alaska-slab2-v3                                                                  212.4241   58.2223 12.9
  2.231 0773 Alaska-slab2-v3                                                                  212.2830   58.2726 13.8
  1.125 0774 Alaska-slab2-v3                                                                  212.1411   58.3229 14.4
  0.506 0775 Alaska-slab2-v3                                                                  211.9987   58.3731 14.7
  0.187 0776 Alaska-slab2-v3                                                                  211.8558   58.4231 14.9
 12.929 0804 Alaska-slab2-v3                                                                  212.5018   57.9757  9.3
  8.774 0805 Alaska-slab2-v3                                                                  212.3630   58.0250 11.1
  5.640 0806 Alaska-slab2-v3                                                                  212.2250   58.0764 12.5
  3.412 0807 Alaska-slab2-v3                                                                  212.0860   58.1278 13.4
  1.950 0808 Alaska-slab2-v3                                                                  211.9461   58.1791 14.1
  0.998 0809 Alaska-slab2-v3                                                                  211.8057   58.2304 14.5
  0.441 0810 Alaska-slab2-v3                                                                  211.6649   58.2816 14.7
 13.669 0838 Alaska-slab2-v3                                                                  212.2938   57.8339  8.9
  9.858 0839 Alaska-slab2-v3                                                                  212.1557   57.8839 10.5
  6.846 0840 Alaska-slab2-v3                                                                  212.0188   57.9358 11.8
  4.564 0841 Alaska-slab2-v3                                                                  211.8814   57.9880 12.8
  2.894 0842 Alaska-slab2-v3                                                                  211.7432   58.0402 13.5
  1.670 0843 Alaska-slab2-v3                                                                  211.6045   58.0922 14.0
  0.776 0844 Alaska-slab2-v3                                                                  211.4652   58.1442 14.4
 12.177 0872 Alaska-slab2-v3                                                                  212.0783   57.6978  8.4
  9.467 0873 Alaska-slab2-v3                                                                  211.9416   57.7490  9.9
  7.190 0874 Alaska-slab2-v3                                                                  211.8053   57.8010 11.1
  5.364 0875 Alaska-slab2-v3                                                                  211.6687   57.8535 12.1
  3.915 0876 Alaska-slab2-v3                                                                  211.5314   57.9059 12.8
  2.748 0877 Alaska-slab2-v3                                                                  211.3937   57.9582 13.5
  1.750 0878 Alaska-slab2-v3                                                                  211.2554   58.0104 14.0
  0.885 0879 Alaska-slab2-v3                                                                  211.1167   58.0625 14.4
