  6.164 0769 Alaska-slab2-v3                                                                  212.8435   58.0761  7.3
  6.164 0770 Alaska-slab2-v3                                                                  212.7037   58.1232  9.6
  6.164 0771 Alaska-slab2-v3                                                                  212.5640   58.1721 11.5
  5.785 0772 Alaska-slab2-v3                                                                  212.4241   58.2223 12.9
  5.306 0773 Alaska-slab2-v3                                                                  212.2830   58.2726 13.8
  5.006 0774 Alaska-slab2-v3                                                                  212.1411   58.3229 14.4
  4.838 0775 Alaska-slab2-v3                                                                  211.9987   58.3731 14.7
  4.751 0776 Alaska-slab2-v3                                                                  211.8558   58.4231 14.9
  4.700 0777 Alaska-slab2-v3                                                                  211.7126   58.4732 15.0
  7.587 0803 Alaska-slab2-v3                                                                  212.6419   57.9286  7.2
  7.587 0804 Alaska-slab2-v3                                                                  212.5018   57.9757  9.3
  7.587 0805 Alaska-slab2-v3                                                                  212.3630   58.0250 11.1
  7.565 0806 Alaska-slab2-v3                                                                  212.2250   58.0764 12.5
  6.979 0807 Alaska-slab2-v3                                                                  212.0860   58.1278 13.4
  6.594 0808 Alaska-slab2-v3                                                                  211.9461   58.1791 14.1
  6.344 0809 Alaska-slab2-v3                                                                  211.8057   58.2304 14.5
  6.198 0810 Alaska-slab2-v3                                                                  211.6649   58.2816 14.7
  6.082 0811 Alaska-slab2-v3                                                                  211.5236   58.3327 14.9
  7.587 0837 Alaska-slab2-v3                                                                  212.4328   57.7855  7.0
  7.587 0838 Alaska-slab2-v3                                                                  212.2938   57.8339  8.9
  7.587 0839 Alaska-slab2-v3                                                                  212.1557   57.8839 10.5
  7.587 0840 Alaska-slab2-v3                                                                  212.0188   57.9358 11.8
  7.309 0841 Alaska-slab2-v3                                                                  211.8814   57.9880 12.8
  6.871 0842 Alaska-slab2-v3                                                                  211.7432   58.0402 13.5
  6.550 0843 Alaska-slab2-v3                                                                  211.6045   58.0922 14.0
  6.316 0844 Alaska-slab2-v3                                                                  211.4652   58.1442 14.4
  6.113 0845 Alaska-slab2-v3                                                                  211.3256   58.1960 14.7
  6.164 0871 Alaska-slab2-v3                                                                  212.2148   57.6471  6.8
  6.164 0872 Alaska-slab2-v3                                                                  212.0783   57.6978  8.4
  6.164 0873 Alaska-slab2-v3                                                                  211.9416   57.7490  9.9
  6.164 0874 Alaska-slab2-v3                                                                  211.8053   57.8010 11.1
  6.164 0875 Alaska-slab2-v3                                                                  211.6687   57.8535 12.1
  5.825 0876 Alaska-slab2-v3                                                                  211.5314   57.9059 12.8
  5.511 0877 Alaska-slab2-v3                                                                  211.3937   57.9582 13.5
  5.242 0878 Alaska-slab2-v3                                                                  211.2554   58.0104 14.0
  5.009 0879 Alaska-slab2-v3                                                                  211.1167   58.0625 14.4
  4.771 0880 Alaska-slab2-v3                                                                  210.9789   58.1152 14.9
