 24.789 2930 Alaska-slab2-v3                                                                  180.4238   50.4994  9.1
 24.789 2931 Alaska-slab2-v3                                                                  180.4228   50.5882 10.8
 23.949 2932 Alaska-slab2-v3                                                                  180.4212   50.6773 12.2
 20.885 2933 Alaska-slab2-v3                                                                  180.4195   50.7664 13.7
 17.170 2934 Alaska-slab2-v3                                                                  180.4175   50.8551 15.4
 12.489 2935 Alaska-slab2-v3                                                                  180.4150   50.9429 17.7
  6.801 2936 Alaska-slab2-v3                                                                  180.4124   51.0295 20.4
 24.789 2942 Alaska-slab2-v3                                                                  180.1413   50.5169  9.3
 24.789 2943 Alaska-slab2-v3                                                                  180.1410   50.6056 11.0
 24.382 2944 Alaska-slab2-v3                                                                  180.1405   50.6948 12.4
 21.396 2945 Alaska-slab2-v3                                                                  180.1401   50.7839 13.9
 17.515 2946 Alaska-slab2-v3                                                                  180.1393   50.8723 15.8
 12.516 2947 Alaska-slab2-v3                                                                  180.1382   50.9596 18.2
  6.725 2948 Alaska-slab2-v3                                                                  180.1372   51.0460 21.1
 24.789 2954 Alaska-slab2-v3                                                                  179.8595   50.5313  9.4
 23.892 2955 Alaska-slab2-v3                                                                  179.8612   50.6200 11.2
 20.673 2956 Alaska-slab2-v3                                                                  179.8629   50.7092 12.6
 17.315 2957 Alaska-slab2-v3                                                                  179.8646   50.7983 14.0
 12.831 2958 Alaska-slab2-v3                                                                  179.8659   50.8866 16.0
  6.968 2959 Alaska-slab2-v3                                                                  179.8669   50.9737 18.5
 24.789 2966 Alaska-slab2-v3                                                                  179.5790   50.5430  9.6
 23.743 2967 Alaska-slab2-v3                                                                  179.5835   50.6316 11.4
 20.536 2968 Alaska-slab2-v3                                                                  179.5878   50.7207 12.8
 17.284 2969 Alaska-slab2-v3                                                                  179.5922   50.8098 14.2
 13.054 2970 Alaska-slab2-v3                                                                  179.5964   50.8983 16.1
  7.300 2971 Alaska-slab2-v3                                                                  179.6002   50.9854 18.6
 24.789 2978 Alaska-slab2-v3                                                                  179.2990   50.5579  9.7
 23.742 2979 Alaska-slab2-v3                                                                  179.3064   50.6463 11.5
 20.547 2980 Alaska-slab2-v3                                                                  179.3134   50.7354 12.9
 17.351 2981 Alaska-slab2-v3                                                                  179.3204   50.8244 14.3
 13.165 2982 Alaska-slab2-v3                                                                  179.3273   50.9128 16.2
  7.404 2983 Alaska-slab2-v3                                                                  179.3340   50.9997 18.7
 24.789 2990 Alaska-slab2-v3                                                                  179.0199   50.5780  9.7
 23.866 2991 Alaska-slab2-v3                                                                  179.0302   50.6663 11.6
 20.752 2992 Alaska-slab2-v3                                                                  179.0398   50.7553 13.0
 17.504 2993 Alaska-slab2-v3                                                                  179.0494   50.8442 14.4
 13.212 2994 Alaska-slab2-v3                                                                  179.0591   50.9323 16.4
  7.362 2995 Alaska-slab2-v3                                                                  179.0686   51.0190 19.0
 24.789 3002 Alaska-slab2-v3                                                                  178.7420   50.6040  9.8
 24.097 3003 Alaska-slab2-v3                                                                  178.7552   50.6922 11.6
 21.022 3004 Alaska-slab2-v3                                                                  178.7674   50.7810 13.0
 17.727 3005 Alaska-slab2-v3                                                                  178.7798   50.8697 14.5
 13.224 3006 Alaska-slab2-v3                                                                  178.7922   50.9575 16.5
  7.271 3007 Alaska-slab2-v3                                                                  178.8044   51.0439 19.3
 43.380 3014 Alaska-slab2-v3                                                                  178.4654   50.6353  9.8
 42.678 3015 Alaska-slab2-v3                                                                  178.4815   50.7233 11.6
 37.324 3016 Alaska-slab2-v3                                                                  178.4964   50.8120 13.0
 31.401 3017 Alaska-slab2-v3                                                                  178.5114   50.9004 14.6
 23.237 3018 Alaska-slab2-v3                                                                  178.5266   50.9878 16.7
 12.644 3019 Alaska-slab2-v3                                                                  178.5414   51.0738 19.5
 61.972 3025 Alaska-slab2-v3                                                                  178.1902   50.6710  9.8
 61.784 3026 Alaska-slab2-v3                                                                  178.2094   50.7588 11.6
 54.162 3027 Alaska-slab2-v3                                                                  178.2269   50.8472 13.0
 45.466 3028 Alaska-slab2-v3                                                                  178.2445   50.9354 14.6
 33.442 3029 Alaska-slab2-v3                                                                  178.2624   51.0224 16.9
 18.090 3030 Alaska-slab2-v3                                                                  178.2798   51.1081 19.7
 80.563 3036 Alaska-slab2-v3                                                                  177.9160   50.7103  9.7
 80.563 3037 Alaska-slab2-v3                                                                  177.9384   50.7977 11.5
 71.412 3038 Alaska-slab2-v3                                                                  177.9585   50.8859 12.9
 59.833 3039 Alaska-slab2-v3                                                                  177.9788   50.9738 14.6
 43.956 3040 Alaska-slab2-v3                                                                  177.9995   51.0605 16.9
 23.781 3041 Alaska-slab2-v3                                                                  178.0197   51.1457 19.8
 99.155 3047 Alaska-slab2-v3                                                                  177.6429   50.7524  9.6
 99.155 3048 Alaska-slab2-v3                                                                  177.6686   50.8395 11.3
 88.830 3049 Alaska-slab2-v3                                                                  177.6915   50.9274 12.8
 74.324 3050 Alaska-slab2-v3                                                                  177.7145   51.0150 14.5
 54.612 3051 Alaska-slab2-v3                                                                  177.7381   51.1013 16.8
 29.525 3052 Alaska-slab2-v3                                                                  177.7610   51.1862 19.8
 99.155 3058 Alaska-slab2-v3                                                                  177.3704   50.7972  9.4
 99.155 3059 Alaska-slab2-v3                                                                  177.3997   50.8839 11.2
 89.540 3060 Alaska-slab2-v3                                                                  177.4254   50.9714 12.7
 74.860 3061 Alaska-slab2-v3                                                                  177.4512   51.0587 14.4
 55.029 3062 Alaska-slab2-v3                                                                  177.4776   51.1447 16.7
 29.789 3063 Alaska-slab2-v3                                                                  177.5036   51.2292 19.6
 99.155 3069 Alaska-slab2-v3                                                                  177.0983   50.8445  9.2
 99.155 3070 Alaska-slab2-v3                                                                  177.1313   50.9307 11.0
 90.141 3071 Alaska-slab2-v3                                                                  177.1599   51.0179 12.5
 75.320 3072 Alaska-slab2-v3                                                                  177.1886   51.1048 14.2
 55.471 3073 Alaska-slab2-v3                                                                  177.2180   51.1905 16.5
 29.989 3074 Alaska-slab2-v3                                                                  177.2470   51.2746 19.4
 99.155 3080 Alaska-slab2-v3                                                                  176.8266   50.8941  9.1
 99.155 3081 Alaska-slab2-v3                                                                  176.8631   50.9798 10.8
 90.451 3082 Alaska-slab2-v3                                                                  176.8947   51.0666 12.3
 75.755 3083 Alaska-slab2-v3                                                                  176.9263   51.1531 14.0
 55.985 3084 Alaska-slab2-v3                                                                  176.9587   51.2385 16.3
 30.442 3085 Alaska-slab2-v3                                                                  176.9909   51.3222 19.2
 99.155 3091 Alaska-slab2-v3                                                                  176.5551   50.9460  9.0
 99.155 3092 Alaska-slab2-v3                                                                  176.5947   51.0311 10.8
 90.445 3093 Alaska-slab2-v3                                                                  176.6293   51.1174 12.3
 75.752 3094 Alaska-slab2-v3                                                                  176.6639   51.2036 13.9
 56.484 3095 Alaska-slab2-v3                                                                  176.6995   51.2885 16.1
 31.057 3096 Alaska-slab2-v3                                                                  176.7350   51.3718 19.0
 99.155 3103 Alaska-slab2-v3                                                                  176.2839   50.9998  9.0
 99.155 3104 Alaska-slab2-v3                                                                  176.3264   51.0844 10.7
 90.133 3105 Alaska-slab2-v3                                                                  176.3640   51.1702 12.3
 75.345 3106 Alaska-slab2-v3                                                                  176.4015   51.2558 14.0
 56.685 3107 Alaska-slab2-v3                                                                  176.4402   51.3404 16.1
 31.599 3108 Alaska-slab2-v3                                                                  176.4791   51.4232 18.9
