 37.463 2700 Alaska-slab2-v3                                                                  184.9459   50.5211  7.2
 37.463 2701 Alaska-slab2-v3                                                                  184.9321   50.6085  9.4
 37.463 2702 Alaska-slab2-v3                                                                  184.9167   50.6967 11.2
 37.463 2703 Alaska-slab2-v3                                                                  184.9002   50.7854 12.4
 37.463 2704 Alaska-slab2-v3                                                                  184.8836   50.8745 13.4
 37.463 2705 Alaska-slab2-v3                                                                  184.8668   50.9635 14.4
 36.893 2706 Alaska-slab2-v3                                                                  184.8487   51.0521 15.7
 32.912 2707 Alaska-slab2-v3                                                                  184.8291   51.1401 17.3
 27.985 2708 Alaska-slab2-v3                                                                  184.8091   51.2274 19.3
 22.281 2709 Alaska-slab2-v3                                                                  184.7869   51.3139 21.7
 15.898 2710 Alaska-slab2-v3                                                                  184.7628   51.3995 24.3
 37.463 2715 Alaska-slab2-v3                                                                  184.6650   50.4933  7.2
 37.463 2716 Alaska-slab2-v3                                                                  184.6522   50.5808  9.4
 37.463 2717 Alaska-slab2-v3                                                                  184.6381   50.6690 11.2
 37.463 2718 Alaska-slab2-v3                                                                  184.6230   50.7578 12.5
 37.463 2719 Alaska-slab2-v3                                                                  184.6078   50.8468 13.6
 37.463 2720 Alaska-slab2-v3                                                                  184.5923   50.9359 14.6
 37.463 2721 Alaska-slab2-v3                                                                  184.5748   51.0247 15.8
 37.463 2722 Alaska-slab2-v3                                                                  184.5556   51.1130 17.3
 33.854 2723 Alaska-slab2-v3                                                                  184.5363   51.2007 19.1
 29.021 2724 Alaska-slab2-v3                                                                  184.5152   51.2874 21.4
 23.393 2725 Alaska-slab2-v3                                                                  184.4923   51.3732 24.0
 37.463 2730 Alaska-slab2-v3                                                                  184.3837   50.4670  7.2
 37.463 2731 Alaska-slab2-v3                                                                  184.3720   50.5546  9.4
 37.463 2732 Alaska-slab2-v3                                                                  184.3591   50.6428 11.2
 37.463 2733 Alaska-slab2-v3                                                                  184.3452   50.7316 12.6
 37.463 2734 Alaska-slab2-v3                                                                  184.3312   50.8207 13.7
 37.463 2735 Alaska-slab2-v3                                                                  184.3167   50.9099 14.7
 37.463 2736 Alaska-slab2-v3                                                                  184.2999   50.9987 15.9
 37.463 2737 Alaska-slab2-v3                                                                  184.2813   51.0871 17.3
 33.861 2738 Alaska-slab2-v3                                                                  184.2627   51.1751 19.0
 29.246 2739 Alaska-slab2-v3                                                                  184.2425   51.2621 21.2
 23.703 2740 Alaska-slab2-v3                                                                  184.2209   51.3481 23.8
 37.463 2745 Alaska-slab2-v3                                                                  184.1023   50.4426  7.2
 37.463 2746 Alaska-slab2-v3                                                                  184.0914   50.5302  9.3
 37.463 2747 Alaska-slab2-v3                                                                  184.0794   50.6186 11.1
 37.463 2748 Alaska-slab2-v3                                                                  184.0666   50.7074 12.5
 37.463 2749 Alaska-slab2-v3                                                                  184.0536   50.7966 13.6
 37.463 2750 Alaska-slab2-v3                                                                  184.0402   50.8858 14.6
 37.463 2751 Alaska-slab2-v3                                                                  184.0244   50.9747 15.9
 37.463 2752 Alaska-slab2-v3                                                                  184.0065   51.0631 17.3
 33.950 2753 Alaska-slab2-v3                                                                  183.9887   51.1511 19.1
 29.481 2754 Alaska-slab2-v3                                                                  183.9695   51.2384 21.1
 24.066 2755 Alaska-slab2-v3                                                                  183.9490   51.3246 23.7
 37.463 2760 Alaska-slab2-v3                                                                  183.8205   50.4203  7.2
 37.463 2761 Alaska-slab2-v3                                                                  183.8105   50.5081  9.3
 37.463 2762 Alaska-slab2-v3                                                                  183.7994   50.5965 11.0
 37.463 2763 Alaska-slab2-v3                                                                  183.7875   50.6855 12.3
 37.463 2764 Alaska-slab2-v3                                                                  183.7755   50.7748 13.4
 37.463 2765 Alaska-slab2-v3                                                                  183.7633   50.8640 14.5
 36.550 2766 Alaska-slab2-v3                                                                  183.7487   50.9529 15.8
 32.706 2767 Alaska-slab2-v3                                                                  183.7317   51.0412 17.4
 28.179 2768 Alaska-slab2-v3                                                                  183.7146   51.1291 19.2
 23.069 2769 Alaska-slab2-v3                                                                  183.6962   51.2164 21.3
 16.937 2770 Alaska-slab2-v3                                                                  183.6768   51.3027 23.8
 37.463 2775 Alaska-slab2-v3                                                                  183.5384   50.4006  7.1
 37.463 2776 Alaska-slab2-v3                                                                  183.5292   50.4885  9.2
 37.463 2777 Alaska-slab2-v3                                                                  183.5191   50.5771 10.9
 37.463 2778 Alaska-slab2-v3                                                                  183.5081   50.6662 12.2
 37.463 2779 Alaska-slab2-v3                                                                  183.4970   50.7555 13.2
 37.463 2780 Alaska-slab2-v3                                                                  183.4859   50.8448 14.3
 37.331 2781 Alaska-slab2-v3                                                                  183.4725   50.9336 15.6
 33.175 2782 Alaska-slab2-v3                                                                  183.4566   51.0218 17.4
 28.346 2783 Alaska-slab2-v3                                                                  183.4403   51.1095 19.4
 22.965 2784 Alaska-slab2-v3                                                                  183.4229   51.1966 21.6
 16.744 2785 Alaska-slab2-v3                                                                  183.4046   51.2828 24.2
 30.439 2790 Alaska-slab2-v3                                                                  183.2559   50.3839  7.1
 30.439 2791 Alaska-slab2-v3                                                                  183.2476   50.4719  9.2
 30.439 2792 Alaska-slab2-v3                                                                  183.2383   50.5605 10.8
 30.439 2793 Alaska-slab2-v3                                                                  183.2282   50.6497 12.1
 30.439 2794 Alaska-slab2-v3                                                                  183.2180   50.7391 13.1
 30.439 2795 Alaska-slab2-v3                                                                  183.2078   50.8284 14.2
 30.439 2796 Alaska-slab2-v3                                                                  183.1956   50.9172 15.6
 27.350 2797 Alaska-slab2-v3                                                                  183.1809   51.0053 17.4
 23.192 2798 Alaska-slab2-v3                                                                  183.1656   51.0928 19.6
 18.573 2799 Alaska-slab2-v3                                                                  183.1494   51.1796 22.0
 13.376 2800 Alaska-slab2-v3                                                                  183.1322   51.2657 24.7
 23.414 2805 Alaska-slab2-v3                                                                  182.9730   50.3703  7.1
 23.414 2806 Alaska-slab2-v3                                                                  182.9656   50.4585  9.1
 23.414 2807 Alaska-slab2-v3                                                                  182.9573   50.5472 10.7
 23.414 2808 Alaska-slab2-v3                                                                  182.9481   50.6364 12.0
 23.414 2809 Alaska-slab2-v3                                                                  182.9388   50.7258 13.0
 23.414 2810 Alaska-slab2-v3                                                                  182.9294   50.8151 14.2
 23.414 2811 Alaska-slab2-v3                                                                  182.9181   50.9039 15.6
 21.364 2812 Alaska-slab2-v3                                                                  182.9046   50.9921 17.5
 18.110 2813 Alaska-slab2-v3                                                                  182.8905   51.0794 19.7
 14.374 2814 Alaska-slab2-v3                                                                  182.8754   51.1660 22.2
 16.390 2820 Alaska-slab2-v3                                                                  182.6899   50.3603  7.0
 16.390 2821 Alaska-slab2-v3                                                                  182.6836   50.4486  8.9
 16.390 2822 Alaska-slab2-v3                                                                  182.6763   50.5374 10.5
 16.390 2823 Alaska-slab2-v3                                                                  182.6679   50.6266 11.8
 16.390 2824 Alaska-slab2-v3                                                                  182.6593   50.7159 13.0
 16.390 2825 Alaska-slab2-v3                                                                  182.6507   50.8052 14.2
 16.390 2826 Alaska-slab2-v3                                                                  182.6403   50.8941 15.6
 15.217 2827 Alaska-slab2-v3                                                                  182.6279   50.9823 17.4
 12.961 2828 Alaska-slab2-v3                                                                  182.6151   51.0698 19.7
 10.282 2829 Alaska-slab2-v3                                                                  182.6012   51.1562 22.3
  9.366 2834 Alaska-slab2-v3                                                                  182.4069   50.3538  6.9
  9.366 2835 Alaska-slab2-v3                                                                  182.4019   50.4425  8.7
  9.366 2836 Alaska-slab2-v3                                                                  182.3958   50.5313 10.3
  9.366 2837 Alaska-slab2-v3                                                                  182.3882   50.6205 11.6
  9.366 2838 Alaska-slab2-v3                                                                  182.3801   50.7097 12.9
  9.366 2839 Alaska-slab2-v3                                                                  182.3720   50.7989 14.1
  9.366 2840 Alaska-slab2-v3                                                                  182.3624   50.8878 15.6
  8.829 2841 Alaska-slab2-v3                                                                  182.3512   50.9762 17.4
  7.563 2842 Alaska-slab2-v3                                                                  182.3395   51.0636 19.7
  6.036 2843 Alaska-slab2-v3                                                                  182.3269   51.1500 22.4
  9.366 2848 Alaska-slab2-v3                                                                  182.1236   50.3512  6.8
  9.366 2849 Alaska-slab2-v3                                                                  182.1201   50.4400  8.5
  9.366 2850 Alaska-slab2-v3                                                                  182.1156   50.5291 10.0
  9.366 2851 Alaska-slab2-v3                                                                  182.1090   50.6182 11.3
  9.366 2852 Alaska-slab2-v3                                                                  182.1013   50.7074 12.6
  9.366 2853 Alaska-slab2-v3                                                                  182.0936   50.7965 14.0
  9.366 2854 Alaska-slab2-v3                                                                  182.0847   50.8853 15.6
  8.960 2855 Alaska-slab2-v3                                                                  182.0745   50.9736 17.5
  7.691 2856 Alaska-slab2-v3                                                                  182.0637   51.0610 19.7
  6.175 2857 Alaska-slab2-v3                                                                  182.0522   51.1474 22.5
  9.366 2862 Alaska-slab2-v3                                                                  181.8402   50.3523  6.8
  9.366 2863 Alaska-slab2-v3                                                                  181.8380   50.4414  8.3
  9.366 2864 Alaska-slab2-v3                                                                  181.8349   50.5305  9.7
  9.366 2865 Alaska-slab2-v3                                                                  181.8294   50.6197 11.1
  9.366 2866 Alaska-slab2-v3                                                                  181.8222   50.7089 12.4
  9.366 2867 Alaska-slab2-v3                                                                  181.8150   50.7979 13.9
  9.366 2868 Alaska-slab2-v3                                                                  181.8068   50.8865 15.6
  9.098 2869 Alaska-slab2-v3                                                                  181.7974   50.9745 17.6
  7.795 2870 Alaska-slab2-v3                                                                  181.7875   51.0618 20.0
  6.273 2871 Alaska-slab2-v3                                                                  181.7772   51.1481 22.8
  9.366 2876 Alaska-slab2-v3                                                                  181.5568   50.3573  6.8
  9.366 2877 Alaska-slab2-v3                                                                  181.5553   50.4465  8.2
  9.366 2878 Alaska-slab2-v3                                                                  181.5532   50.5356  9.6
  9.366 2879 Alaska-slab2-v3                                                                  181.5486   50.6249 11.0
  9.366 2880 Alaska-slab2-v3                                                                  181.5422   50.7140 12.3
  9.366 2881 Alaska-slab2-v3                                                                  181.5358   50.8030 13.9
  9.180 2882 Alaska-slab2-v3                                                                  181.5284   50.8914 15.7
  7.840 2883 Alaska-slab2-v3                                                                  181.5199   50.9791 17.9
  6.286 2884 Alaska-slab2-v3                                                                  181.5111   51.0661 20.4
  4.502 2885 Alaska-slab2-v3                                                                  181.5020   51.1520 23.4
  9.366 2890 Alaska-slab2-v3                                                                  181.2734   50.3663  6.8
  9.366 2891 Alaska-slab2-v3                                                                  181.2723   50.4553  8.3
  9.366 2892 Alaska-slab2-v3                                                                  181.2705   50.5445  9.7
  9.366 2893 Alaska-slab2-v3                                                                  181.2666   50.6337 11.1
  9.366 2894 Alaska-slab2-v3                                                                  181.2612   50.7229 12.5
  9.366 2895 Alaska-slab2-v3                                                                  181.2558   50.8118 14.1
  9.366 2896 Alaska-slab2-v3                                                                  181.2495   50.9001 16.0
  8.010 2897 Alaska-slab2-v3                                                                  181.2423   50.9875 18.4
  6.404 2898 Alaska-slab2-v3                                                                  181.2349   51.0739 21.1
  4.569 2899 Alaska-slab2-v3                                                                  181.2272   51.1593 24.2
  9.366 2903 Alaska-slab2-v3                                                                  180.9901   50.3788  6.8
  9.366 2904 Alaska-slab2-v3                                                                  180.9893   50.4677  8.5
  9.366 2905 Alaska-slab2-v3                                                                  180.9876   50.5567 10.0
  9.366 2906 Alaska-slab2-v3                                                                  180.9842   50.6459 11.4
  9.366 2907 Alaska-slab2-v3                                                                  180.9801   50.7350 12.9
  9.366 2908 Alaska-slab2-v3                                                                  180.9758   50.8239 14.5
  9.366 2909 Alaska-slab2-v3                                                                  180.9708   50.9120 16.5
  8.172 2910 Alaska-slab2-v3                                                                  180.9650   50.9992 19.0
  6.530 2911 Alaska-slab2-v3                                                                  180.9593   51.0852 21.9
  9.366 2916 Alaska-slab2-v3                                                                  180.7071   50.3941  7.0
  9.366 2917 Alaska-slab2-v3                                                                  180.7065   50.4827  8.8
  9.366 2918 Alaska-slab2-v3                                                                  180.7050   50.5716 10.4
  9.366 2919 Alaska-slab2-v3                                                                  180.7024   50.6607 11.9
  9.366 2920 Alaska-slab2-v3                                                                  180.6995   50.7498 13.3
  9.366 2921 Alaska-slab2-v3                                                                  180.6963   50.8386 15.0
  8.287 2922 Alaska-slab2-v3                                                                  180.6925   50.9266 17.1
  6.710 2923 Alaska-slab2-v3                                                                  180.6884   51.0136 19.7
  4.810 2924 Alaska-slab2-v3                                                                  180.6843   51.0991 22.8
