 49.477 0904 Alaska-slab2-v3                                                                  211.9868   57.5137  6.7
 49.477 0905 Alaska-slab2-v3                                                                  211.8526   57.5663  8.1
 49.477 0906 Alaska-slab2-v3                                                                  211.7178   57.6189  9.4
 46.072 0907 Alaska-slab2-v3                                                                  211.5824   57.6714 10.6
 41.164 0908 Alaska-slab2-v3                                                                  211.4462   57.7238 11.5
 37.008 0909 Alaska-slab2-v3                                                                  211.3094   57.7761 12.4
 33.452 0910 Alaska-slab2-v3                                                                  211.1721   57.8283 13.1
 30.247 0911 Alaska-slab2-v3                                                                  211.0343   57.8803 13.7
 27.242 0912 Alaska-slab2-v3                                                                  210.8961   57.9322 14.3
 24.338 0913 Alaska-slab2-v3                                                                  210.7591   57.9852 14.9
 21.333 0914 Alaska-slab2-v3                                                                  210.6275   58.0418 15.5
 18.228 0915 Alaska-slab2-v3                                                                  210.4993   58.1009 16.1
 14.923 0916 Alaska-slab2-v3                                                                  210.3708   58.1598 16.8
 11.418 0917 Alaska-slab2-v3                                                                  210.2419   58.2186 17.5
  7.812 0918 Alaska-slab2-v3                                                                  210.1125   58.2773 18.2
  4.006 0919 Alaska-slab2-v3                                                                  209.9828   58.3358 19.0
 49.477 0937 Alaska-slab2-v3                                                                  211.7476   57.3859  6.7
 49.477 0938 Alaska-slab2-v3                                                                  211.6147   57.4395  7.9
 49.477 0939 Alaska-slab2-v3                                                                  211.4814   57.4929  9.1
 46.261 0940 Alaska-slab2-v3                                                                  211.3469   57.5459 10.2
 41.166 0941 Alaska-slab2-v3                                                                  211.2112   57.5983 11.2
 36.587 0942 Alaska-slab2-v3                                                                  211.0747   57.6504 12.1
 32.470 0943 Alaska-slab2-v3                                                                  210.9378   57.7023 12.9
 28.662 0944 Alaska-slab2-v3                                                                  210.8003   57.7542 13.7
 25.060 0945 Alaska-slab2-v3                                                                  210.6624   57.8059 14.4
 21.612 0946 Alaska-slab2-v3                                                                  210.5277   57.8598 15.0
 18.165 0947 Alaska-slab2-v3                                                                  210.3991   57.9180 15.7
 14.717 0948 Alaska-slab2-v3                                                                  210.2732   57.9782 16.4
 11.218 0949 Alaska-slab2-v3                                                                  210.1468   58.0382 17.0
  7.564 0950 Alaska-slab2-v3                                                                  210.0201   58.0980 17.8
  3.859 0951 Alaska-slab2-v3                                                                  209.8930   58.1578 18.5
 49.477 0970 Alaska-slab2-v3                                                                  211.4967   57.2642  6.6
 49.477 0971 Alaska-slab2-v3                                                                  211.3640   57.3176  7.8
 49.477 0972 Alaska-slab2-v3                                                                  211.2308   57.3710  9.0
 47.179 0973 Alaska-slab2-v3                                                                  211.0969   57.4240 10.1
 42.022 0974 Alaska-slab2-v3                                                                  210.9619   57.4765 11.1
 37.274 0975 Alaska-slab2-v3                                                                  210.8263   57.5288 12.1
 32.882 0976 Alaska-slab2-v3                                                                  210.6901   57.5810 12.9
 28.798 0977 Alaska-slab2-v3                                                                  210.5535   57.6331 13.7
 24.968 0978 Alaska-slab2-v3                                                                  210.4165   57.6851 14.5
 21.292 0979 Alaska-slab2-v3                                                                  210.2846   57.7406 15.2
 17.718 0980 Alaska-slab2-v3                                                                  210.1595   57.8006 15.9
 14.246 0981 Alaska-slab2-v3                                                                  210.0354   57.8616 16.6
 10.723 0982 Alaska-slab2-v3                                                                  209.9110   57.9225 17.3
  7.250 0983 Alaska-slab2-v3                                                                  209.7861   57.9832 18.0
  3.676 0984 Alaska-slab2-v3                                                                  209.6608   58.0438 18.7
 49.477 1002 Alaska-slab2-v3                                                                  211.2352   57.1486  6.7
 49.477 1003 Alaska-slab2-v3                                                                  211.1013   57.2007  7.9
 49.477 1004 Alaska-slab2-v3                                                                  210.9669   57.2526  9.2
 46.599 1005 Alaska-slab2-v3                                                                  210.8334   57.3056 10.3
 41.507 1006 Alaska-slab2-v3                                                                  210.7011   57.3598 11.3
 36.974 1007 Alaska-slab2-v3                                                                  210.5684   57.4139 12.2
 32.798 1008 Alaska-slab2-v3                                                                  210.4353   57.4680 13.0
 28.978 1009 Alaska-slab2-v3                                                                  210.3017   57.5220 13.7
 25.311 1010 Alaska-slab2-v3                                                                  210.1676   57.5759 14.5
 21.746 1011 Alaska-slab2-v3                                                                  210.0377   57.6325 15.2
 18.181 1012 Alaska-slab2-v3                                                                  209.9135   57.6930 15.9
 14.566 1013 Alaska-slab2-v3                                                                  209.7905   57.7543 16.6
 10.950 1014 Alaska-slab2-v3                                                                  209.6671   57.8155 17.3
  7.283 1015 Alaska-slab2-v3                                                                  209.5433   57.8766 18.0
  3.667 1016 Alaska-slab2-v3                                                                  209.4190   57.9376 18.7
 49.477 1034 Alaska-slab2-v3                                                                  210.9648   57.0387  6.8
 49.477 1035 Alaska-slab2-v3                                                                  210.8281   57.0879  8.2
 49.477 1036 Alaska-slab2-v3                                                                  210.6921   57.1379  9.5
 44.924 1037 Alaska-slab2-v3                                                                  210.5617   57.1925 10.6
 40.141 1038 Alaska-slab2-v3                                                                  210.4359   57.2507 11.6
 36.173 1039 Alaska-slab2-v3                                                                  210.3097   57.3090 12.3
 32.764 1040 Alaska-slab2-v3                                                                  210.1830   57.3673 13.0
 29.661 1041 Alaska-slab2-v3                                                                  210.0559   57.4255 13.6
 26.710 1042 Alaska-slab2-v3                                                                  209.9283   57.4835 14.2
 23.657 1043 Alaska-slab2-v3                                                                  209.8016   57.5422 14.8
 20.249 1044 Alaska-slab2-v3                                                                  209.6765   57.6020 15.5
 16.484 1045 Alaska-slab2-v3                                                                  209.5515   57.6619 16.2
 12.414 1046 Alaska-slab2-v3                                                                  209.4259   57.7216 17.0
  8.242 1047 Alaska-slab2-v3                                                                  209.2999   57.7811 17.8
  4.070 1048 Alaska-slab2-v3                                                                  209.1735   57.8405 18.6
 49.477 1065 Alaska-slab2-v3                                                                  210.6874   56.9346  6.8
 49.477 1066 Alaska-slab2-v3                                                                  210.5480   56.9808  8.4
 49.477 1067 Alaska-slab2-v3                                                                  210.4119   57.0299  9.8
 43.754 1068 Alaska-slab2-v3                                                                  210.2868   57.0872 10.9
 39.399 1069 Alaska-slab2-v3                                                                  210.1685   57.1498 11.8
 36.006 1070 Alaska-slab2-v3                                                                  210.0496   57.2125 12.4
 33.373 1071 Alaska-slab2-v3                                                                  209.9302   57.2750 12.9
 31.094 1072 Alaska-slab2-v3                                                                  209.8103   57.3375 13.4
 28.866 1073 Alaska-slab2-v3                                                                  209.6901   57.3999 13.8
 26.334 1074 Alaska-slab2-v3                                                                  209.5694   57.4622 14.3
 23.245 1075 Alaska-slab2-v3                                                                  209.4478   57.5238 14.9
 19.396 1076 Alaska-slab2-v3                                                                  209.3210   57.5823 15.7
 14.838 1077 Alaska-slab2-v3                                                                  209.1897   57.6379 16.6
  9.824 1078 Alaska-slab2-v3                                                                  209.0581   57.6934 17.6
  4.811 1079 Alaska-slab2-v3                                                                  208.9260   57.7487 18.6
 49.477 1095 Alaska-slab2-v3                                                                  210.4074   56.8380  6.8
 49.477 1096 Alaska-slab2-v3                                                                  210.2708   56.8864  8.3
 49.477 1097 Alaska-slab2-v3                                                                  210.1362   56.9367  9.6
 45.751 1098 Alaska-slab2-v3                                                                  210.0128   56.9950 10.7
 41.777 1099 Alaska-slab2-v3                                                                  209.8978   57.0594 11.5
 38.797 1100 Alaska-slab2-v3                                                                  209.7823   57.1238 12.1
 36.462 1101 Alaska-slab2-v3                                                                  209.6663   57.1881 12.6
 34.475 1102 Alaska-slab2-v3                                                                  209.5498   57.2524 13.0
 32.438 1103 Alaska-slab2-v3                                                                  209.4329   57.3166 13.4
 30.004 1104 Alaska-slab2-v3                                                                  209.3157   57.3806 13.9
 26.775 1105 Alaska-slab2-v3                                                                  209.1981   57.4444 14.5
 22.503 1106 Alaska-slab2-v3                                                                  209.0722   57.5028 15.4
 17.188 1107 Alaska-slab2-v3                                                                  208.9368   57.5550 16.5
 11.326 1108 Alaska-slab2-v3                                                                  208.8000   57.6062 17.6
  5.415 1109 Alaska-slab2-v3                                                                  208.6628   57.6573 18.8
 40.200 1124 Alaska-slab2-v3                                                                  210.1278   56.7480  6.7
 40.200 1125 Alaska-slab2-v3                                                                  210.0014   56.8041  8.0
 40.200 1126 Alaska-slab2-v3                                                                  209.8744   56.8602  9.1
 38.717 1127 Alaska-slab2-v3                                                                  209.7519   56.9196 10.1
 35.504 1128 Alaska-slab2-v3                                                                  209.6341   56.9823 10.9
 32.992 1129 Alaska-slab2-v3                                                                  209.5161   57.0452 11.5
 30.850 1130 Alaska-slab2-v3                                                                  209.3976   57.1080 12.0
 28.873 1131 Alaska-slab2-v3                                                                  209.2787   57.1707 12.5
 26.690 1132 Alaska-slab2-v3                                                                  209.1594   57.2333 13.0
 24.013 1133 Alaska-slab2-v3                                                                  209.0398   57.2957 13.7
 20.594 1134 Alaska-slab2-v3                                                                  208.9194   57.3575 14.5
 16.187 1135 Alaska-slab2-v3                                                                  208.7913   57.4141 15.6
 10.915 1136 Alaska-slab2-v3                                                                  208.6549   57.4649 16.9
  5.355 1137 Alaska-slab2-v3                                                                  208.5171   57.5147 18.2
 30.923 1153 Alaska-slab2-v3                                                                  209.8466   56.6594  6.6
 30.923 1154 Alaska-slab2-v3                                                                  209.7304   56.7223  7.6
 30.923 1155 Alaska-slab2-v3                                                                  209.6138   56.7850  8.6
 30.923 1156 Alaska-slab2-v3                                                                  209.4968   56.8478  9.5
 28.420 1157 Alaska-slab2-v3                                                                  209.3777   56.9096 10.4
 26.159 1158 Alaska-slab2-v3                                                                  209.2553   56.9697 11.1
 23.996 1159 Alaska-slab2-v3                                                                  209.1314   57.0291 11.7
 21.832 1160 Alaska-slab2-v3                                                                  209.0072   57.0883 12.4
 19.410 1161 Alaska-slab2-v3                                                                  208.8826   57.1474 13.1
 16.535 1162 Alaska-slab2-v3                                                                  208.7578   57.2063 14.0
 13.047 1163 Alaska-slab2-v3                                                                  208.6310   57.2637 15.1
  8.914 1164 Alaska-slab2-v3                                                                  208.4990   57.3173 16.4
  4.424 1165 Alaska-slab2-v3                                                                  208.3638   57.3687 17.8
 21.646 1181 Alaska-slab2-v3                                                                  209.5620   56.5690  6.5
 21.646 1182 Alaska-slab2-v3                                                                  209.4493   56.6338  7.4
 21.646 1183 Alaska-slab2-v3                                                                  209.3362   56.6985  8.4
 21.646 1184 Alaska-slab2-v3                                                                  209.2227   56.7631  9.3
 19.848 1185 Alaska-slab2-v3                                                                  209.1047   56.8252 10.2
 17.843 1186 Alaska-slab2-v3                                                                  208.9805   56.8838 11.0
 15.837 1187 Alaska-slab2-v3                                                                  208.8540   56.9412 11.9
 13.716 1188 Alaska-slab2-v3                                                                  208.7273   56.9984 12.8
 11.434 1189 Alaska-slab2-v3                                                                  208.6002   57.0555 13.8
  8.875 1190 Alaska-slab2-v3                                                                  208.4722   57.1118 14.9
  6.063 1191 Alaska-slab2-v3                                                                  208.3419   57.1666 16.1
  3.020 1192 Alaska-slab2-v3                                                                  208.2099   57.2201 17.5
 12.369 1208 Alaska-slab2-v3                                                                  209.2769   56.4763  6.5
 12.369 1209 Alaska-slab2-v3                                                                  209.1633   56.5403  7.6
 12.369 1210 Alaska-slab2-v3                                                                  209.0493   56.6043  8.6
 12.369 1211 Alaska-slab2-v3                                                                  208.9339   56.6675  9.7
 11.196 1212 Alaska-slab2-v3                                                                  208.8140   56.7282 10.7
  9.928 1213 Alaska-slab2-v3                                                                  208.6901   56.7867 11.7
  8.635 1214 Alaska-slab2-v3                                                                  208.5650   56.8445 12.7
  7.316 1215 Alaska-slab2-v3                                                                  208.4395   56.9022 13.7
  5.922 1216 Alaska-slab2-v3                                                                  208.3132   56.9594 14.8
  4.463 1217 Alaska-slab2-v3                                                                  208.1854   57.0156 16.0
  2.967 1218 Alaska-slab2-v3                                                                  208.0563   57.0710 17.2
  1.458 1219 Alaska-slab2-v3                                                                  207.9267   57.1262 18.4
 12.369 1235 Alaska-slab2-v3                                                                  208.9945   56.3819  6.7
 12.369 1236 Alaska-slab2-v3                                                                  208.8802   56.4447  8.1
 12.369 1237 Alaska-slab2-v3                                                                  208.7647   56.5072  9.4
 11.511 1238 Alaska-slab2-v3                                                                  208.6463   56.5684 10.6
 10.167 1239 Alaska-slab2-v3                                                                  208.5248   56.6279 11.7
  8.922 1240 Alaska-slab2-v3                                                                  208.4020   56.6869 12.7
  7.715 1241 Alaska-slab2-v3                                                                  208.2787   56.7458 13.7
  6.508 1242 Alaska-slab2-v3                                                                  208.1550   56.8045 14.6
  5.239 1243 Alaska-slab2-v3                                                                  208.0304   56.8627 15.7
  3.932 1244 Alaska-slab2-v3                                                                  207.9047   56.9202 16.7
  2.601 1245 Alaska-slab2-v3                                                                  207.7785   56.9776 17.8
  1.282 1246 Alaska-slab2-v3                                                                  207.6520   57.0348 18.9
 12.369 1261 Alaska-slab2-v3                                                                  208.7142   56.2852  7.0
 12.369 1262 Alaska-slab2-v3                                                                  208.5983   56.3460  8.8
 11.817 1263 Alaska-slab2-v3                                                                  208.4812   56.4069 10.4
 10.243 1264 Alaska-slab2-v3                                                                  208.3622   56.4673 11.7
  8.990 1265 Alaska-slab2-v3                                                                  208.2418   56.5275 12.7
  7.949 1266 Alaska-slab2-v3                                                                  208.1208   56.5876 13.5
  6.994 1267 Alaska-slab2-v3                                                                  207.9993   56.6476 14.3
  6.014 1268 Alaska-slab2-v3                                                                  207.8776   56.7076 15.1
  4.935 1269 Alaska-slab2-v3                                                                  207.7556   56.7674 16.0
  3.757 1270 Alaska-slab2-v3                                                                  207.6333   56.8270 16.9
  2.517 1271 Alaska-slab2-v3                                                                  207.5107   56.8865 17.9
  1.252 1272 Alaska-slab2-v3                                                                  207.3876   56.9458 18.9
 12.369 1286 Alaska-slab2-v3                                                                  208.4356   56.1865  7.2
 12.369 1287 Alaska-slab2-v3                                                                  208.3171   56.2446  9.4
 10.834 1288 Alaska-slab2-v3                                                                  208.2000   56.3048 11.1
  9.261 1289 Alaska-slab2-v3                                                                  208.0836   56.3666 12.4
  8.150 1290 Alaska-slab2-v3                                                                  207.9663   56.4286 13.3
  7.339 1291 Alaska-slab2-v3                                                                  207.8484   56.4905 13.9
  6.640 1292 Alaska-slab2-v3                                                                  207.7301   56.5524 14.5
  5.891 1293 Alaska-slab2-v3                                                                  207.6114   56.6141 15.1
  4.955 1294 Alaska-slab2-v3                                                                  207.4923   56.6756 15.9
  3.844 1295 Alaska-slab2-v3                                                                  207.3729   56.7369 16.7
  2.621 1296 Alaska-slab2-v3                                                                  207.2532   56.7980 17.7
  1.311 1297 Alaska-slab2-v3                                                                  207.1331   56.8590 18.8
 12.369 1311 Alaska-slab2-v3                                                                  208.1595   56.0867  7.3
 12.369 1312 Alaska-slab2-v3                                                                  208.0398   56.1434  9.6
 10.404 1313 Alaska-slab2-v3                                                                  207.9244   56.2042 11.4
  8.817 1314 Alaska-slab2-v3                                                                  207.8116   56.2679 12.6
  7.784 1315 Alaska-slab2-v3                                                                  207.6980   56.3317 13.5
  7.079 1316 Alaska-slab2-v3                                                                  207.5837   56.3957 14.0
  6.525 1317 Alaska-slab2-v3                                                                  207.4690   56.4595 14.5
  5.908 1318 Alaska-slab2-v3                                                                  207.3537   56.5231 14.9
  5.089 1319 Alaska-slab2-v3                                                                  207.2369   56.5859 15.6
  4.018 1320 Alaska-slab2-v3                                                                  207.1192   56.6480 16.5
  2.771 1321 Alaska-slab2-v3                                                                  207.0012   56.7100 17.4
  1.411 1322 Alaska-slab2-v3                                                                  206.8829   56.7717 18.5
 12.369 1335 Alaska-slab2-v3                                                                  207.8868   55.9865  7.2
 12.369 1336 Alaska-slab2-v3                                                                  207.7667   56.0430  9.5
 10.508 1337 Alaska-slab2-v3                                                                  207.6526   56.1043 11.3
  8.932 1338 Alaska-slab2-v3                                                                  207.5425   56.1693 12.5
  7.885 1339 Alaska-slab2-v3                                                                  207.4315   56.2344 13.4
  7.178 1340 Alaska-slab2-v3                                                                  207.3199   56.2996 13.9
  6.636 1341 Alaska-slab2-v3                                                                  207.2079   56.3648 14.4
  6.030 1342 Alaska-slab2-v3                                                                  207.0952   56.4297 14.8
  5.235 1343 Alaska-slab2-v3                                                                  206.9806   56.4935 15.5
  4.176 1344 Alaska-slab2-v3                                                                  206.8642   56.5562 16.3
  2.914 1345 Alaska-slab2-v3                                                                  206.7475   56.6188 17.3
  1.501 1346 Alaska-slab2-v3                                                                  206.6307   56.6812 18.4
 12.369 1359 Alaska-slab2-v3                                                                  207.6171   55.8859  7.2
 12.369 1360 Alaska-slab2-v3                                                                  207.4972   55.9427  9.3
 10.988 1361 Alaska-slab2-v3                                                                  207.3835   56.0042 11.0
  9.438 1362 Alaska-slab2-v3                                                                  207.2747   56.0698 12.2
  8.350 1363 Alaska-slab2-v3                                                                  207.1652   56.1355 13.1
  7.588 1364 Alaska-slab2-v3                                                                  207.0551   56.2013 13.7
  6.950 1365 Alaska-slab2-v3                                                                  206.9445   56.2670 14.2
  6.263 1366 Alaska-slab2-v3                                                                  206.8334   56.3326 14.8
  5.400 1367 Alaska-slab2-v3                                                                  206.7205   56.3971 15.5
  4.288 1368 Alaska-slab2-v3                                                                  206.6060   56.4607 16.4
  2.988 1369 Alaska-slab2-v3                                                                  206.4913   56.5241 17.4
  1.538 1370 Alaska-slab2-v3                                                                  206.3763   56.5873 18.6
 12.369 1383 Alaska-slab2-v3                                                                  207.3500   55.7844  7.0
 12.369 1384 Alaska-slab2-v3                                                                  207.2316   55.8425  9.0
 11.602 1385 Alaska-slab2-v3                                                                  207.1181   55.9043 10.6
 10.081 1386 Alaska-slab2-v3                                                                  207.0097   55.9699 11.9
  8.955 1387 Alaska-slab2-v3                                                                  206.9012   56.0360 12.8
  8.089 1388 Alaska-slab2-v3                                                                  206.7921   56.1021 13.5
  7.323 1389 Alaska-slab2-v3                                                                  206.6826   56.1682 14.1
  6.531 1390 Alaska-slab2-v3                                                                  206.5727   56.2341 14.7
  5.554 1391 Alaska-slab2-v3                                                                  206.4615   56.2993 15.5
  4.379 1392 Alaska-slab2-v3                                                                  206.3492   56.3639 16.5
  3.030 1393 Alaska-slab2-v3                                                                  206.2367   56.4282 17.5
  1.559 1394 Alaska-slab2-v3                                                                  206.1239   56.4924 18.7
 12.369 1406 Alaska-slab2-v3                                                                  207.0854   55.6821  6.9
 12.369 1407 Alaska-slab2-v3                                                                  206.9698   55.7423  8.7
 12.134 1408 Alaska-slab2-v3                                                                  206.8571   55.8047 10.2
 10.648 1409 Alaska-slab2-v3                                                                  206.7489   55.8703 11.4
  9.472 1410 Alaska-slab2-v3                                                                  206.6420   55.9370 12.3
  8.519 1411 Alaska-slab2-v3                                                                  206.5345   56.0037 13.1
  7.652 1412 Alaska-slab2-v3                                                                  206.4266   56.0704 13.8
  6.760 1413 Alaska-slab2-v3                                                                  206.3183   56.1369 14.5
  5.720 1414 Alaska-slab2-v3                                                                  206.2091   56.2030 15.4
  4.495 1415 Alaska-slab2-v3                                                                  206.0989   56.2685 16.4
  3.108 1416 Alaska-slab2-v3                                                                  205.9883   56.3337 17.5
  1.597 1417 Alaska-slab2-v3                                                                  205.8775   56.3987 18.7
 12.369 1429 Alaska-slab2-v3                                                                  206.8228   55.5788  6.8
 12.369 1430 Alaska-slab2-v3                                                                  206.7109   55.6415  8.3
 12.369 1431 Alaska-slab2-v3                                                                  206.5997   55.7049  9.7
 11.045 1432 Alaska-slab2-v3                                                                  206.4925   55.7709 10.9
  9.847 1433 Alaska-slab2-v3                                                                  206.3880   55.8387 11.8
  8.826 1434 Alaska-slab2-v3                                                                  206.2831   55.9065 12.6
  7.893 1435 Alaska-slab2-v3                                                                  206.1777   55.9743 13.4
  6.935 1436 Alaska-slab2-v3                                                                  206.0720   56.0420 14.1
  5.876 1437 Alaska-slab2-v3                                                                  205.9655   56.1092 15.0
  4.640 1438 Alaska-slab2-v3                                                                  205.8575   56.1757 15.9
  3.228 1439 Alaska-slab2-v3                                                                  205.7485   56.2416 17.1
  1.677 1440 Alaska-slab2-v3                                                                  205.6392   56.3072 18.3
