205.789 2929 Alaska-slab2-v3                                                                  180.4242   50.4111  7.1
205.789 2930 Alaska-slab2-v3                                                                  180.4238   50.4994  9.1
205.789 2931 Alaska-slab2-v3                                                                  180.4228   50.5882 10.8
205.789 2932 Alaska-slab2-v3                                                                  180.4212   50.6773 12.2
205.789 2933 Alaska-slab2-v3                                                                  180.4195   50.7664 13.7
180.496 2934 Alaska-slab2-v3                                                                  180.4175   50.8551 15.4
147.121 2935 Alaska-slab2-v3                                                                  180.4150   50.9429 17.7
106.561 2936 Alaska-slab2-v3                                                                  180.4124   51.0295 20.4
 58.070 2937 Alaska-slab2-v3                                                                  180.4099   51.1147 23.6
205.789 2941 Alaska-slab2-v3                                                                  180.1415   50.4289  7.2
205.789 2942 Alaska-slab2-v3                                                                  180.1413   50.5169  9.3
205.789 2943 Alaska-slab2-v3                                                                  180.1410   50.6056 11.0
205.789 2944 Alaska-slab2-v3                                                                  180.1405   50.6948 12.4
205.789 2945 Alaska-slab2-v3                                                                  180.1401   50.7839 13.9
182.326 2946 Alaska-slab2-v3                                                                  180.1393   50.8723 15.8
146.588 2947 Alaska-slab2-v3                                                                  180.1382   50.9596 18.2
105.183 2948 Alaska-slab2-v3                                                                  180.1372   51.0460 21.1
 57.095 2949 Alaska-slab2-v3                                                                  180.1364   51.1309 24.4
205.789 2953 Alaska-slab2-v3                                                                  179.8580   50.4435  7.2
205.789 2954 Alaska-slab2-v3                                                                  179.8595   50.5313  9.4
205.789 2955 Alaska-slab2-v3                                                                  179.8612   50.6200 11.2
205.789 2956 Alaska-slab2-v3                                                                  179.8629   50.7092 12.6
205.789 2957 Alaska-slab2-v3                                                                  179.8646   50.7983 14.0
184.471 2958 Alaska-slab2-v3                                                                  179.8659   50.8866 16.0
148.231 2959 Alaska-slab2-v3                                                                  179.8669   50.9737 18.5
105.168 2960 Alaska-slab2-v3                                                                  179.8678   51.0595 21.6
205.789 2965 Alaska-slab2-v3                                                                  179.5742   50.4554  7.3
205.789 2966 Alaska-slab2-v3                                                                  179.5790   50.5430  9.6
205.789 2967 Alaska-slab2-v3                                                                  179.5835   50.6316 11.4
205.789 2968 Alaska-slab2-v3                                                                  179.5878   50.7207 12.8
205.789 2969 Alaska-slab2-v3                                                                  179.5922   50.8098 14.2
187.360 2970 Alaska-slab2-v3                                                                  179.5964   50.8983 16.1
152.038 2971 Alaska-slab2-v3                                                                  179.6002   50.9854 18.6
107.223 2972 Alaska-slab2-v3                                                                  179.6037   51.0706 21.8
205.789 2977 Alaska-slab2-v3                                                                  179.2909   50.4705  7.3
205.789 2978 Alaska-slab2-v3                                                                  179.2990   50.5579  9.7
205.789 2979 Alaska-slab2-v3                                                                  179.3064   50.6463 11.5
205.789 2980 Alaska-slab2-v3                                                                  179.3134   50.7354 12.9
205.789 2981 Alaska-slab2-v3                                                                  179.3204   50.8244 14.3
189.452 2982 Alaska-slab2-v3                                                                  179.3273   50.9128 16.2
154.308 2983 Alaska-slab2-v3                                                                  179.3340   50.9997 18.7
109.141 2984 Alaska-slab2-v3                                                                  179.3400   51.0846 22.0
205.789 2989 Alaska-slab2-v3                                                                  179.0086   50.4908  7.3
205.789 2990 Alaska-slab2-v3                                                                  179.0199   50.5780  9.7
205.789 2991 Alaska-slab2-v3                                                                  179.0302   50.6663 11.6
205.789 2992 Alaska-slab2-v3                                                                  179.0398   50.7553 13.0
184.446 2993 Alaska-slab2-v3                                                                  179.0494   50.8442 14.4
154.047 2994 Alaska-slab2-v3                                                                  179.0591   50.9323 16.4
112.621 2995 Alaska-slab2-v3                                                                  179.0686   51.0190 19.0
 60.484 2996 Alaska-slab2-v3                                                                  179.0772   51.1038 22.3
167.204 3001 Alaska-slab2-v3                                                                  178.7273   50.5171  7.4
167.204 3002 Alaska-slab2-v3                                                                  178.7420   50.6040  9.8
167.204 3003 Alaska-slab2-v3                                                                  178.7552   50.6922 11.6
167.204 3004 Alaska-slab2-v3                                                                  178.7674   50.7810 13.0
151.361 3005 Alaska-slab2-v3                                                                  178.7798   50.8697 14.5
125.482 3006 Alaska-slab2-v3                                                                  178.7922   50.9575 16.5
 91.271 3007 Alaska-slab2-v3                                                                  178.8044   51.0439 19.3
 49.486 3008 Alaska-slab2-v3                                                                  178.8155   51.1285 22.6
128.618 3013 Alaska-slab2-v3                                                                  178.4471   50.5488  7.4
128.618 3014 Alaska-slab2-v3                                                                  178.4654   50.6353  9.8
128.618 3015 Alaska-slab2-v3                                                                  178.4815   50.7233 11.6
128.618 3016 Alaska-slab2-v3                                                                  178.4964   50.8120 13.0
117.605 3017 Alaska-slab2-v3                                                                  178.5114   50.9004 14.6
 97.014 3018 Alaska-slab2-v3                                                                  178.5266   50.9878 16.7
 70.295 3019 Alaska-slab2-v3                                                                  178.5414   51.0738 19.5
 38.404 3020 Alaska-slab2-v3                                                                  178.5549   51.1583 22.9
 90.033 3024 Alaska-slab2-v3                                                                  178.1681   50.5848  7.4
 90.033 3025 Alaska-slab2-v3                                                                  178.1902   50.6710  9.8
 90.033 3026 Alaska-slab2-v3                                                                  178.2094   50.7588 11.6
 90.033 3027 Alaska-slab2-v3                                                                  178.2269   50.8472 13.0
 83.173 3028 Alaska-slab2-v3                                                                  178.2445   50.9354 14.6
 68.328 3029 Alaska-slab2-v3                                                                  178.2624   51.0224 16.9
 49.374 3030 Alaska-slab2-v3                                                                  178.2798   51.1081 19.7
 27.040 3031 Alaska-slab2-v3                                                                  178.2957   51.1922 23.1
 51.447 3035 Alaska-slab2-v3                                                                  177.8902   50.6244  7.3
 51.447 3036 Alaska-slab2-v3                                                                  177.9160   50.7103  9.7
 51.447 3037 Alaska-slab2-v3                                                                  177.9384   50.7977 11.5
 51.447 3038 Alaska-slab2-v3                                                                  177.9585   50.8859 12.9
 47.910 3039 Alaska-slab2-v3                                                                  177.9788   50.9738 14.6
 39.291 3040 Alaska-slab2-v3                                                                  177.9995   51.0605 16.9
 28.339 3041 Alaska-slab2-v3                                                                  178.0197   51.1457 19.8
 15.430 3042 Alaska-slab2-v3                                                                  178.0379   51.2295 23.2
 51.447 3046 Alaska-slab2-v3                                                                  177.6130   50.6669  7.3
 51.447 3047 Alaska-slab2-v3                                                                  177.6429   50.7524  9.6
 51.447 3048 Alaska-slab2-v3                                                                  177.6686   50.8395 11.3
 51.447 3049 Alaska-slab2-v3                                                                  177.6915   50.9274 12.8
 48.171 3050 Alaska-slab2-v3                                                                  177.7145   51.0150 14.5
 39.471 3051 Alaska-slab2-v3                                                                  177.7381   51.1013 16.8
 28.398 3052 Alaska-slab2-v3                                                                  177.7610   51.1862 19.8
 15.366 3053 Alaska-slab2-v3                                                                  177.7817   51.2696 23.2
 51.447 3057 Alaska-slab2-v3                                                                  177.3364   50.7120  7.2
 51.447 3058 Alaska-slab2-v3                                                                  177.3704   50.7972  9.4
 51.447 3059 Alaska-slab2-v3                                                                  177.3997   50.8839 11.2
 51.447 3060 Alaska-slab2-v3                                                                  177.4254   50.9714 12.7
 48.376 3061 Alaska-slab2-v3                                                                  177.4512   51.0587 14.4
 39.619 3062 Alaska-slab2-v3                                                                  177.4776   51.1447 16.7
 28.472 3063 Alaska-slab2-v3                                                                  177.5036   51.2292 19.6
 15.317 3064 Alaska-slab2-v3                                                                  177.5268   51.3124 23.1
 51.447 3068 Alaska-slab2-v3                                                                  177.0605   50.7598  7.1
 51.447 3069 Alaska-slab2-v3                                                                  177.0983   50.8445  9.2
 51.447 3070 Alaska-slab2-v3                                                                  177.1313   50.9307 11.0
 51.447 3071 Alaska-slab2-v3                                                                  177.1599   51.0179 12.5
 48.576 3072 Alaska-slab2-v3                                                                  177.1886   51.1048 14.2
 39.810 3073 Alaska-slab2-v3                                                                  177.2180   51.1905 16.5
 28.556 3074 Alaska-slab2-v3                                                                  177.2470   51.2746 19.4
 15.312 3075 Alaska-slab2-v3                                                                  177.2728   51.3575 22.9
 51.447 3079 Alaska-slab2-v3                                                                  176.7853   50.8099  7.1
 51.447 3080 Alaska-slab2-v3                                                                  176.8266   50.8941  9.1
 51.447 3081 Alaska-slab2-v3                                                                  176.8631   50.9798 10.8
 51.447 3082 Alaska-slab2-v3                                                                  176.8947   51.0666 12.3
 48.762 3083 Alaska-slab2-v3                                                                  176.9263   51.1531 14.0
 40.030 3084 Alaska-slab2-v3                                                                  176.9587   51.2385 16.3
 28.747 3085 Alaska-slab2-v3                                                                  176.9909   51.3222 19.2
 15.301 3086 Alaska-slab2-v3                                                                  177.0194   51.4047 22.7
 51.447 3090 Alaska-slab2-v3                                                                  176.5107   50.8622  7.1
 51.447 3091 Alaska-slab2-v3                                                                  176.5551   50.9460  9.0
 51.447 3092 Alaska-slab2-v3                                                                  176.5947   51.0311 10.8
 51.447 3093 Alaska-slab2-v3                                                                  176.6293   51.1174 12.3
 48.827 3094 Alaska-slab2-v3                                                                  176.6639   51.2036 13.9
 40.327 3095 Alaska-slab2-v3                                                                  176.6995   51.2885 16.1
 29.110 3096 Alaska-slab2-v3                                                                  176.7350   51.3718 19.0
 15.409 3097 Alaska-slab2-v3                                                                  176.7662   51.4537 22.5
 51.447 3102 Alaska-slab2-v3                                                                  176.2368   50.9166  7.0
 51.447 3103 Alaska-slab2-v3                                                                  176.2839   50.9998  9.0
 51.447 3104 Alaska-slab2-v3                                                                  176.3264   51.0844 10.7
 51.447 3105 Alaska-slab2-v3                                                                  176.3640   51.1702 12.3
 48.795 3106 Alaska-slab2-v3                                                                  176.4015   51.2558 14.0
 40.585 3107 Alaska-slab2-v3                                                                  176.4402   51.3404 16.1
 29.548 3108 Alaska-slab2-v3                                                                  176.4791   51.4232 18.9
 15.645 3109 Alaska-slab2-v3                                                                  176.5128   51.5045 22.5
