  7.887 0770 Alaska-slab2-v3                                                                  212.7037   58.1232  9.6
  7.887 0771 Alaska-slab2-v3                                                                  212.5640   58.1721 11.5
  7.402 0772 Alaska-slab2-v3                                                                  212.4241   58.2223 12.9
  6.789 0773 Alaska-slab2-v3                                                                  212.2830   58.2726 13.8
  6.405 0774 Alaska-slab2-v3                                                                  212.1411   58.3229 14.4
  6.190 0775 Alaska-slab2-v3                                                                  211.9987   58.3731 14.7
  6.079 0776 Alaska-slab2-v3                                                                  211.8558   58.4231 14.9
  6.014 0777 Alaska-slab2-v3                                                                  211.7126   58.4732 15.0
  7.887 0804 Alaska-slab2-v3                                                                  212.5018   57.9757  9.3
  7.887 0805 Alaska-slab2-v3                                                                  212.3630   58.0250 11.1
  7.865 0806 Alaska-slab2-v3                                                                  212.2250   58.0764 12.5
  7.256 0807 Alaska-slab2-v3                                                                  212.0860   58.1278 13.4
  6.856 0808 Alaska-slab2-v3                                                                  211.9461   58.1791 14.1
  6.596 0809 Alaska-slab2-v3                                                                  211.8057   58.2304 14.5
  6.443 0810 Alaska-slab2-v3                                                                  211.6649   58.2816 14.7
  6.323 0811 Alaska-slab2-v3                                                                  211.5236   58.3327 14.9
  6.408 0838 Alaska-slab2-v3                                                                  212.2938   57.8339  8.9
  6.408 0839 Alaska-slab2-v3                                                                  212.1557   57.8839 10.5
  6.408 0840 Alaska-slab2-v3                                                                  212.0188   57.9358 11.8
  6.174 0841 Alaska-slab2-v3                                                                  211.8814   57.9880 12.8
  5.804 0842 Alaska-slab2-v3                                                                  211.7432   58.0402 13.5
  5.533 0843 Alaska-slab2-v3                                                                  211.6045   58.0922 14.0
  5.335 0844 Alaska-slab2-v3                                                                  211.4652   58.1442 14.4
  5.163 0845 Alaska-slab2-v3                                                                  211.3256   58.1960 14.7
  4.930 0872 Alaska-slab2-v3                                                                  212.0783   57.6978  8.4
  4.930 0873 Alaska-slab2-v3                                                                  211.9416   57.7490  9.9
  4.930 0874 Alaska-slab2-v3                                                                  211.8053   57.8010 11.1
  4.930 0875 Alaska-slab2-v3                                                                  211.6687   57.8535 12.1
  4.658 0876 Alaska-slab2-v3                                                                  211.5314   57.9059 12.8
  4.407 0877 Alaska-slab2-v3                                                                  211.3937   57.9582 13.5
  4.192 0878 Alaska-slab2-v3                                                                  211.2554   58.0104 14.0
  4.006 0879 Alaska-slab2-v3                                                                  211.1167   58.0625 14.4
  3.816 0880 Alaska-slab2-v3                                                                  210.9789   58.1152 14.9
