  2.171 2701 Alaska-slab2-v3                                                                  184.9321   50.6085  9.4
  2.171 2702 Alaska-slab2-v3                                                                  184.9167   50.6967 11.2
  2.171 2703 Alaska-slab2-v3                                                                  184.9002   50.7854 12.4
  2.171 2704 Alaska-slab2-v3                                                                  184.8836   50.8745 13.4
  2.171 2705 Alaska-slab2-v3                                                                  184.8668   50.9635 14.4
  2.138 2706 Alaska-slab2-v3                                                                  184.8487   51.0521 15.7
  1.907 2707 Alaska-slab2-v3                                                                  184.8291   51.1401 17.3
  1.622 2708 Alaska-slab2-v3                                                                  184.8091   51.2274 19.3
  1.291 2709 Alaska-slab2-v3                                                                  184.7869   51.3139 21.7
  0.921 2710 Alaska-slab2-v3                                                                  184.7628   51.3995 24.3
  2.171 2716 Alaska-slab2-v3                                                                  184.6522   50.5808  9.4
  2.171 2717 Alaska-slab2-v3                                                                  184.6381   50.6690 11.2
  2.171 2718 Alaska-slab2-v3                                                                  184.6230   50.7578 12.5
  2.171 2719 Alaska-slab2-v3                                                                  184.6078   50.8468 13.6
  2.171 2720 Alaska-slab2-v3                                                                  184.5923   50.9359 14.6
  2.171 2721 Alaska-slab2-v3                                                                  184.5748   51.0247 15.8
  2.171 2722 Alaska-slab2-v3                                                                  184.5556   51.1130 17.3
  1.962 2723 Alaska-slab2-v3                                                                  184.5363   51.2007 19.1
  1.682 2724 Alaska-slab2-v3                                                                  184.5152   51.2874 21.4
  1.356 2725 Alaska-slab2-v3                                                                  184.4923   51.3732 24.0
  2.171 2731 Alaska-slab2-v3                                                                  184.3720   50.5546  9.4
  2.171 2732 Alaska-slab2-v3                                                                  184.3591   50.6428 11.2
  2.171 2733 Alaska-slab2-v3                                                                  184.3452   50.7316 12.6
  2.171 2734 Alaska-slab2-v3                                                                  184.3312   50.8207 13.7
  2.171 2735 Alaska-slab2-v3                                                                  184.3167   50.9099 14.7
  2.171 2736 Alaska-slab2-v3                                                                  184.2999   50.9987 15.9
  2.171 2737 Alaska-slab2-v3                                                                  184.2813   51.0871 17.3
  1.962 2738 Alaska-slab2-v3                                                                  184.2627   51.1751 19.0
  1.695 2739 Alaska-slab2-v3                                                                  184.2425   51.2621 21.2
  1.374 2740 Alaska-slab2-v3                                                                  184.2209   51.3481 23.8
  2.171 2746 Alaska-slab2-v3                                                                  184.0914   50.5302  9.3
  2.171 2747 Alaska-slab2-v3                                                                  184.0794   50.6186 11.1
  2.171 2748 Alaska-slab2-v3                                                                  184.0666   50.7074 12.5
  2.171 2749 Alaska-slab2-v3                                                                  184.0536   50.7966 13.6
  2.171 2750 Alaska-slab2-v3                                                                  184.0402   50.8858 14.6
  2.171 2751 Alaska-slab2-v3                                                                  184.0244   50.9747 15.9
  2.171 2752 Alaska-slab2-v3                                                                  184.0065   51.0631 17.3
  1.967 2753 Alaska-slab2-v3                                                                  183.9887   51.1511 19.1
  1.708 2754 Alaska-slab2-v3                                                                  183.9695   51.2384 21.1
  1.395 2755 Alaska-slab2-v3                                                                  183.9490   51.3246 23.7
  2.171 2761 Alaska-slab2-v3                                                                  183.8105   50.5081  9.3
  2.171 2762 Alaska-slab2-v3                                                                  183.7994   50.5965 11.0
  2.171 2763 Alaska-slab2-v3                                                                  183.7875   50.6855 12.3
  2.171 2764 Alaska-slab2-v3                                                                  183.7755   50.7748 13.4
  2.171 2765 Alaska-slab2-v3                                                                  183.7633   50.8640 14.5
  2.118 2766 Alaska-slab2-v3                                                                  183.7487   50.9529 15.8
  1.895 2767 Alaska-slab2-v3                                                                  183.7317   51.0412 17.4
  1.633 2768 Alaska-slab2-v3                                                                  183.7146   51.1291 19.2
  1.337 2769 Alaska-slab2-v3                                                                  183.6962   51.2164 21.3
  0.982 2770 Alaska-slab2-v3                                                                  183.6768   51.3027 23.8
  2.171 2776 Alaska-slab2-v3                                                                  183.5292   50.4885  9.2
  2.171 2777 Alaska-slab2-v3                                                                  183.5191   50.5771 10.9
  2.171 2778 Alaska-slab2-v3                                                                  183.5081   50.6662 12.2
  2.171 2779 Alaska-slab2-v3                                                                  183.4970   50.7555 13.2
  2.171 2780 Alaska-slab2-v3                                                                  183.4859   50.8448 14.3
  2.163 2781 Alaska-slab2-v3                                                                  183.4725   50.9336 15.6
  1.923 2782 Alaska-slab2-v3                                                                  183.4566   51.0218 17.4
  1.643 2783 Alaska-slab2-v3                                                                  183.4403   51.1095 19.4
  1.331 2784 Alaska-slab2-v3                                                                  183.4229   51.1966 21.6
  0.970 2785 Alaska-slab2-v3                                                                  183.4046   51.2828 24.2
  1.764 2791 Alaska-slab2-v3                                                                  183.2476   50.4719  9.2
  1.764 2792 Alaska-slab2-v3                                                                  183.2383   50.5605 10.8
  1.764 2793 Alaska-slab2-v3                                                                  183.2282   50.6497 12.1
  1.764 2794 Alaska-slab2-v3                                                                  183.2180   50.7391 13.1
  1.764 2795 Alaska-slab2-v3                                                                  183.2078   50.8284 14.2
  1.764 2796 Alaska-slab2-v3                                                                  183.1956   50.9172 15.6
  1.585 2797 Alaska-slab2-v3                                                                  183.1809   51.0053 17.4
  1.344 2798 Alaska-slab2-v3                                                                  183.1656   51.0928 19.6
  1.076 2799 Alaska-slab2-v3                                                                  183.1494   51.1796 22.0
  0.775 2800 Alaska-slab2-v3                                                                  183.1322   51.2657 24.7
  1.357 2806 Alaska-slab2-v3                                                                  182.9656   50.4585  9.1
  1.357 2807 Alaska-slab2-v3                                                                  182.9573   50.5472 10.7
  1.357 2808 Alaska-slab2-v3                                                                  182.9481   50.6364 12.0
  1.357 2809 Alaska-slab2-v3                                                                  182.9388   50.7258 13.0
  1.357 2810 Alaska-slab2-v3                                                                  182.9294   50.8151 14.2
  1.357 2811 Alaska-slab2-v3                                                                  182.9181   50.9039 15.6
  1.238 2812 Alaska-slab2-v3                                                                  182.9046   50.9921 17.5
  1.050 2813 Alaska-slab2-v3                                                                  182.8905   51.0794 19.7
  0.833 2814 Alaska-slab2-v3                                                                  182.8754   51.1660 22.2
  0.950 2821 Alaska-slab2-v3                                                                  182.6836   50.4486  8.9
  0.950 2822 Alaska-slab2-v3                                                                  182.6763   50.5374 10.5
  0.950 2823 Alaska-slab2-v3                                                                  182.6679   50.6266 11.8
  0.950 2824 Alaska-slab2-v3                                                                  182.6593   50.7159 13.0
  0.950 2825 Alaska-slab2-v3                                                                  182.6507   50.8052 14.2
  0.950 2826 Alaska-slab2-v3                                                                  182.6403   50.8941 15.6
  0.882 2827 Alaska-slab2-v3                                                                  182.6279   50.9823 17.4
  0.751 2828 Alaska-slab2-v3                                                                  182.6151   51.0698 19.7
  0.596 2829 Alaska-slab2-v3                                                                  182.6012   51.1562 22.3
  0.543 2835 Alaska-slab2-v3                                                                  182.4019   50.4425  8.7
  0.543 2836 Alaska-slab2-v3                                                                  182.3958   50.5313 10.3
  0.543 2837 Alaska-slab2-v3                                                                  182.3882   50.6205 11.6
  0.543 2838 Alaska-slab2-v3                                                                  182.3801   50.7097 12.9
  0.543 2839 Alaska-slab2-v3                                                                  182.3720   50.7989 14.1
  0.543 2840 Alaska-slab2-v3                                                                  182.3624   50.8878 15.6
  0.512 2841 Alaska-slab2-v3                                                                  182.3512   50.9762 17.4
  0.438 2842 Alaska-slab2-v3                                                                  182.3395   51.0636 19.7
  0.350 2843 Alaska-slab2-v3                                                                  182.3269   51.1500 22.4
  0.543 2849 Alaska-slab2-v3                                                                  182.1201   50.4400  8.5
  0.543 2850 Alaska-slab2-v3                                                                  182.1156   50.5291 10.0
  0.543 2851 Alaska-slab2-v3                                                                  182.1090   50.6182 11.3
  0.543 2852 Alaska-slab2-v3                                                                  182.1013   50.7074 12.6
  0.543 2853 Alaska-slab2-v3                                                                  182.0936   50.7965 14.0
  0.543 2854 Alaska-slab2-v3                                                                  182.0847   50.8853 15.6
  0.519 2855 Alaska-slab2-v3                                                                  182.0745   50.9736 17.5
  0.446 2856 Alaska-slab2-v3                                                                  182.0637   51.0610 19.7
  0.358 2857 Alaska-slab2-v3                                                                  182.0522   51.1474 22.5
  0.543 2863 Alaska-slab2-v3                                                                  181.8380   50.4414  8.3
  0.543 2864 Alaska-slab2-v3                                                                  181.8349   50.5305  9.7
  0.543 2865 Alaska-slab2-v3                                                                  181.8294   50.6197 11.1
  0.543 2866 Alaska-slab2-v3                                                                  181.8222   50.7089 12.4
  0.543 2867 Alaska-slab2-v3                                                                  181.8150   50.7979 13.9
  0.543 2868 Alaska-slab2-v3                                                                  181.8068   50.8865 15.6
  0.527 2869 Alaska-slab2-v3                                                                  181.7974   50.9745 17.6
  0.452 2870 Alaska-slab2-v3                                                                  181.7875   51.0618 20.0
  0.364 2871 Alaska-slab2-v3                                                                  181.7772   51.1481 22.8
  0.543 2877 Alaska-slab2-v3                                                                  181.5553   50.4465  8.2
  0.543 2878 Alaska-slab2-v3                                                                  181.5532   50.5356  9.6
  0.543 2879 Alaska-slab2-v3                                                                  181.5486   50.6249 11.0
  0.543 2880 Alaska-slab2-v3                                                                  181.5422   50.7140 12.3
  0.543 2881 Alaska-slab2-v3                                                                  181.5358   50.8030 13.9
  0.532 2882 Alaska-slab2-v3                                                                  181.5284   50.8914 15.7
  0.454 2883 Alaska-slab2-v3                                                                  181.5199   50.9791 17.9
  0.364 2884 Alaska-slab2-v3                                                                  181.5111   51.0661 20.4
  0.261 2885 Alaska-slab2-v3                                                                  181.5020   51.1520 23.4
  0.543 2891 Alaska-slab2-v3                                                                  181.2723   50.4553  8.3
  0.543 2892 Alaska-slab2-v3                                                                  181.2705   50.5445  9.7
  0.543 2893 Alaska-slab2-v3                                                                  181.2666   50.6337 11.1
  0.543 2894 Alaska-slab2-v3                                                                  181.2612   50.7229 12.5
  0.543 2895 Alaska-slab2-v3                                                                  181.2558   50.8118 14.1
  0.543 2896 Alaska-slab2-v3                                                                  181.2495   50.9001 16.0
  0.464 2897 Alaska-slab2-v3                                                                  181.2423   50.9875 18.4
  0.371 2898 Alaska-slab2-v3                                                                  181.2349   51.0739 21.1
  0.265 2899 Alaska-slab2-v3                                                                  181.2272   51.1593 24.2
  0.543 2904 Alaska-slab2-v3                                                                  180.9893   50.4677  8.5
  0.543 2905 Alaska-slab2-v3                                                                  180.9876   50.5567 10.0
  0.543 2906 Alaska-slab2-v3                                                                  180.9842   50.6459 11.4
  0.543 2907 Alaska-slab2-v3                                                                  180.9801   50.7350 12.9
  0.543 2908 Alaska-slab2-v3                                                                  180.9758   50.8239 14.5
  0.543 2909 Alaska-slab2-v3                                                                  180.9708   50.9120 16.5
  0.474 2910 Alaska-slab2-v3                                                                  180.9650   50.9992 19.0
  0.378 2911 Alaska-slab2-v3                                                                  180.9593   51.0852 21.9
  0.543 2917 Alaska-slab2-v3                                                                  180.7065   50.4827  8.8
  0.543 2918 Alaska-slab2-v3                                                                  180.7050   50.5716 10.4
  0.543 2919 Alaska-slab2-v3                                                                  180.7024   50.6607 11.9
  0.543 2920 Alaska-slab2-v3                                                                  180.6995   50.7498 13.3
  0.543 2921 Alaska-slab2-v3                                                                  180.6963   50.8386 15.0
  0.480 2922 Alaska-slab2-v3                                                                  180.6925   50.9266 17.1
  0.389 2923 Alaska-slab2-v3                                                                  180.6884   51.0136 19.7
  0.279 2924 Alaska-slab2-v3                                                                  180.6843   51.0991 22.8
