 13.198 0231 Alaska-slab2-v3                                                                  216.3398   60.3457  8.9
  8.881 0232 Alaska-slab2-v3                                                                  216.2532   60.4228 10.7
  5.773 0233 Alaska-slab2-v3                                                                  216.1527   60.4968 11.9
  3.577 0234 Alaska-slab2-v3                                                                  216.0465   60.5698 12.8
  1.826 0235 Alaska-slab2-v3                                                                  215.9396   60.6428 13.6
 10.000 0255 Alaska-slab2-v3                                                                  216.0024   60.2336 10.4
  5.642 0256 Alaska-slab2-v3                                                                  215.9029   60.3067 12.2
  2.881 0257 Alaska-slab2-v3                                                                  215.7964   60.3790 13.4
  1.186 0258 Alaska-slab2-v3                                                                  215.6890   60.4516 14.1
 15.159 0281 Alaska-slab2-v3                                                                  215.7667   60.0238  8.5
  9.371 0282 Alaska-slab2-v3                                                                  215.6685   60.0957 10.9
  5.338 0283 Alaska-slab2-v3                                                                  215.5633   60.1673 12.6
  2.752 0284 Alaska-slab2-v3                                                                  215.4567   60.2395 13.7
  1.139 0285 Alaska-slab2-v3                                                                  215.3492   60.3119 14.4
 15.450 0311 Alaska-slab2-v3                                                                  215.4642   59.8739  8.3
 10.500 0312 Alaska-slab2-v3                                                                  215.3509   59.9410 10.4
  6.816 0313 Alaska-slab2-v3                                                                  215.2419   60.0111 11.9
  3.994 0314 Alaska-slab2-v3                                                                  215.1347   60.0828 13.1
  1.794 0315 Alaska-slab2-v3                                                                  215.0267   60.1546 14.0
 13.173 0344 Alaska-slab2-v3                                                                  215.1063   59.7707  9.3
  8.908 0345 Alaska-slab2-v3                                                                  214.9901   59.8370 11.1
  5.615 0346 Alaska-slab2-v3                                                                  214.8804   59.9071 12.5
  3.198 0347 Alaska-slab2-v3                                                                  214.7697   59.9775 13.5
  1.398 0348 Alaska-slab2-v3                                                                  214.6583   60.0480 14.3
 12.792 0386 Alaska-slab2-v3                                                                  214.8431   59.6356  9.5
  8.394 0387 Alaska-slab2-v3                                                                  214.7243   59.7004 11.4
  5.202 0388 Alaska-slab2-v3                                                                  214.6103   59.7687 12.7
  3.003 0389 Alaska-slab2-v3                                                                  214.4953   59.8373 13.6
  1.561 0390 Alaska-slab2-v3                                                                  214.3795   59.9059 14.2
  0.638 0391 Alaska-slab2-v3                                                                  214.2631   59.9745 14.6
 12.616 0428 Alaska-slab2-v3                                                                  214.5858   59.4974  9.6
  8.135 0429 Alaska-slab2-v3                                                                  214.4641   59.5605 11.5
  4.905 0430 Alaska-slab2-v3                                                                  214.3463   59.6269 12.9
  2.712 0431 Alaska-slab2-v3                                                                  214.2275   59.6935 13.8
  1.368 0432 Alaska-slab2-v3                                                                  214.1078   59.7602 14.4
  0.613 0433 Alaska-slab2-v3                                                                  213.9875   59.8269 14.7
  0.259 0434 Alaska-slab2-v3                                                                  213.8667   59.8935 14.8
 12.742 0469 Alaska-slab2-v3                                                                  214.3377   59.3548  9.5
  8.330 0470 Alaska-slab2-v3                                                                  214.2120   59.4156 11.4
  5.097 0471 Alaska-slab2-v3                                                                  214.0899   59.4797 12.8
  2.879 0472 Alaska-slab2-v3                                                                  213.9667   59.5441 13.7
  1.510 0473 Alaska-slab2-v3                                                                  213.8427   59.6084 14.3
  0.755 0474 Alaska-slab2-v3                                                                  213.7181   59.6728 14.6
  0.401 0475 Alaska-slab2-v3                                                                  213.5930   59.7370 14.8
  0.212 0476 Alaska-slab2-v3                                                                  213.4673   59.8012 14.9
 13.267 0510 Alaska-slab2-v3                                                                  214.1024   59.2073  9.3
  9.050 0511 Alaska-slab2-v3                                                                  213.9719   59.2655 11.1
  5.899 0512 Alaska-slab2-v3                                                                  213.8453   59.3270 12.4
  3.649 0513 Alaska-slab2-v3                                                                  213.7176   59.3887 13.3
  2.180 0514 Alaska-slab2-v3                                                                  213.5892   59.4504 14.0
  1.256 0515 Alaska-slab2-v3                                                                  213.4601   59.5121 14.4
  0.711 0516 Alaska-slab2-v3                                                                  213.3304   59.5737 14.6
  0.379 0517 Alaska-slab2-v3                                                                  213.2003   59.6352 14.7
 14.144 0551 Alaska-slab2-v3                                                                  213.8813   59.0556  8.9
 10.248 0552 Alaska-slab2-v3                                                                  213.7467   59.1112 10.6
  7.178 0553 Alaska-slab2-v3                                                                  213.6158   59.1701 11.9
  4.888 0554 Alaska-slab2-v3                                                                  213.4846   59.2294 12.9
  3.211 0555 Alaska-slab2-v3                                                                  213.3527   59.2888 13.6
  2.054 0556 Alaska-slab2-v3                                                                  213.2201   59.3481 14.1
  1.228 0557 Alaska-slab2-v3                                                                  213.0869   59.4073 14.4
  0.590 0558 Alaska-slab2-v3                                                                  212.9532   59.4664 14.7
 14.546 0591 Alaska-slab2-v3                                                                  213.6725   58.9003  8.7
 10.820 0592 Alaska-slab2-v3                                                                  213.5347   58.9537 10.2
  7.762 0593 Alaska-slab2-v3                                                                  213.4001   59.0099 11.5
  5.350 0594 Alaska-slab2-v3                                                                  213.2660   59.0671 12.5
  3.463 0595 Alaska-slab2-v3                                                                  213.1312   59.1243 13.3
  2.006 0596 Alaska-slab2-v3                                                                  212.9957   59.1814 13.9
  0.908 0597 Alaska-slab2-v3                                                                  212.8597   59.2385 14.4
 14.878 0629 Alaska-slab2-v3                                                                  213.4727   58.7421  8.6
 11.254 0630 Alaska-slab2-v3                                                                  213.3324   58.7934 10.1
  8.221 0631 Alaska-slab2-v3                                                                  213.1942   58.8468 11.4
  5.757 0632 Alaska-slab2-v3                                                                  213.0564   58.9011 12.4
  3.791 0633 Alaska-slab2-v3                                                                  212.9178   58.9554 13.3
  2.227 0634 Alaska-slab2-v3                                                                  212.7787   59.0096 13.9
  0.995 0635 Alaska-slab2-v3                                                                  212.6390   59.0637 14.5
 14.742 0665 Alaska-slab2-v3                                                                  213.2794   58.5822  8.7
 10.998 0666 Alaska-slab2-v3                                                                  213.1372   58.6314 10.3
  7.913 0667 Alaska-slab2-v3                                                                  212.9951   58.6814 11.6
  5.463 0668 Alaska-slab2-v3                                                                  212.8525   58.7318 12.6
  3.532 0669 Alaska-slab2-v3                                                                  212.7092   58.7822 13.5
  2.049 0670 Alaska-slab2-v3                                                                  212.5653   58.8324 14.1
  0.895 0671 Alaska-slab2-v3                                                                  212.4209   58.8826 14.6
 13.585 0700 Alaska-slab2-v3                                                                  213.0897   58.4261  9.1
  9.495 0701 Alaska-slab2-v3                                                                  212.9473   58.4744 10.8
  6.266 0702 Alaska-slab2-v3                                                                  212.8039   58.5229 12.1
  3.851 0703 Alaska-slab2-v3                                                                  212.6595   58.5714 13.1
  2.081 0704 Alaska-slab2-v3                                                                  212.5144   58.6199 13.9
  0.861 0705 Alaska-slab2-v3                                                                  212.3686   58.6683 14.4
 12.802 0735 Alaska-slab2-v3                                                                  212.8990   58.2742  9.5
  8.416 0736 Alaska-slab2-v3                                                                  212.7582   58.3227 11.3
  5.145 0737 Alaska-slab2-v3                                                                  212.6163   58.3719 12.7
  2.869 0738 Alaska-slab2-v3                                                                  212.4734   58.4212 13.7
  1.375 0739 Alaska-slab2-v3                                                                  212.3297   58.4705 14.3
  0.498 0740 Alaska-slab2-v3                                                                  212.1853   58.5196 14.7
 12.708 0770 Alaska-slab2-v3                                                                  212.7037   58.1232  9.6
  8.260 0771 Alaska-slab2-v3                                                                  212.5640   58.1721 11.5
  5.013 0772 Alaska-slab2-v3                                                                  212.4241   58.2223 12.9
  2.801 0773 Alaska-slab2-v3                                                                  212.2830   58.2726 13.8
  1.412 0774 Alaska-slab2-v3                                                                  212.1411   58.3229 14.4
  0.635 0775 Alaska-slab2-v3                                                                  211.9987   58.3731 14.7
  0.235 0776 Alaska-slab2-v3                                                                  211.8558   58.4231 14.9
 13.188 0804 Alaska-slab2-v3                                                                  212.5018   57.9757  9.3
  8.950 0805 Alaska-slab2-v3                                                                  212.3630   58.0250 11.1
  5.753 0806 Alaska-slab2-v3                                                                  212.2250   58.0764 12.5
  3.480 0807 Alaska-slab2-v3                                                                  212.0860   58.1278 13.4
  1.989 0808 Alaska-slab2-v3                                                                  211.9461   58.1791 14.1
  1.018 0809 Alaska-slab2-v3                                                                  211.8057   58.2304 14.5
  0.450 0810 Alaska-slab2-v3                                                                  211.6649   58.2816 14.7
 13.943 0838 Alaska-slab2-v3                                                                  212.2938   57.8339  8.9
 10.055 0839 Alaska-slab2-v3                                                                  212.1557   57.8839 10.5
  6.984 0840 Alaska-slab2-v3                                                                  212.0188   57.9358 11.8
  4.656 0841 Alaska-slab2-v3                                                                  211.8814   57.9880 12.8
  2.952 0842 Alaska-slab2-v3                                                                  211.7432   58.0402 13.5
  1.704 0843 Alaska-slab2-v3                                                                  211.6045   58.0922 14.0
  0.792 0844 Alaska-slab2-v3                                                                  211.4652   58.1442 14.4
 15.288 0872 Alaska-slab2-v3                                                                  212.0783   57.6978  8.4
 11.885 0873 Alaska-slab2-v3                                                                  211.9416   57.7490  9.9
  9.026 0874 Alaska-slab2-v3                                                                  211.8053   57.8010 11.1
  6.734 0875 Alaska-slab2-v3                                                                  211.6687   57.8535 12.1
  4.915 0876 Alaska-slab2-v3                                                                  211.5314   57.9059 12.8
  3.450 0877 Alaska-slab2-v3                                                                  211.3937   57.9582 13.5
  2.197 0878 Alaska-slab2-v3                                                                  211.2554   58.0104 14.0
  1.111 0879 Alaska-slab2-v3                                                                  211.1167   58.0625 14.4
 16.042 0905 Alaska-slab2-v3                                                                  211.8526   57.5663  8.1
 12.966 0906 Alaska-slab2-v3                                                                  211.7178   57.6189  9.4
 10.268 0907 Alaska-slab2-v3                                                                  211.5824   57.6714 10.6
  7.950 0908 Alaska-slab2-v3                                                                  211.4462   57.7238 11.5
  5.986 0909 Alaska-slab2-v3                                                                  211.3094   57.7761 12.4
  4.306 0910 Alaska-slab2-v3                                                                  211.1721   57.8283 13.1
  2.792 0911 Alaska-slab2-v3                                                                  211.0343   57.8803 13.7
  1.372 0912 Alaska-slab2-v3                                                                  210.8961   57.9322 14.3
 12.840 0939 Alaska-slab2-v3                                                                  211.4814   57.4929  9.1
 10.115 0940 Alaska-slab2-v3                                                                  211.3469   57.5459 10.2
  7.684 0941 Alaska-slab2-v3                                                                  211.2112   57.5983 11.2
  5.499 0942 Alaska-slab2-v3                                                                  211.0747   57.6504 12.1
  3.535 0943 Alaska-slab2-v3                                                                  210.9378   57.7023 12.9
  1.718 0944 Alaska-slab2-v3                                                                  210.8003   57.7542 13.7
 13.284 0972 Alaska-slab2-v3                                                                  211.2308   57.3710  9.0
 10.583 0973 Alaska-slab2-v3                                                                  211.0969   57.4240 10.1
  8.126 0974 Alaska-slab2-v3                                                                  210.9619   57.4765 11.1
  5.863 0975 Alaska-slab2-v3                                                                  210.8263   57.5288 12.1
  3.771 0976 Alaska-slab2-v3                                                                  210.6901   57.5810 12.9
  1.825 0977 Alaska-slab2-v3                                                                  210.5535   57.6331 13.7
 12.921 1004 Alaska-slab2-v3                                                                  210.9669   57.2526  9.2
 10.191 1005 Alaska-slab2-v3                                                                  210.8334   57.3056 10.3
  7.753 1006 Alaska-slab2-v3                                                                  210.7011   57.3598 11.3
  5.583 1007 Alaska-slab2-v3                                                                  210.5684   57.4139 12.2
  3.584 1008 Alaska-slab2-v3                                                                  210.4353   57.4680 13.0
  1.755 1009 Alaska-slab2-v3                                                                  210.3017   57.5220 13.7
 27.595 1035 Alaska-slab2-v3                                                                  210.8281   57.0879  8.2
 22.135 1036 Alaska-slab2-v3                                                                  210.6921   57.1379  9.5
 17.424 1037 Alaska-slab2-v3                                                                  210.5617   57.1925 10.6
 13.506 1038 Alaska-slab2-v3                                                                  210.4359   57.2507 11.6
 10.254 1039 Alaska-slab2-v3                                                                  210.3097   57.3090 12.3
  7.462 1040 Alaska-slab2-v3                                                                  210.1830   57.3673 13.0
  4.919 1041 Alaska-slab2-v3                                                                  210.0559   57.4255 13.6
  2.501 1042 Alaska-slab2-v3                                                                  209.9283   57.4835 14.2
 38.732 1066 Alaska-slab2-v3                                                                  210.5480   56.9808  8.4
 30.537 1067 Alaska-slab2-v3                                                                  210.4119   57.0299  9.8
 23.876 1068 Alaska-slab2-v3                                                                  210.2868   57.0872 10.9
 18.806 1069 Alaska-slab2-v3                                                                  210.1685   57.1498 11.8
 14.856 1070 Alaska-slab2-v3                                                                  210.0496   57.2125 12.4
 11.790 1071 Alaska-slab2-v3                                                                  209.9302   57.2750 12.9
  9.138 1072 Alaska-slab2-v3                                                                  209.8103   57.3375 13.4
  6.544 1073 Alaska-slab2-v3                                                                  209.6901   57.3999 13.8
  3.596 1074 Alaska-slab2-v3                                                                  209.5694   57.4622 14.3
 49.126 1096 Alaska-slab2-v3                                                                  210.2708   56.8864  8.3
 38.638 1097 Alaska-slab2-v3                                                                  210.1362   56.9367  9.6
 30.122 1098 Alaska-slab2-v3                                                                  210.0128   56.9950 10.7
 23.814 1099 Alaska-slab2-v3                                                                  209.8978   57.0594 11.5
 19.083 1100 Alaska-slab2-v3                                                                  209.7823   57.1238 12.1
 15.376 1101 Alaska-slab2-v3                                                                  209.6663   57.1881 12.6
 12.222 1102 Alaska-slab2-v3                                                                  209.5498   57.2524 13.0
  8.989 1103 Alaska-slab2-v3                                                                  209.4329   57.3166 13.4
  5.125 1104 Alaska-slab2-v3                                                                  209.3157   57.3806 13.9
 52.346 1126 Alaska-slab2-v3                                                                  209.8744   56.8602  9.1
 42.732 1127 Alaska-slab2-v3                                                                  209.7519   56.9196 10.1
 35.156 1128 Alaska-slab2-v3                                                                  209.6341   56.9823 10.9
 29.232 1129 Alaska-slab2-v3                                                                  209.5161   57.0452 11.5
 24.182 1130 Alaska-slab2-v3                                                                  209.3976   57.1080 12.0
 19.521 1131 Alaska-slab2-v3                                                                  209.2787   57.1707 12.5
 14.373 1132 Alaska-slab2-v3                                                                  209.1594   57.2333 13.0
  8.061 1133 Alaska-slab2-v3                                                                  209.0398   57.2957 13.7
 54.375 1155 Alaska-slab2-v3                                                                  209.6138   56.7850  8.6
 45.129 1156 Alaska-slab2-v3                                                                  209.4968   56.8478  9.5
 36.987 1157 Alaska-slab2-v3                                                                  209.3777   56.9096 10.4
 29.952 1158 Alaska-slab2-v3                                                                  209.2553   56.9697 11.1
 23.218 1159 Alaska-slab2-v3                                                                  209.1314   57.0291 11.7
 16.483 1160 Alaska-slab2-v3                                                                  209.0072   57.0883 12.4
  8.945 1161 Alaska-slab2-v3                                                                  208.8826   57.1474 13.1
 61.959 1183 Alaska-slab2-v3                                                                  209.3362   56.6985  8.4
 53.270 1184 Alaska-slab2-v3                                                                  209.2227   56.7631  9.3
 44.958 1185 Alaska-slab2-v3                                                                  209.1047   56.8252 10.2
 36.741 1186 Alaska-slab2-v3                                                                  208.9805   56.8838 11.0
 28.524 1187 Alaska-slab2-v3                                                                  208.8540   56.9412 11.9
 19.835 1188 Alaska-slab2-v3                                                                  208.7273   56.9984 12.8
 10.484 1189 Alaska-slab2-v3                                                                  208.6002   57.0555 13.8
 58.914 1210 Alaska-slab2-v3                                                                  209.0493   56.6043  8.6
 49.127 1211 Alaska-slab2-v3                                                                  208.9339   56.6675  9.7
 39.530 1212 Alaska-slab2-v3                                                                  208.8140   56.7282 10.7
 30.027 1213 Alaska-slab2-v3                                                                  208.6901   56.7867 11.7
 20.335 1214 Alaska-slab2-v3                                                                  208.5650   56.8445 12.7
 10.453 1215 Alaska-slab2-v3                                                                  208.4395   56.9022 13.7
 62.855 1236 Alaska-slab2-v3                                                                  208.8802   56.4447  8.1
 50.149 1237 Alaska-slab2-v3                                                                  208.7647   56.5072  9.4
 38.695 1238 Alaska-slab2-v3                                                                  208.6463   56.5684 10.6
 28.299 1239 Alaska-slab2-v3                                                                  208.5248   56.6279 11.7
 18.674 1240 Alaska-slab2-v3                                                                  208.4020   56.6869 12.7
  9.337 1241 Alaska-slab2-v3                                                                  208.2787   56.7458 13.7
 54.001 1262 Alaska-slab2-v3                                                                  208.5983   56.3460  8.8
 38.333 1263 Alaska-slab2-v3                                                                  208.4812   56.4069 10.4
 25.818 1264 Alaska-slab2-v3                                                                  208.3622   56.4673 11.7
 15.865 1265 Alaska-slab2-v3                                                                  208.2418   56.5275 12.7
  7.588 1266 Alaska-slab2-v3                                                                  208.1208   56.5876 13.5
 49.793 1287 Alaska-slab2-v3                                                                  208.3171   56.2446  9.4
 32.676 1288 Alaska-slab2-v3                                                                  208.2000   56.3048 11.1
 20.423 1289 Alaska-slab2-v3                                                                  208.0836   56.3666 12.4
 11.767 1290 Alaska-slab2-v3                                                                  207.9663   56.4286 13.3
  5.446 1291 Alaska-slab2-v3                                                                  207.8484   56.4905 13.9
 50.746 1312 Alaska-slab2-v3                                                                  208.0398   56.1434  9.6
 33.674 1313 Alaska-slab2-v3                                                                  207.9244   56.2042 11.4
 21.789 1314 Alaska-slab2-v3                                                                  207.8116   56.2679 12.6
 14.054 1315 Alaska-slab2-v3                                                                  207.6980   56.3317 13.5
  8.772 1316 Alaska-slab2-v3                                                                  207.5837   56.3957 14.0
  4.622 1317 Alaska-slab2-v3                                                                  207.4690   56.4595 14.5
 50.681 1336 Alaska-slab2-v3                                                                  207.7667   56.0430  9.5
 33.756 1337 Alaska-slab2-v3                                                                  207.6526   56.1043 11.3
 21.870 1338 Alaska-slab2-v3                                                                  207.5425   56.1693 12.5
 13.978 1339 Alaska-slab2-v3                                                                  207.4315   56.2344 13.4
  8.653 1340 Alaska-slab2-v3                                                                  207.3199   56.2996 13.9
  4.564 1341 Alaska-slab2-v3                                                                  207.2079   56.3648 14.4
 52.475 1360 Alaska-slab2-v3                                                                  207.4972   55.9427  9.3
 36.064 1361 Alaska-slab2-v3                                                                  207.3835   56.0042 11.0
 24.234 1362 Alaska-slab2-v3                                                                  207.2747   56.0698 12.2
 15.933 1363 Alaska-slab2-v3                                                                  207.1652   56.1355 13.1
 10.113 1364 Alaska-slab2-v3                                                                  207.0551   56.2013 13.7
  5.247 1365 Alaska-slab2-v3                                                                  206.9445   56.2670 14.2
 54.892 1384 Alaska-slab2-v3                                                                  207.2316   55.8425  9.0
 39.277 1385 Alaska-slab2-v3                                                                  207.1181   55.9043 10.6
 27.494 1386 Alaska-slab2-v3                                                                  207.0097   55.9699 11.9
 18.776 1387 Alaska-slab2-v3                                                                  206.9012   56.0360 12.8
 12.070 1388 Alaska-slab2-v3                                                                  206.7921   56.1021 13.5
  6.131 1389 Alaska-slab2-v3                                                                  206.6826   56.1682 14.1
 56.911 1407 Alaska-slab2-v3                                                                  206.9698   55.7423  8.7
 42.149 1408 Alaska-slab2-v3                                                                  206.8571   55.8047 10.2
 30.495 1409 Alaska-slab2-v3                                                                  206.7489   55.8703 11.4
 21.269 1410 Alaska-slab2-v3                                                                  206.6420   55.9370 12.3
 13.791 1411 Alaska-slab2-v3                                                                  206.5345   56.0037 13.1
  6.992 1412 Alaska-slab2-v3                                                                  206.4266   56.0704 13.8
 62.495 1430 Alaska-slab2-v3                                                                  206.7109   55.6415  8.3
 49.581 1431 Alaska-slab2-v3                                                                  206.5997   55.7049  9.7
 38.647 1432 Alaska-slab2-v3                                                                  206.4925   55.7709 10.9
 29.692 1433 Alaska-slab2-v3                                                                  206.3880   55.8387 11.8
 22.057 1434 Alaska-slab2-v3                                                                  206.2831   55.9065 12.6
 15.082 1435 Alaska-slab2-v3                                                                  206.1777   55.9743 13.4
  7.918 1436 Alaska-slab2-v3                                                                  206.0720   56.0420 14.1
