  4.214 3113 Alaska-slab2-v3                                                                  175.9635   50.9730  7.1
  4.214 3114 Alaska-slab2-v3                                                                  176.0134   51.0555  9.0
  4.214 3115 Alaska-slab2-v3                                                                  176.0587   51.1395 10.8
  3.822 3116 Alaska-slab2-v3                                                                  176.0991   51.2247 12.4
  3.194 3117 Alaska-slab2-v3                                                                  176.1396   51.3098 14.1
  2.409 3118 Alaska-slab2-v3                                                                  176.1814   51.3939 16.2
  1.361 3119 Alaska-slab2-v3                                                                  176.2234   51.4761 19.0
  4.214 3124 Alaska-slab2-v3                                                                  175.6909   51.0312  7.1
  4.214 3125 Alaska-slab2-v3                                                                  175.7436   51.1130  9.1
  4.214 3126 Alaska-slab2-v3                                                                  175.7917   51.1963 10.9
  3.843 3127 Alaska-slab2-v3                                                                  175.8350   51.2809 12.5
  3.204 3128 Alaska-slab2-v3                                                                  175.8786   51.3654 14.2
  2.410 3129 Alaska-slab2-v3                                                                  175.9236   51.4487 16.4
  1.352 3130 Alaska-slab2-v3                                                                  175.9682   51.5303 19.3
  4.214 3135 Alaska-slab2-v3                                                                  175.4189   51.0910  7.1
  4.214 3136 Alaska-slab2-v3                                                                  175.4744   51.1720  9.1
  4.214 3137 Alaska-slab2-v3                                                                  175.5253   51.2547 10.9
  3.887 3138 Alaska-slab2-v3                                                                  175.5718   51.3387 12.6
  3.235 3139 Alaska-slab2-v3                                                                  175.6186   51.4223 14.4
  2.406 3140 Alaska-slab2-v3                                                                  175.6667   51.5047 16.6
  1.339 3141 Alaska-slab2-v3                                                                  175.7139   51.5855 19.6
  4.214 3146 Alaska-slab2-v3                                                                  175.1476   51.1524  7.1
  4.214 3147 Alaska-slab2-v3                                                                  175.2060   51.2325  9.2
  4.214 3148 Alaska-slab2-v3                                                                  175.2598   51.3145 11.0
  3.936 3149 Alaska-slab2-v3                                                                  175.3094   51.3978 12.6
  3.277 3150 Alaska-slab2-v3                                                                  175.3593   51.4807 14.5
  2.415 3151 Alaska-slab2-v3                                                                  175.4107   51.5619 16.9
  1.325 3152 Alaska-slab2-v3                                                                  175.4603   51.6419 19.9
  4.214 3157 Alaska-slab2-v3                                                                  174.8771   51.2153  7.2
  4.214 3158 Alaska-slab2-v3                                                                  174.9384   51.2945  9.3
  4.214 3159 Alaska-slab2-v3                                                                  174.9951   51.3757 11.1
  3.968 3160 Alaska-slab2-v3                                                                  175.0477   51.4583 12.7
  3.311 3161 Alaska-slab2-v3                                                                  175.1008   51.5404 14.6
  2.422 3162 Alaska-slab2-v3                                                                  175.1555   51.6206 17.1
  1.318 3163 Alaska-slab2-v3                                                                  175.2076   51.6996 20.2
  4.214 3168 Alaska-slab2-v3                                                                  174.6074   51.2799  7.2
  4.214 3169 Alaska-slab2-v3                                                                  174.6719   51.3578  9.4
  3.795 3170 Alaska-slab2-v3                                                                  174.7314   51.4382 11.2
  3.152 3171 Alaska-slab2-v3                                                                  174.7868   51.5202 12.8
  2.384 3172 Alaska-slab2-v3                                                                  174.8430   51.6015 14.6
  1.324 3173 Alaska-slab2-v3                                                                  174.9009   51.6807 17.2
  4.214 3179 Alaska-slab2-v3                                                                  174.3383   51.3460  7.3
  4.214 3180 Alaska-slab2-v3                                                                  174.4062   51.4227  9.6
  3.751 3181 Alaska-slab2-v3                                                                  174.4684   51.5022 11.4
  3.122 3182 Alaska-slab2-v3                                                                  174.5268   51.5835 12.9
  2.369 3183 Alaska-slab2-v3                                                                  174.5859   51.6641 14.7
  1.329 3184 Alaska-slab2-v3                                                                  174.6470   51.7425 17.3
  4.214 3190 Alaska-slab2-v3                                                                  174.0700   51.4139  7.3
  4.214 3191 Alaska-slab2-v3                                                                  174.1411   51.4893  9.6
  3.683 3192 Alaska-slab2-v3                                                                  174.2062   51.5679 11.5
  3.055 3193 Alaska-slab2-v3                                                                  174.2673   51.6484 13.0
  2.323 3194 Alaska-slab2-v3                                                                  174.3294   51.7283 14.8
  1.314 3195 Alaska-slab2-v3                                                                  174.3935   51.8060 17.2
  4.214 3201 Alaska-slab2-v3                                                                  173.8023   51.4837  7.3
  4.214 3202 Alaska-slab2-v3                                                                  173.8768   51.5579  9.7
  4.214 3203 Alaska-slab2-v3                                                                  173.9447   51.6355 11.5
  3.812 3204 Alaska-slab2-v3                                                                  174.0086   51.7153 13.0
  3.206 3205 Alaska-slab2-v3                                                                  174.0735   51.7944 14.7
  2.384 3206 Alaska-slab2-v3                                                                  174.1404   51.8715 17.1
  1.300 3207 Alaska-slab2-v3                                                                  174.2045   51.9474 20.1
  4.214 3212 Alaska-slab2-v3                                                                  173.5355   51.5558  7.3
  4.214 3213 Alaska-slab2-v3                                                                  173.6131   51.6288  9.6
  4.214 3214 Alaska-slab2-v3                                                                  173.6840   51.7054 11.5
  3.719 3215 Alaska-slab2-v3                                                                  173.7507   51.7844 13.0
  3.121 3216 Alaska-slab2-v3                                                                  173.8182   51.8628 14.6
  2.324 3217 Alaska-slab2-v3                                                                  173.8879   51.9393 16.8
  1.276 3218 Alaska-slab2-v3                                                                  173.9558   52.0146 19.7
  7.375 3223 Alaska-slab2-v3                                                                  173.2698   51.6305  7.3
  7.375 3224 Alaska-slab2-v3                                                                  173.3505   51.7024  9.6
  7.306 3225 Alaska-slab2-v3                                                                  173.4244   51.7780 11.4
  6.333 3226 Alaska-slab2-v3                                                                  173.4938   51.8561 12.9
  5.289 3227 Alaska-slab2-v3                                                                  173.5637   51.9338 14.5
  3.930 3228 Alaska-slab2-v3                                                                  173.6359   52.0098 16.6
  2.161 3229 Alaska-slab2-v3                                                                  173.7078   52.0843 19.3
 10.535 3234 Alaska-slab2-v3                                                                  173.0059   51.7080  7.2
 10.535 3235 Alaska-slab2-v3                                                                  173.0895   51.7788  9.5
 10.213 3236 Alaska-slab2-v3                                                                  173.1663   51.8534 11.3
  8.810 3237 Alaska-slab2-v3                                                                  173.2383   51.9306 12.8
  7.340 3238 Alaska-slab2-v3                                                                  173.3105   52.0077 14.3
  5.448 3239 Alaska-slab2-v3                                                                  173.3851   52.0831 16.3
  2.988 3240 Alaska-slab2-v3                                                                  173.4610   52.1566 18.8
 13.696 3246 Alaska-slab2-v3                                                                  172.7438   51.7888  7.2
 13.696 3247 Alaska-slab2-v3                                                                  172.8302   51.8584  9.4
 13.034 3248 Alaska-slab2-v3                                                                  172.9099   51.9320 11.2
 11.208 3249 Alaska-slab2-v3                                                                  172.9845   52.0084 12.6
  9.332 3250 Alaska-slab2-v3                                                                  173.0592   52.0848 14.1
  6.915 3251 Alaska-slab2-v3                                                                  173.1361   52.1596 15.9
  3.779 3252 Alaska-slab2-v3                                                                  173.2150   52.2323 18.4
 16.856 3258 Alaska-slab2-v3                                                                  172.4838   51.8731  7.2
 16.856 3259 Alaska-slab2-v3                                                                  172.5730   51.9417  9.3
 15.865 3260 Alaska-slab2-v3                                                                  172.6557   52.0142 11.0
 13.625 3261 Alaska-slab2-v3                                                                  172.7327   52.0898 12.4
 11.335 3262 Alaska-slab2-v3                                                                  172.8100   52.1653 13.8
  8.412 3263 Alaska-slab2-v3                                                                  172.8891   52.2394 15.6
  4.579 3264 Alaska-slab2-v3                                                                  172.9702   52.3115 17.9
 16.856 3270 Alaska-slab2-v3                                                                  172.2263   51.9610  7.1
 16.856 3271 Alaska-slab2-v3                                                                  172.3179   52.0289  9.1
 16.856 3272 Alaska-slab2-v3                                                                  172.4036   52.1002 10.7
 16.310 3273 Alaska-slab2-v3                                                                  172.4834   52.1748 12.1
 14.313 3274 Alaska-slab2-v3                                                                  172.5631   52.2495 13.5
 11.798 3275 Alaska-slab2-v3                                                                  172.6443   52.3229 15.2
  8.507 3276 Alaska-slab2-v3                                                                  172.7276   52.3943 17.5
  4.555 3277 Alaska-slab2-v3                                                                  172.8074   52.4658 20.3
 16.856 3283 Alaska-slab2-v3                                                                  171.9713   52.0523  7.0
 16.856 3284 Alaska-slab2-v3                                                                  172.0646   52.1197  8.9
 16.856 3285 Alaska-slab2-v3                                                                  172.1533   52.1898 10.5
 16.291 3286 Alaska-slab2-v3                                                                  172.2361   52.2632 11.9
 14.278 3287 Alaska-slab2-v3                                                                  172.3183   52.3369 13.2
 11.781 3288 Alaska-slab2-v3                                                                  172.4015   52.4097 14.9
  8.535 3289 Alaska-slab2-v3                                                                  172.4871   52.4803 17.1
  4.583 3290 Alaska-slab2-v3                                                                  172.5705   52.5506 19.8
 16.856 3296 Alaska-slab2-v3                                                                  171.7183   52.1464  6.9
 16.856 3297 Alaska-slab2-v3                                                                  171.8132   52.2133  8.7
 16.856 3298 Alaska-slab2-v3                                                                  171.9045   52.2824 10.3
 16.187 3299 Alaska-slab2-v3                                                                  171.9905   52.3544 11.6
 14.126 3300 Alaska-slab2-v3                                                                  172.0751   52.4272 13.0
 11.689 3301 Alaska-slab2-v3                                                                  172.1604   52.4993 14.6
  8.575 3302 Alaska-slab2-v3                                                                  172.2482   52.5693 16.7
  4.663 3303 Alaska-slab2-v3                                                                  172.3355   52.6382 19.3
 16.856 3309 Alaska-slab2-v3                                                                  171.4673   52.2427  6.9
 16.856 3310 Alaska-slab2-v3                                                                  171.5637   52.3090  8.6
 16.856 3311 Alaska-slab2-v3                                                                  171.6574   52.3771 10.1
 15.807 3312 Alaska-slab2-v3                                                                  171.7461   52.4480 11.5
 13.724 3313 Alaska-slab2-v3                                                                  171.8331   52.5199 12.9
 11.362 3314 Alaska-slab2-v3                                                                  171.9204   52.5913 14.4
  8.424 3315 Alaska-slab2-v3                                                                  172.0105   52.6608 16.3
  4.678 3316 Alaska-slab2-v3                                                                  172.1019   52.7283 18.7
 16.856 3322 Alaska-slab2-v3                                                                  171.2178   52.3409  6.9
 16.856 3323 Alaska-slab2-v3                                                                  171.3160   52.4064  8.6
 16.856 3324 Alaska-slab2-v3                                                                  171.4118   52.4735 10.1
 15.170 3325 Alaska-slab2-v3                                                                  171.5029   52.5434 11.4
 13.080 3326 Alaska-slab2-v3                                                                  171.5921   52.6144 12.7
 10.794 3327 Alaska-slab2-v3                                                                  171.6816   52.6852 14.1
  8.023 3328 Alaska-slab2-v3                                                                  171.7737   52.7542 15.9
  4.490 3329 Alaska-slab2-v3                                                                  171.8682   52.8209 18.0
 16.856 3335 Alaska-slab2-v3                                                                  170.9693   52.4405  6.9
 16.856 3336 Alaska-slab2-v3                                                                  171.0693   52.5052  8.5
 16.856 3337 Alaska-slab2-v3                                                                  171.1672   52.5714 10.0
 16.856 3338 Alaska-slab2-v3                                                                  171.2605   52.6403 11.4
 15.233 3339 Alaska-slab2-v3                                                                  171.3519   52.7105 12.6
 13.294 3340 Alaska-slab2-v3                                                                  171.4435   52.7805 13.9
 10.958 3341 Alaska-slab2-v3                                                                  171.5373   52.8490 15.5
  8.020 3342 Alaska-slab2-v3                                                                  171.6337   52.9153 17.5
  4.392 3343 Alaska-slab2-v3                                                                  171.7269   52.9819 20.0
