  2.205 3114 Alaska-slab2-v3                                                                  176.0134   51.0555  9.0
  2.205 3115 Alaska-slab2-v3                                                                  176.0587   51.1395 10.8
  2.205 3116 Alaska-slab2-v3                                                                  176.0991   51.2247 12.4
  2.205 3117 Alaska-slab2-v3                                                                  176.1396   51.3098 14.1
  2.150 3118 Alaska-slab2-v3                                                                  176.1814   51.3939 16.2
  1.756 3119 Alaska-slab2-v3                                                                  176.2234   51.4761 19.0
  1.245 3120 Alaska-slab2-v3                                                                  176.2596   51.5568 22.7
  2.205 3125 Alaska-slab2-v3                                                                  175.7436   51.1130  9.1
  2.205 3126 Alaska-slab2-v3                                                                  175.7917   51.1963 10.9
  2.205 3127 Alaska-slab2-v3                                                                  175.8350   51.2809 12.5
  2.205 3128 Alaska-slab2-v3                                                                  175.8786   51.3654 14.2
  2.168 3129 Alaska-slab2-v3                                                                  175.9236   51.4487 16.4
  1.774 3130 Alaska-slab2-v3                                                                  175.9682   51.5303 19.3
  1.271 3131 Alaska-slab2-v3                                                                  176.0069   51.6103 22.9
  2.205 3136 Alaska-slab2-v3                                                                  175.4744   51.1720  9.1
  2.205 3137 Alaska-slab2-v3                                                                  175.5253   51.2547 10.9
  2.205 3138 Alaska-slab2-v3                                                                  175.5718   51.3387 12.6
  2.205 3139 Alaska-slab2-v3                                                                  175.6186   51.4223 14.4
  2.176 3140 Alaska-slab2-v3                                                                  175.6667   51.5047 16.6
  1.780 3141 Alaska-slab2-v3                                                                  175.7139   51.5855 19.6
  1.283 3142 Alaska-slab2-v3                                                                  175.7550   51.6650 23.3
  2.205 3147 Alaska-slab2-v3                                                                  175.2060   51.2325  9.2
  2.205 3148 Alaska-slab2-v3                                                                  175.2598   51.3145 11.0
  2.205 3149 Alaska-slab2-v3                                                                  175.3094   51.3978 12.6
  2.205 3150 Alaska-slab2-v3                                                                  175.3593   51.4807 14.5
  2.174 3151 Alaska-slab2-v3                                                                  175.4107   51.5619 16.9
  1.769 3152 Alaska-slab2-v3                                                                  175.4603   51.6419 19.9
  1.277 3153 Alaska-slab2-v3                                                                  175.5040   51.7208 23.7
  2.205 3158 Alaska-slab2-v3                                                                  174.9384   51.2945  9.3
  2.205 3159 Alaska-slab2-v3                                                                  174.9951   51.3757 11.1
  2.205 3160 Alaska-slab2-v3                                                                  175.0477   51.4583 12.7
  2.205 3161 Alaska-slab2-v3                                                                  175.1008   51.5404 14.6
  2.163 3162 Alaska-slab2-v3                                                                  175.1555   51.6206 17.1
  1.751 3163 Alaska-slab2-v3                                                                  175.2076   51.6996 20.2
  1.258 3164 Alaska-slab2-v3                                                                  175.2538   51.7779 24.0
  2.205 3169 Alaska-slab2-v3                                                                  174.6719   51.3578  9.4
  2.205 3170 Alaska-slab2-v3                                                                  174.7314   51.4382 11.2
  2.205 3171 Alaska-slab2-v3                                                                  174.7868   51.5202 12.8
  2.205 3172 Alaska-slab2-v3                                                                  174.8430   51.6015 14.6
  2.150 3173 Alaska-slab2-v3                                                                  174.9009   51.6807 17.2
  1.729 3174 Alaska-slab2-v3                                                                  174.9558   51.7588 20.4
  2.205 3180 Alaska-slab2-v3                                                                  174.4062   51.4227  9.6
  2.205 3181 Alaska-slab2-v3                                                                  174.4684   51.5022 11.4
  2.205 3182 Alaska-slab2-v3                                                                  174.5268   51.5835 12.9
  2.205 3183 Alaska-slab2-v3                                                                  174.5859   51.6641 14.7
  2.139 3184 Alaska-slab2-v3                                                                  174.6470   51.7425 17.3
  1.714 3185 Alaska-slab2-v3                                                                  174.7046   51.8197 20.5
  2.205 3191 Alaska-slab2-v3                                                                  174.1411   51.4893  9.6
  2.205 3192 Alaska-slab2-v3                                                                  174.2062   51.5679 11.5
  2.205 3193 Alaska-slab2-v3                                                                  174.2673   51.6484 13.0
  2.205 3194 Alaska-slab2-v3                                                                  174.3294   51.7283 14.8
  2.128 3195 Alaska-slab2-v3                                                                  174.3935   51.8060 17.2
  1.706 3196 Alaska-slab2-v3                                                                  174.4542   51.8825 20.4
  2.205 3202 Alaska-slab2-v3                                                                  173.8768   51.5579  9.7
  2.205 3203 Alaska-slab2-v3                                                                  173.9447   51.6355 11.5
  2.205 3204 Alaska-slab2-v3                                                                  174.0086   51.7153 13.0
  2.205 3205 Alaska-slab2-v3                                                                  174.0735   51.7944 14.7
  2.115 3206 Alaska-slab2-v3                                                                  174.1404   51.8715 17.1
  1.703 3207 Alaska-slab2-v3                                                                  174.2045   51.9474 20.1
  1.209 3208 Alaska-slab2-v3                                                                  174.2612   52.0234 23.8
  2.205 3213 Alaska-slab2-v3                                                                  173.6131   51.6288  9.6
  2.205 3214 Alaska-slab2-v3                                                                  173.6840   51.7054 11.5
  2.205 3215 Alaska-slab2-v3                                                                  173.7507   51.7844 13.0
  2.205 3216 Alaska-slab2-v3                                                                  173.8182   51.8628 14.6
  2.091 3217 Alaska-slab2-v3                                                                  173.8879   51.9393 16.8
  1.693 3218 Alaska-slab2-v3                                                                  173.9558   52.0146 19.7
  1.209 3219 Alaska-slab2-v3                                                                  174.0157   52.0903 23.2
  3.858 3224 Alaska-slab2-v3                                                                  173.3505   51.7024  9.6
  3.858 3225 Alaska-slab2-v3                                                                  173.4244   51.7780 11.4
  3.858 3226 Alaska-slab2-v3                                                                  173.4938   51.8561 12.9
  3.858 3227 Alaska-slab2-v3                                                                  173.5637   51.9338 14.5
  3.595 3228 Alaska-slab2-v3                                                                  173.6359   52.0098 16.6
  2.920 3229 Alaska-slab2-v3                                                                  173.7078   52.0843 19.3
  2.097 3230 Alaska-slab2-v3                                                                  173.7717   52.1595 22.6
  5.512 3235 Alaska-slab2-v3                                                                  173.0895   51.7788  9.5
  5.512 3236 Alaska-slab2-v3                                                                  173.1663   51.8534 11.3
  5.512 3237 Alaska-slab2-v3                                                                  173.2383   51.9306 12.8
  5.512 3238 Alaska-slab2-v3                                                                  173.3105   52.0077 14.3
  5.029 3239 Alaska-slab2-v3                                                                  173.3851   52.0831 16.3
  4.085 3240 Alaska-slab2-v3                                                                  173.4610   52.1566 18.8
  2.938 3241 Alaska-slab2-v3                                                                  173.5291   52.2312 21.9
  7.165 3247 Alaska-slab2-v3                                                                  172.8302   51.8584  9.4
  7.165 3248 Alaska-slab2-v3                                                                  172.9099   51.9320 11.2
  7.165 3249 Alaska-slab2-v3                                                                  172.9845   52.0084 12.6
  7.165 3250 Alaska-slab2-v3                                                                  173.0592   52.0848 14.1
  7.165 3251 Alaska-slab2-v3                                                                  173.1361   52.1596 15.9
  6.447 3252 Alaska-slab2-v3                                                                  173.2150   52.2323 18.4
  5.185 3253 Alaska-slab2-v3                                                                  173.2872   52.3060 21.3
  8.819 3259 Alaska-slab2-v3                                                                  172.5730   51.9417  9.3
  8.819 3260 Alaska-slab2-v3                                                                  172.6557   52.0142 11.0
  8.819 3261 Alaska-slab2-v3                                                                  172.7327   52.0898 12.4
  8.819 3262 Alaska-slab2-v3                                                                  172.8100   52.1653 13.8
  8.819 3263 Alaska-slab2-v3                                                                  172.8891   52.2394 15.6
  7.860 3264 Alaska-slab2-v3                                                                  172.9702   52.3115 17.9
  6.323 3265 Alaska-slab2-v3                                                                  173.0462   52.3842 20.8
  8.819 3271 Alaska-slab2-v3                                                                  172.3179   52.0289  9.1
  8.819 3272 Alaska-slab2-v3                                                                  172.4036   52.1002 10.7
  8.819 3273 Alaska-slab2-v3                                                                  172.4834   52.1748 12.1
  8.819 3274 Alaska-slab2-v3                                                                  172.5631   52.2495 13.5
  8.819 3275 Alaska-slab2-v3                                                                  172.6443   52.3229 15.2
  7.829 3276 Alaska-slab2-v3                                                                  172.7276   52.3943 17.5
  6.291 3277 Alaska-slab2-v3                                                                  172.8074   52.4658 20.3
  4.519 3278 Alaska-slab2-v3                                                                  172.8796   52.5389 23.5
  8.819 3284 Alaska-slab2-v3                                                                  172.0646   52.1197  8.9
  8.819 3285 Alaska-slab2-v3                                                                  172.1533   52.1898 10.5
  8.819 3286 Alaska-slab2-v3                                                                  172.2361   52.2632 11.9
  8.819 3287 Alaska-slab2-v3                                                                  172.3183   52.3369 13.2
  8.819 3288 Alaska-slab2-v3                                                                  172.4015   52.4097 14.9
  7.826 3289 Alaska-slab2-v3                                                                  172.4871   52.4803 17.1
  6.286 3290 Alaska-slab2-v3                                                                  172.5705   52.5506 19.8
  4.500 3291 Alaska-slab2-v3                                                                  172.6457   52.6227 23.0
  8.819 3297 Alaska-slab2-v3                                                                  171.8132   52.2133  8.7
  8.819 3298 Alaska-slab2-v3                                                                  171.9045   52.2824 10.3
  8.819 3299 Alaska-slab2-v3                                                                  171.9905   52.3544 11.6
  8.819 3300 Alaska-slab2-v3                                                                  172.0751   52.4272 13.0
  8.819 3301 Alaska-slab2-v3                                                                  172.1604   52.4993 14.6
  7.827 3302 Alaska-slab2-v3                                                                  172.2482   52.5693 16.7
  6.300 3303 Alaska-slab2-v3                                                                  172.3355   52.6382 19.3
  4.480 3304 Alaska-slab2-v3                                                                  172.4142   52.7091 22.4
  8.819 3310 Alaska-slab2-v3                                                                  171.5637   52.3090  8.6
  8.819 3311 Alaska-slab2-v3                                                                  171.6574   52.3771 10.1
  8.819 3312 Alaska-slab2-v3                                                                  171.7461   52.4480 11.5
  8.819 3313 Alaska-slab2-v3                                                                  171.8331   52.5199 12.9
  8.819 3314 Alaska-slab2-v3                                                                  171.9204   52.5913 14.4
  8.819 3315 Alaska-slab2-v3                                                                  172.0105   52.6608 16.3
  7.847 3316 Alaska-slab2-v3                                                                  172.1019   52.7283 18.7
  6.269 3317 Alaska-slab2-v3                                                                  172.1846   52.7979 21.7
  8.819 3323 Alaska-slab2-v3                                                                  171.3160   52.4064  8.6
  8.819 3324 Alaska-slab2-v3                                                                  171.4118   52.4735 10.1
  8.819 3325 Alaska-slab2-v3                                                                  171.5029   52.5434 11.4
  8.819 3326 Alaska-slab2-v3                                                                  171.5921   52.6144 12.7
  8.819 3327 Alaska-slab2-v3                                                                  171.6816   52.6852 14.1
  8.819 3328 Alaska-slab2-v3                                                                  171.7737   52.7542 15.9
  7.811 3329 Alaska-slab2-v3                                                                  171.8682   52.8209 18.0
  6.301 3330 Alaska-slab2-v3                                                                  171.9560   52.8890 20.8
  8.819 3336 Alaska-slab2-v3                                                                  171.0693   52.5052  8.5
  8.819 3337 Alaska-slab2-v3                                                                  171.1672   52.5714 10.0
  8.819 3338 Alaska-slab2-v3                                                                  171.2605   52.6403 11.4
  8.819 3339 Alaska-slab2-v3                                                                  171.3519   52.7105 12.6
  8.819 3340 Alaska-slab2-v3                                                                  171.4435   52.7805 13.9
  8.773 3341 Alaska-slab2-v3                                                                  171.5373   52.8490 15.5
  7.629 3342 Alaska-slab2-v3                                                                  171.6337   52.9153 17.5
  6.215 3343 Alaska-slab2-v3                                                                  171.7269   52.9819 20.0
  4.504 3344 Alaska-slab2-v3                                                                  171.8119   53.0507 23.0
