  1.092 2162 Alaska-slab2-v3                                                                  195.7503   52.8815 14.6
  0.781 2163 Alaska-slab2-v3                                                                  195.6716   52.9580 15.0
  1.378 2177 Alaska-slab2-v3                                                                  195.4769   52.8160 14.4
  0.881 2178 Alaska-slab2-v3                                                                  195.3993   52.8928 14.9
  1.752 2192 Alaska-slab2-v3                                                                  195.2065   52.7485 14.0
  1.012 2193 Alaska-slab2-v3                                                                  195.1300   52.8254 14.8
  1.116 2208 Alaska-slab2-v3                                                                  194.8651   52.7557 14.6
  1.149 2223 Alaska-slab2-v3                                                                  194.6038   52.6841 14.2
  1.323 2269 Alaska-slab2-v3                                                                  193.7501   52.5464 14.6
  1.051 2283 Alaska-slab2-v3                                                                  193.4838   52.4776 14.5
  0.811 2297 Alaska-slab2-v3                                                                  193.2149   52.4124 14.5
  0.359 2353 Alaska-slab2-v3                                                                  192.1325   52.1817 14.1
  0.393 2396 Alaska-slab2-v3                                                                  191.2780   52.0980 14.1
