 92.264 0228 Alaska-slab2-v3                                                                  216.5462   60.1055  1.4
 92.264 0229 Alaska-slab2-v3                                                                  216.4789   60.1854  4.1
 92.264 0230 Alaska-slab2-v3                                                                  216.4121   60.2658  6.7
 69.085 0231 Alaska-slab2-v3                                                                  216.3398   60.3457  8.9
 46.487 0232 Alaska-slab2-v3                                                                  216.2532   60.4228 10.7
 30.217 0233 Alaska-slab2-v3                                                                  216.1527   60.4968 11.9
 18.724 0234 Alaska-slab2-v3                                                                  216.0465   60.5698 12.8
  9.556 0235 Alaska-slab2-v3                                                                  215.9396   60.6428 13.6
 92.264 0252 Alaska-slab2-v3                                                                  216.2342   60.0034  1.6
 92.264 0253 Alaska-slab2-v3                                                                  216.1579   60.0796  4.9
 84.406 0254 Alaska-slab2-v3                                                                  216.0843   60.1571  7.9
 52.342 0255 Alaska-slab2-v3                                                                  216.0024   60.2336 10.4
 29.529 0256 Alaska-slab2-v3                                                                  215.9029   60.3067 12.2
 15.082 0257 Alaska-slab2-v3                                                                  215.7964   60.3790 13.4
  6.210 0258 Alaska-slab2-v3                                                                  215.6890   60.4516 14.1
 92.264 0279 Alaska-slab2-v3                                                                  215.9496   59.8812  1.8
 92.264 0280 Alaska-slab2-v3                                                                  215.8586   59.9519  5.4
 79.349 0281 Alaska-slab2-v3                                                                  215.7667   60.0238  8.5
 49.050 0282 Alaska-slab2-v3                                                                  215.6685   60.0957 10.9
 27.940 0283 Alaska-slab2-v3                                                                  215.5633   60.1673 12.6
 14.405 0284 Alaska-slab2-v3                                                                  215.4567   60.2395 13.7
  5.961 0285 Alaska-slab2-v3                                                                  215.3492   60.3119 14.4
 92.264 0309 Alaska-slab2-v3                                                                  215.6867   59.7457  1.9
 92.264 0310 Alaska-slab2-v3                                                                  215.5774   59.8092  5.5
 80.872 0311 Alaska-slab2-v3                                                                  215.4642   59.8739  8.3
 54.958 0312 Alaska-slab2-v3                                                                  215.3509   59.9410 10.4
 35.679 0313 Alaska-slab2-v3                                                                  215.2419   60.0111 11.9
 20.906 0314 Alaska-slab2-v3                                                                  215.1347   60.0828 13.1
  9.389 0315 Alaska-slab2-v3                                                                  215.0267   60.1546 14.0
 92.264 0343 Alaska-slab2-v3                                                                  215.2307   59.7091  7.2
 68.950 0344 Alaska-slab2-v3                                                                  215.1063   59.7707  9.3
 46.628 0345 Alaska-slab2-v3                                                                  214.9901   59.8370 11.1
 29.390 0346 Alaska-slab2-v3                                                                  214.8804   59.9071 12.5
 16.741 0347 Alaska-slab2-v3                                                                  214.7697   59.9775 13.5
  7.317 0348 Alaska-slab2-v3                                                                  214.6583   60.0480 14.3
 92.264 0385 Alaska-slab2-v3                                                                  214.9690   59.5755  7.2
 66.955 0386 Alaska-slab2-v3                                                                  214.8431   59.6356  9.5
 43.935 0387 Alaska-slab2-v3                                                                  214.7243   59.7004 11.4
 27.227 0388 Alaska-slab2-v3                                                                  214.6103   59.7687 12.7
 15.718 0389 Alaska-slab2-v3                                                                  214.4953   59.8373 13.6
  8.168 0390 Alaska-slab2-v3                                                                  214.3795   59.9059 14.2
  3.342 0391 Alaska-slab2-v3                                                                  214.2631   59.9745 14.6
 92.264 0427 Alaska-slab2-v3                                                                  214.7141   59.4391  7.3
 66.035 0428 Alaska-slab2-v3                                                                  214.5858   59.4974  9.6
 42.583 0429 Alaska-slab2-v3                                                                  214.4641   59.5605 11.5
 25.673 0430 Alaska-slab2-v3                                                                  214.3463   59.6269 12.9
 14.194 0431 Alaska-slab2-v3                                                                  214.2275   59.6935 13.8
  7.159 0432 Alaska-slab2-v3                                                                  214.1078   59.7602 14.4
  3.209 0433 Alaska-slab2-v3                                                                  213.9875   59.8269 14.7
  1.358 0434 Alaska-slab2-v3                                                                  213.8667   59.8935 14.8
 92.264 0468 Alaska-slab2-v3                                                                  214.4693   59.2986  7.2
 66.697 0469 Alaska-slab2-v3                                                                  214.3377   59.3548  9.5
 43.600 0470 Alaska-slab2-v3                                                                  214.2120   59.4156 11.4
 26.679 0471 Alaska-slab2-v3                                                                  214.0899   59.4797 12.8
 15.069 0472 Alaska-slab2-v3                                                                  213.9667   59.5441 13.7
  7.905 0473 Alaska-slab2-v3                                                                  213.8427   59.6084 14.3
  3.952 0474 Alaska-slab2-v3                                                                  213.7181   59.6728 14.6
  2.100 0475 Alaska-slab2-v3                                                                  213.5930   59.7370 14.8
  1.112 0476 Alaska-slab2-v3                                                                  213.4673   59.8012 14.9
 92.264 0509 Alaska-slab2-v3                                                                  214.2376   59.1532  7.1
 69.446 0510 Alaska-slab2-v3                                                                  214.1024   59.2073  9.3
 47.372 0511 Alaska-slab2-v3                                                                  213.9719   59.2655 11.1
 30.879 0512 Alaska-slab2-v3                                                                  213.8453   59.3270 12.4
 19.098 0513 Alaska-slab2-v3                                                                  213.7176   59.3887 13.3
 11.409 0514 Alaska-slab2-v3                                                                  213.5892   59.4504 14.0
  6.573 0515 Alaska-slab2-v3                                                                  213.4601   59.5121 14.4
  3.720 0516 Alaska-slab2-v3                                                                  213.3304   59.5737 14.6
  1.984 0517 Alaska-slab2-v3                                                                  213.2003   59.6352 14.7
 92.264 0550 Alaska-slab2-v3                                                                  214.0194   59.0030  7.0
 74.033 0551 Alaska-slab2-v3                                                                  213.8813   59.0556  8.9
 53.640 0552 Alaska-slab2-v3                                                                  213.7467   59.1112 10.6
 37.573 0553 Alaska-slab2-v3                                                                  213.6158   59.1701 11.9
 25.584 0554 Alaska-slab2-v3                                                                  213.4846   59.2294 12.9
 16.809 0555 Alaska-slab2-v3                                                                  213.3527   59.2888 13.6
 10.753 0556 Alaska-slab2-v3                                                                  213.2201   59.3481 14.1
  6.427 0557 Alaska-slab2-v3                                                                  213.0869   59.4073 14.4
  3.090 0558 Alaska-slab2-v3                                                                  212.9532   59.4664 14.7
 92.264 0590 Alaska-slab2-v3                                                                  213.8124   58.8490  6.9
 76.136 0591 Alaska-slab2-v3                                                                  213.6725   58.9003  8.7
 56.633 0592 Alaska-slab2-v3                                                                  213.5347   58.9537 10.2
 40.631 0593 Alaska-slab2-v3                                                                  213.4001   59.0099 11.5
 28.004 0594 Alaska-slab2-v3                                                                  213.2660   59.0671 12.5
 18.128 0595 Alaska-slab2-v3                                                                  213.1312   59.1243 13.3
 10.502 0596 Alaska-slab2-v3                                                                  212.9957   59.1814 13.9
  4.751 0597 Alaska-slab2-v3                                                                  212.8597   59.2385 14.4
 92.264 0628 Alaska-slab2-v3                                                                  213.6139   58.6921  6.9
 77.879 0629 Alaska-slab2-v3                                                                  213.4727   58.7421  8.6
 58.905 0630 Alaska-slab2-v3                                                                  213.3324   58.7934 10.1
 43.032 0631 Alaska-slab2-v3                                                                  213.1942   58.8468 11.4
 30.135 0632 Alaska-slab2-v3                                                                  213.0564   58.9011 12.4
 19.842 0633 Alaska-slab2-v3                                                                  212.9178   58.9554 13.3
 11.657 0634 Alaska-slab2-v3                                                                  212.7787   59.0096 13.9
  5.208 0635 Alaska-slab2-v3                                                                  212.6390   59.0637 14.5
 92.264 0664 Alaska-slab2-v3                                                                  213.4216   58.5336  6.9
 77.164 0665 Alaska-slab2-v3                                                                  213.2794   58.5822  8.7
 57.565 0666 Alaska-slab2-v3                                                                  213.1372   58.6314 10.3
 41.417 0667 Alaska-slab2-v3                                                                  212.9951   58.6814 11.6
 28.597 0668 Alaska-slab2-v3                                                                  212.8525   58.7318 12.6
 18.490 0669 Alaska-slab2-v3                                                                  212.7092   58.7822 13.5
 10.724 0670 Alaska-slab2-v3                                                                  212.5653   58.8324 14.1
  4.684 0671 Alaska-slab2-v3                                                                  212.4209   58.8826 14.6
 92.264 0699 Alaska-slab2-v3                                                                  213.2312   58.3782  7.1
 71.107 0700 Alaska-slab2-v3                                                                  213.0897   58.4261  9.1
 49.700 0701 Alaska-slab2-v3                                                                  212.9473   58.4744 10.8
 32.799 0702 Alaska-slab2-v3                                                                  212.8039   58.5229 12.1
 20.155 0703 Alaska-slab2-v3                                                                  212.6595   58.5714 13.1
 10.891 0704 Alaska-slab2-v3                                                                  212.5144   58.6199 13.9
  4.507 0705 Alaska-slab2-v3                                                                  212.3686   58.6683 14.4
 92.264 0734 Alaska-slab2-v3                                                                  213.0391   58.2265  7.2
 67.011 0735 Alaska-slab2-v3                                                                  212.8990   58.2742  9.5
 44.053 0736 Alaska-slab2-v3                                                                  212.7582   58.3227 11.3
 26.928 0737 Alaska-slab2-v3                                                                  212.6163   58.3719 12.7
 15.015 0738 Alaska-slab2-v3                                                                  212.4734   58.4212 13.7
  7.197 0739 Alaska-slab2-v3                                                                  212.3297   58.4705 14.3
  2.606 0740 Alaska-slab2-v3                                                                  212.1853   58.5196 14.7
 92.264 0769 Alaska-slab2-v3                                                                  212.8435   58.0761  7.3
 66.519 0770 Alaska-slab2-v3                                                                  212.7037   58.1232  9.6
 43.237 0771 Alaska-slab2-v3                                                                  212.5640   58.1721 11.5
 26.238 0772 Alaska-slab2-v3                                                                  212.4241   58.2223 12.9
 14.659 0773 Alaska-slab2-v3                                                                  212.2830   58.2726 13.8
  7.391 0774 Alaska-slab2-v3                                                                  212.1411   58.3229 14.4
  3.326 0775 Alaska-slab2-v3                                                                  211.9987   58.3731 14.7
  1.232 0776 Alaska-slab2-v3                                                                  211.8558   58.4231 14.9
 92.264 0803 Alaska-slab2-v3                                                                  212.6419   57.9286  7.2
 69.027 0804 Alaska-slab2-v3                                                                  212.5018   57.9757  9.3
 46.844 0805 Alaska-slab2-v3                                                                  212.3630   58.0250 11.1
 30.114 0806 Alaska-slab2-v3                                                                  212.2250   58.0764 12.5
 18.217 0807 Alaska-slab2-v3                                                                  212.0860   58.1278 13.4
 10.410 0808 Alaska-slab2-v3                                                                  211.9461   58.1791 14.1
  5.329 0809 Alaska-slab2-v3                                                                  211.8057   58.2304 14.5
  2.355 0810 Alaska-slab2-v3                                                                  211.6649   58.2816 14.7
 92.264 0837 Alaska-slab2-v3                                                                  212.4328   57.7855  7.0
 72.982 0838 Alaska-slab2-v3                                                                  212.2938   57.8339  8.9
 52.632 0839 Alaska-slab2-v3                                                                  212.1557   57.8839 10.5
 36.554 0840 Alaska-slab2-v3                                                                  212.0188   57.9358 11.8
 24.369 0841 Alaska-slab2-v3                                                                  211.8814   57.9880 12.8
 15.451 0842 Alaska-slab2-v3                                                                  211.7432   58.0402 13.5
  8.919 0843 Alaska-slab2-v3                                                                  211.6045   58.0922 14.0
  4.145 0844 Alaska-slab2-v3                                                                  211.4652   58.1442 14.4
 92.264 0871 Alaska-slab2-v3                                                                  212.2148   57.6471  6.8
 80.020 0872 Alaska-slab2-v3                                                                  212.0783   57.6978  8.4
 62.210 0873 Alaska-slab2-v3                                                                  211.9416   57.7490  9.9
 47.245 0874 Alaska-slab2-v3                                                                  211.8053   57.8010 11.1
 35.248 0875 Alaska-slab2-v3                                                                  211.6687   57.8535 12.1
 25.725 0876 Alaska-slab2-v3                                                                  211.5314   57.9059 12.8
 18.057 0877 Alaska-slab2-v3                                                                  211.3937   57.9582 13.5
 11.502 0878 Alaska-slab2-v3                                                                  211.2554   58.0104 14.0
  5.813 0879 Alaska-slab2-v3                                                                  211.1167   58.0625 14.4
 92.264 0904 Alaska-slab2-v3                                                                  211.9868   57.5137  6.7
 83.966 0905 Alaska-slab2-v3                                                                  211.8526   57.5663  8.1
 67.866 0906 Alaska-slab2-v3                                                                  211.7178   57.6189  9.4
 53.748 0907 Alaska-slab2-v3                                                                  211.5824   57.6714 10.6
 41.612 0908 Alaska-slab2-v3                                                                  211.4462   57.7238 11.5
 31.333 0909 Alaska-slab2-v3                                                                  211.3094   57.7761 12.4
 22.540 0910 Alaska-slab2-v3                                                                  211.1721   57.8283 13.1
 14.614 0911 Alaska-slab2-v3                                                                  211.0343   57.8803 13.7
  7.183 0912 Alaska-slab2-v3                                                                  210.8961   57.9322 14.3
 92.264 0937 Alaska-slab2-v3                                                                  211.7476   57.3859  6.7
 82.755 0938 Alaska-slab2-v3                                                                  211.6147   57.4395  7.9
 67.206 0939 Alaska-slab2-v3                                                                  211.4814   57.4929  9.1
 52.942 0940 Alaska-slab2-v3                                                                  211.3469   57.5459 10.2
 40.221 0941 Alaska-slab2-v3                                                                  211.2112   57.5983 11.2
 28.784 0942 Alaska-slab2-v3                                                                  211.0747   57.6504 12.1
 18.504 0943 Alaska-slab2-v3                                                                  210.9378   57.7023 12.9
  8.995 0944 Alaska-slab2-v3                                                                  210.8003   57.7542 13.7
 92.264 0970 Alaska-slab2-v3                                                                  211.4967   57.2642  6.6
 84.559 0971 Alaska-slab2-v3                                                                  211.3640   57.3176  7.8
 69.532 0972 Alaska-slab2-v3                                                                  211.2308   57.3710  9.0
 55.396 0973 Alaska-slab2-v3                                                                  211.0969   57.4240 10.1
 42.534 0974 Alaska-slab2-v3                                                                  210.9619   57.4765 11.1
 30.691 0975 Alaska-slab2-v3                                                                  210.8263   57.5288 12.1
 19.739 0976 Alaska-slab2-v3                                                                  210.6901   57.5810 12.9
  9.551 0977 Alaska-slab2-v3                                                                  210.5535   57.6331 13.7
 74.964 1002 Alaska-slab2-v3                                                                  211.2352   57.1486  6.7
 67.603 1003 Alaska-slab2-v3                                                                  211.1013   57.2007  7.9
 54.953 1004 Alaska-slab2-v3                                                                  210.9669   57.2526  9.2
 43.340 1005 Alaska-slab2-v3                                                                  210.8334   57.3056 10.3
 32.972 1006 Alaska-slab2-v3                                                                  210.7011   57.3598 11.3
 23.744 1007 Alaska-slab2-v3                                                                  210.5684   57.4139 12.2
 15.242 1008 Alaska-slab2-v3                                                                  210.4353   57.4680 13.0
  7.465 1009 Alaska-slab2-v3                                                                  210.3017   57.5220 13.7
 57.665 1034 Alaska-slab2-v3                                                                  210.9648   57.0387  6.8
 51.587 1035 Alaska-slab2-v3                                                                  210.8281   57.0879  8.2
 41.378 1036 Alaska-slab2-v3                                                                  210.6921   57.1379  9.5
 32.573 1037 Alaska-slab2-v3                                                                  210.5617   57.1925 10.6
 25.248 1038 Alaska-slab2-v3                                                                  210.4359   57.2507 11.6
 19.170 1039 Alaska-slab2-v3                                                                  210.3097   57.3090 12.3
 13.949 1040 Alaska-slab2-v3                                                                  210.1830   57.3673 13.0
  9.195 1041 Alaska-slab2-v3                                                                  210.0559   57.4255 13.6
  4.676 1042 Alaska-slab2-v3                                                                  209.9283   57.4835 14.2
 40.365 1065 Alaska-slab2-v3                                                                  210.6874   56.9346  6.8
 35.478 1066 Alaska-slab2-v3                                                                  210.5480   56.9808  8.4
 27.972 1067 Alaska-slab2-v3                                                                  210.4119   57.0299  9.8
 21.870 1068 Alaska-slab2-v3                                                                  210.2868   57.0872 10.9
 17.226 1069 Alaska-slab2-v3                                                                  210.1685   57.1498 11.8
 13.608 1070 Alaska-slab2-v3                                                                  210.0496   57.2125 12.4
 10.800 1071 Alaska-slab2-v3                                                                  209.9302   57.2750 12.9
  8.370 1072 Alaska-slab2-v3                                                                  209.8103   57.3375 13.4
  5.994 1073 Alaska-slab2-v3                                                                  209.6901   57.3999 13.8
  3.294 1074 Alaska-slab2-v3                                                                  209.5694   57.4622 14.3
 23.066 1095 Alaska-slab2-v3                                                                  210.4074   56.8380  6.8
 19.780 1096 Alaska-slab2-v3                                                                  210.2708   56.8864  8.3
 15.557 1097 Alaska-slab2-v3                                                                  210.1362   56.9367  9.6
 12.128 1098 Alaska-slab2-v3                                                                  210.0128   56.9950 10.7
  9.588 1099 Alaska-slab2-v3                                                                  209.8978   57.0594 11.5
  7.683 1100 Alaska-slab2-v3                                                                  209.7823   57.1238 12.1
  6.191 1101 Alaska-slab2-v3                                                                  209.6663   57.1881 12.6
  4.921 1102 Alaska-slab2-v3                                                                  209.5498   57.2524 13.0
  3.619 1103 Alaska-slab2-v3                                                                  209.4329   57.3166 13.4
  2.064 1104 Alaska-slab2-v3                                                                  209.3157   57.3806 13.9
 23.066 1124 Alaska-slab2-v3                                                                  210.1278   56.7480  6.7
 20.842 1125 Alaska-slab2-v3                                                                  210.0014   56.8041  8.0
 17.125 1126 Alaska-slab2-v3                                                                  209.8744   56.8602  9.1
 13.979 1127 Alaska-slab2-v3                                                                  209.7519   56.9196 10.1
 11.501 1128 Alaska-slab2-v3                                                                  209.6341   56.9823 10.9
  9.563 1129 Alaska-slab2-v3                                                                  209.5161   57.0452 11.5
  7.911 1130 Alaska-slab2-v3                                                                  209.3976   57.1080 12.0
  6.386 1131 Alaska-slab2-v3                                                                  209.2787   57.1707 12.5
  4.702 1132 Alaska-slab2-v3                                                                  209.1594   57.2333 13.0
  2.637 1133 Alaska-slab2-v3                                                                  209.0398   57.2957 13.7
 23.066 1153 Alaska-slab2-v3                                                                  209.8466   56.6594  6.6
 21.110 1154 Alaska-slab2-v3                                                                  209.7304   56.7223  7.6
 17.789 1155 Alaska-slab2-v3                                                                  209.6138   56.7850  8.6
 14.764 1156 Alaska-slab2-v3                                                                  209.4968   56.8478  9.5
 12.100 1157 Alaska-slab2-v3                                                                  209.3777   56.9096 10.4
  9.799 1158 Alaska-slab2-v3                                                                  209.2553   56.9697 11.1
  7.595 1159 Alaska-slab2-v3                                                                  209.1314   57.0291 11.7
  5.392 1160 Alaska-slab2-v3                                                                  209.0072   57.0883 12.4
  2.926 1161 Alaska-slab2-v3                                                                  208.8826   57.1474 13.1
 23.066 1181 Alaska-slab2-v3                                                                  209.5620   56.5690  6.5
 23.066 1182 Alaska-slab2-v3                                                                  209.4493   56.6338  7.4
 20.270 1183 Alaska-slab2-v3                                                                  209.3362   56.6985  8.4
 17.427 1184 Alaska-slab2-v3                                                                  209.2227   56.7631  9.3
 14.708 1185 Alaska-slab2-v3                                                                  209.1047   56.8252 10.2
 12.020 1186 Alaska-slab2-v3                                                                  208.9805   56.8838 11.0
  9.331 1187 Alaska-slab2-v3                                                                  208.8540   56.9412 11.9
  6.489 1188 Alaska-slab2-v3                                                                  208.7273   56.9984 12.8
  3.430 1189 Alaska-slab2-v3                                                                  208.6002   57.0555 13.8
 23.066 1208 Alaska-slab2-v3                                                                  209.2769   56.4763  6.5
 22.537 1209 Alaska-slab2-v3                                                                  209.1633   56.5403  7.6
 19.273 1210 Alaska-slab2-v3                                                                  209.0493   56.6043  8.6
 16.072 1211 Alaska-slab2-v3                                                                  208.9339   56.6675  9.7
 12.932 1212 Alaska-slab2-v3                                                                  208.8140   56.7282 10.7
  9.823 1213 Alaska-slab2-v3                                                                  208.6901   56.7867 11.7
  6.652 1214 Alaska-slab2-v3                                                                  208.5650   56.8445 12.7
  3.419 1215 Alaska-slab2-v3                                                                  208.4395   56.9022 13.7
 23.066 1235 Alaska-slab2-v3                                                                  208.9945   56.3819  6.7
 20.563 1236 Alaska-slab2-v3                                                                  208.8802   56.4447  8.1
 16.406 1237 Alaska-slab2-v3                                                                  208.7647   56.5072  9.4
 12.659 1238 Alaska-slab2-v3                                                                  208.6463   56.5684 10.6
  9.258 1239 Alaska-slab2-v3                                                                  208.5248   56.6279 11.7
  6.109 1240 Alaska-slab2-v3                                                                  208.4020   56.6869 12.7
  3.054 1241 Alaska-slab2-v3                                                                  208.2787   56.7458 13.7
 23.066 1261 Alaska-slab2-v3                                                                  208.7142   56.2852  7.0
 17.666 1262 Alaska-slab2-v3                                                                  208.5983   56.3460  8.8
 12.540 1263 Alaska-slab2-v3                                                                  208.4812   56.4069 10.4
  8.446 1264 Alaska-slab2-v3                                                                  208.3622   56.4673 11.7
  5.190 1265 Alaska-slab2-v3                                                                  208.2418   56.5275 12.7
  2.482 1266 Alaska-slab2-v3                                                                  208.1208   56.5876 13.5
 23.066 1286 Alaska-slab2-v3                                                                  208.4356   56.1865  7.2
 16.289 1287 Alaska-slab2-v3                                                                  208.3171   56.2446  9.4
 10.690 1288 Alaska-slab2-v3                                                                  208.2000   56.3048 11.1
  6.681 1289 Alaska-slab2-v3                                                                  208.0836   56.3666 12.4
  3.850 1290 Alaska-slab2-v3                                                                  207.9663   56.4286 13.3
  1.782 1291 Alaska-slab2-v3                                                                  207.8484   56.4905 13.9
 23.066 1311 Alaska-slab2-v3                                                                  208.1595   56.0867  7.3
 16.601 1312 Alaska-slab2-v3                                                                  208.0398   56.1434  9.6
 11.016 1313 Alaska-slab2-v3                                                                  207.9244   56.2042 11.4
  7.128 1314 Alaska-slab2-v3                                                                  207.8116   56.2679 12.6
  4.598 1315 Alaska-slab2-v3                                                                  207.6980   56.3317 13.5
  2.870 1316 Alaska-slab2-v3                                                                  207.5837   56.3957 14.0
  1.512 1317 Alaska-slab2-v3                                                                  207.4690   56.4595 14.5
 23.066 1335 Alaska-slab2-v3                                                                  207.8868   55.9865  7.2
 16.580 1336 Alaska-slab2-v3                                                                  207.7667   56.0430  9.5
 11.043 1337 Alaska-slab2-v3                                                                  207.6526   56.1043 11.3
  7.155 1338 Alaska-slab2-v3                                                                  207.5425   56.1693 12.5
  4.573 1339 Alaska-slab2-v3                                                                  207.4315   56.2344 13.4
  2.831 1340 Alaska-slab2-v3                                                                  207.3199   56.2996 13.9
  1.493 1341 Alaska-slab2-v3                                                                  207.2079   56.3648 14.4
 23.066 1359 Alaska-slab2-v3                                                                  207.6171   55.8859  7.2
 17.167 1360 Alaska-slab2-v3                                                                  207.4972   55.9427  9.3
 11.798 1361 Alaska-slab2-v3                                                                  207.3835   56.0042 11.0
  7.928 1362 Alaska-slab2-v3                                                                  207.2747   56.0698 12.2
  5.212 1363 Alaska-slab2-v3                                                                  207.1652   56.1355 13.1
  3.309 1364 Alaska-slab2-v3                                                                  207.0551   56.2013 13.7
  1.717 1365 Alaska-slab2-v3                                                                  206.9445   56.2670 14.2
 23.066 1383 Alaska-slab2-v3                                                                  207.3500   55.7844  7.0
 17.958 1384 Alaska-slab2-v3                                                                  207.2316   55.8425  9.0
 12.849 1385 Alaska-slab2-v3                                                                  207.1181   55.9043 10.6
  8.994 1386 Alaska-slab2-v3                                                                  207.0097   55.9699 11.9
  6.143 1387 Alaska-slab2-v3                                                                  206.9012   56.0360 12.8
  3.949 1388 Alaska-slab2-v3                                                                  206.7921   56.1021 13.5
  2.006 1389 Alaska-slab2-v3                                                                  206.6826   56.1682 14.1
 23.066 1406 Alaska-slab2-v3                                                                  207.0854   55.6821  6.9
 18.618 1407 Alaska-slab2-v3                                                                  206.9698   55.7423  8.7
 13.789 1408 Alaska-slab2-v3                                                                  206.8571   55.8047 10.2
  9.976 1409 Alaska-slab2-v3                                                                  206.7489   55.8703 11.4
  6.958 1410 Alaska-slab2-v3                                                                  206.6420   55.9370 12.3
  4.512 1411 Alaska-slab2-v3                                                                  206.5345   56.0037 13.1
  2.288 1412 Alaska-slab2-v3                                                                  206.4266   56.0704 13.8
 23.066 1429 Alaska-slab2-v3                                                                  206.8228   55.5788  6.8
 20.445 1430 Alaska-slab2-v3                                                                  206.7109   55.6415  8.3
 16.220 1431 Alaska-slab2-v3                                                                  206.5997   55.7049  9.7
 12.643 1432 Alaska-slab2-v3                                                                  206.4925   55.7709 10.9
  9.714 1433 Alaska-slab2-v3                                                                  206.3880   55.8387 11.8
  7.216 1434 Alaska-slab2-v3                                                                  206.2831   55.9065 12.6
  4.934 1435 Alaska-slab2-v3                                                                  206.1777   55.9743 13.4
  2.590 1436 Alaska-slab2-v3                                                                  206.0720   56.0420 14.1
 23.066 1452 Alaska-slab2-v3                                                                  206.5623   55.4747  6.7
 20.592 1453 Alaska-slab2-v3                                                                  206.4544   55.5398  8.0
 16.697 1454 Alaska-slab2-v3                                                                  206.3461   55.6049  9.2
 13.217 1455 Alaska-slab2-v3                                                                  206.2403   55.6716 10.3
 10.248 1456 Alaska-slab2-v3                                                                  206.1377   55.7402 11.2
  7.598 1457 Alaska-slab2-v3                                                                  206.0354   55.8091 12.1
  5.140 1458 Alaska-slab2-v3                                                                  205.9326   55.8780 12.8
  2.650 1459 Alaska-slab2-v3                                                                  205.8296   55.9468 13.6
 23.066 1475 Alaska-slab2-v3                                                                  206.3037   55.3696  6.6
 22.291 1476 Alaska-slab2-v3                                                                  206.1998   55.4370  7.7
 18.974 1477 Alaska-slab2-v3                                                                  206.0955   55.5043  8.8
 15.904 1478 Alaska-slab2-v3                                                                  205.9916   55.5720  9.8
 13.083 1479 Alaska-slab2-v3                                                                  205.8897   55.6408 10.7
 10.479 1480 Alaska-slab2-v3                                                                  205.7890   55.7103 11.5
  7.999 1481 Alaska-slab2-v3                                                                  205.6879   55.7798 12.3
  5.518 1482 Alaska-slab2-v3                                                                  205.5864   55.8492 13.1
  2.883 1483 Alaska-slab2-v3                                                                  205.4847   55.9185 13.9
 23.066 1498 Alaska-slab2-v3                                                                  206.0464   55.2637  6.5
 22.492 1499 Alaska-slab2-v3                                                                  205.9463   55.3329  7.4
 19.557 1500 Alaska-slab2-v3                                                                  205.8458   55.4021  8.3
 16.717 1501 Alaska-slab2-v3                                                                  205.7450   55.4712  9.2
 13.942 1502 Alaska-slab2-v3                                                                  205.6444   55.5406 10.1
 11.294 1503 Alaska-slab2-v3                                                                  205.5441   55.6102 10.9
  8.678 1504 Alaska-slab2-v3                                                                  205.4433   55.6797 11.7
  5.966 1505 Alaska-slab2-v3                                                                  205.3421   55.7491 12.6
  3.127 1506 Alaska-slab2-v3                                                                  205.2407   55.8184 13.5
 23.066 1521 Alaska-slab2-v3                                                                  205.7905   55.1568  6.4
 22.607 1522 Alaska-slab2-v3                                                                  205.6936   55.2276  7.2
 20.047 1523 Alaska-slab2-v3                                                                  205.5963   55.2983  7.9
 17.455 1524 Alaska-slab2-v3                                                                  205.4988   55.3689  8.7
 14.863 1525 Alaska-slab2-v3                                                                  205.4008   55.4394  9.5
 12.206 1526 Alaska-slab2-v3                                                                  205.3016   55.5095 10.3
  9.482 1527 Alaska-slab2-v3                                                                  205.2007   55.5787 11.2
  6.562 1528 Alaska-slab2-v3                                                                  205.0989   55.6477 12.1
  3.445 1529 Alaska-slab2-v3                                                                  204.9969   55.7165 13.0
 23.066 1544 Alaska-slab2-v3                                                                  205.5445   55.0436  6.3
 23.000 1545 Alaska-slab2-v3                                                                  205.4491   55.1150  7.0
 20.667 1546 Alaska-slab2-v3                                                                  205.3538   55.1864  7.8
 18.236 1547 Alaska-slab2-v3                                                                  205.2584   55.2577  8.5
 15.706 1548 Alaska-slab2-v3                                                                  205.1624   55.3289  9.3
 13.012 1549 Alaska-slab2-v3                                                                  205.0641   55.3994 10.1
 10.120 1550 Alaska-slab2-v3                                                                  204.9633   55.4688 11.0
  6.999 1551 Alaska-slab2-v3                                                                  204.8619   55.5377 11.9
  3.647 1552 Alaska-slab2-v3                                                                  204.7602   55.6064 12.9
 23.066 1567 Alaska-slab2-v3                                                                  205.3062   54.9248  6.3
 23.066 1568 Alaska-slab2-v3                                                                  205.2114   54.9964  7.0
 21.267 1569 Alaska-slab2-v3                                                                  205.1163   55.0678  7.7
 18.858 1570 Alaska-slab2-v3                                                                  205.0209   55.1392  8.5
 16.288 1571 Alaska-slab2-v3                                                                  204.9251   55.2105  9.3
 13.428 1572 Alaska-slab2-v3                                                                  204.8280   55.2811 10.2
 10.344 1573 Alaska-slab2-v3                                                                  204.7290   55.3509 11.1
  7.035 1574 Alaska-slab2-v3                                                                  204.6291   55.4202 12.2
  3.566 1575 Alaska-slab2-v3                                                                  204.5289   55.4895 13.2
 23.066 1590 Alaska-slab2-v3                                                                  205.0642   54.8092  6.4
 23.066 1591 Alaska-slab2-v3                                                                  204.9702   54.8809  7.1
 21.522 1592 Alaska-slab2-v3                                                                  204.8759   54.9526  7.8
 19.064 1593 Alaska-slab2-v3                                                                  204.7814   55.0242  8.6
 16.386 1594 Alaska-slab2-v3                                                                  204.6865   55.0957  9.4
 13.424 1595 Alaska-slab2-v3                                                                  204.5900   55.1664 10.4
 10.241 1596 Alaska-slab2-v3                                                                  204.4918   55.2363 11.4
  6.869 1597 Alaska-slab2-v3                                                                  204.3930   55.3061 12.5
  3.435 1598 Alaska-slab2-v3                                                                  204.2939   55.3757 13.6
 23.066 1613 Alaska-slab2-v3                                                                  204.8147   54.6997  6.4
 23.066 1614 Alaska-slab2-v3                                                                  204.7219   54.7718  7.2
 21.296 1615 Alaska-slab2-v3                                                                  204.6288   54.8438  8.0
 18.658 1616 Alaska-slab2-v3                                                                  204.5354   54.9157  8.9
 15.864 1617 Alaska-slab2-v3                                                                  204.4412   54.9874  9.8
 12.883 1618 Alaska-slab2-v3                                                                  204.3449   55.0581 10.7
  9.748 1619 Alaska-slab2-v3                                                                  204.2470   55.1280 11.7
  6.488 1620 Alaska-slab2-v3                                                                  204.1487   55.1978 12.8
  3.229 1621 Alaska-slab2-v3                                                                  204.0501   55.2676 13.8
 23.066 1636 Alaska-slab2-v3                                                                  204.5543   54.5999  6.5
 21.883 1637 Alaska-slab2-v3                                                                  204.4627   54.6723  7.4
 18.860 1638 Alaska-slab2-v3                                                                  204.3707   54.7446  8.3
 15.804 1639 Alaska-slab2-v3                                                                  204.2784   54.8168  9.2
 12.716 1640 Alaska-slab2-v3                                                                  204.1843   54.8883 10.2
  9.594 1641 Alaska-slab2-v3                                                                  204.0877   54.9587 11.1
  6.407 1642 Alaska-slab2-v3                                                                  203.9900   55.0287 12.1
  3.220 1643 Alaska-slab2-v3                                                                  203.8920   55.0987 13.1
 23.066 1659 Alaska-slab2-v3                                                                  204.2824   54.5112  6.5
 21.494 1660 Alaska-slab2-v3                                                                  204.1912   54.5835  7.6
 18.122 1661 Alaska-slab2-v3                                                                  204.0996   54.6557  8.6
 14.880 1662 Alaska-slab2-v3                                                                  204.0074   54.7278  9.6
 11.768 1663 Alaska-slab2-v3                                                                  203.9128   54.7990 10.6
  8.753 1664 Alaska-slab2-v3                                                                  203.8162   54.8693 11.5
  5.835 1665 Alaska-slab2-v3                                                                  203.7191   54.9396 12.4
  2.918 1666 Alaska-slab2-v3                                                                  203.6216   55.0097 13.3
 23.066 1681 Alaska-slab2-v3                                                                  204.0016   54.4321  6.6
 21.294 1682 Alaska-slab2-v3                                                                  203.9099   54.5040  7.8
 17.687 1683 Alaska-slab2-v3                                                                  203.8178   54.5758  8.9
 14.302 1684 Alaska-slab2-v3                                                                  203.7246   54.6474 10.0
 11.206 1685 Alaska-slab2-v3                                                                  203.6297   54.7183 10.9
  8.364 1686 Alaska-slab2-v3                                                                  203.5336   54.7888 11.8
  5.587 1687 Alaska-slab2-v3                                                                  203.4371   54.8593 12.7
  2.841 1688 Alaska-slab2-v3                                                                  203.3403   54.9297 13.6
 23.066 1703 Alaska-slab2-v3                                                                  203.7153   54.3603  6.6
 21.422 1704 Alaska-slab2-v3                                                                  203.6229   54.4317  7.9
 17.726 1705 Alaska-slab2-v3                                                                  203.5301   54.5031  9.1
 14.344 1706 Alaska-slab2-v3                                                                  203.4363   54.5742 10.1
 11.275 1707 Alaska-slab2-v3                                                                  203.3410   54.6449 11.1
  8.487 1708 Alaska-slab2-v3                                                                  203.2450   54.7154 12.0
  5.763 1709 Alaska-slab2-v3                                                                  203.1487   54.7859 12.9
  2.975 1710 Alaska-slab2-v3                                                                  203.0520   54.8563 13.8
 23.066 1724 Alaska-slab2-v3                                                                  203.4260   54.2934  6.7
 20.010 1725 Alaska-slab2-v3                                                                  203.3330   54.3645  7.9
 16.002 1726 Alaska-slab2-v3                                                                  203.2397   54.4355  9.2
 12.387 1727 Alaska-slab2-v3                                                                  203.1452   54.5063 10.3
  9.167 1728 Alaska-slab2-v3                                                                  203.0494   54.5766 11.2
  6.144 1729 Alaska-slab2-v3                                                                  202.9530   54.6469 12.2
  3.187 1730 Alaska-slab2-v3                                                                  202.8563   54.7171 13.1
 23.066 1744 Alaska-slab2-v3                                                                  203.1346   54.2305  6.7
 20.425 1745 Alaska-slab2-v3                                                                  203.0409   54.3010  8.0
 16.423 1746 Alaska-slab2-v3                                                                  202.9467   54.3715  9.3
 12.838 1747 Alaska-slab2-v3                                                                  202.8513   54.4418 10.4
  9.636 1748 Alaska-slab2-v3                                                                  202.7548   54.5117 11.4
  6.627 1749 Alaska-slab2-v3                                                                  202.6578   54.5816 12.3
  3.490 1750 Alaska-slab2-v3                                                                  202.5605   54.6514 13.3
 23.066 1764 Alaska-slab2-v3                                                                  202.8416   54.1708  6.7
 21.053 1765 Alaska-slab2-v3                                                                  202.7468   54.2407  8.1
 17.029 1766 Alaska-slab2-v3                                                                  202.6515   54.3106  9.4
 13.468 1767 Alaska-slab2-v3                                                                  202.5552   54.3803 10.6
 10.248 1768 Alaska-slab2-v3                                                                  202.4578   54.4497 11.6
  7.152 1769 Alaska-slab2-v3                                                                  202.3600   54.5191 12.6
  3.808 1770 Alaska-slab2-v3                                                                  202.2619   54.5883 13.7
 23.066 1783 Alaska-slab2-v3                                                                  202.5474   54.1138  6.7
 19.410 1784 Alaska-slab2-v3                                                                  202.4519   54.1833  8.1
 15.049 1785 Alaska-slab2-v3                                                                  202.3560   54.2528  9.5
 11.082 1786 Alaska-slab2-v3                                                                  202.2587   54.3219 10.7
  7.476 1787 Alaska-slab2-v3                                                                  202.1601   54.3906 11.8
  3.869 1788 Alaska-slab2-v3                                                                  202.0612   54.4592 12.9
 23.066 1802 Alaska-slab2-v3                                                                  202.2527   54.0590  6.7
 19.995 1803 Alaska-slab2-v3                                                                  202.1571   54.1283  8.2
 15.644 1804 Alaska-slab2-v3                                                                  202.0608   54.1975  9.5
 11.645 1805 Alaska-slab2-v3                                                                  201.9626   54.2661 10.8
  7.902 1806 Alaska-slab2-v3                                                                  201.8628   54.3340 11.9
  4.095 1807 Alaska-slab2-v3                                                                  201.7627   54.4018 13.1
 23.066 1820 Alaska-slab2-v3                                                                  201.9577   54.0054  6.8
 20.385 1821 Alaska-slab2-v3                                                                  201.8617   54.0745  8.2
 16.057 1822 Alaska-slab2-v3                                                                  201.7650   54.1434  9.6
 12.043 1823 Alaska-slab2-v3                                                                  201.6662   54.2115 10.9
  8.217 1824 Alaska-slab2-v3                                                                  201.5657   54.2789 12.1
  4.328 1825 Alaska-slab2-v3                                                                  201.4649   54.3462 13.3
 23.032 1838 Alaska-slab2-v3                                                                  201.6623   53.9521  6.8
 17.793 1839 Alaska-slab2-v3                                                                  201.5647   54.0202  8.3
 12.928 1840 Alaska-slab2-v3                                                                  201.4665   54.0882  9.8
  8.539 1841 Alaska-slab2-v3                                                                  201.3671   54.1560 11.1
  4.355 1842 Alaska-slab2-v3                                                                  201.2668   54.2234 12.3
 23.066 1855 Alaska-slab2-v3                                                                  201.3664   53.8981  6.9
 17.804 1856 Alaska-slab2-v3                                                                  201.2655   53.9641  8.6
 12.774 1857 Alaska-slab2-v3                                                                  201.1650   54.0308 10.1
  8.439 1858 Alaska-slab2-v3                                                                  201.0653   54.0982 11.4
  4.368 1859 Alaska-slab2-v3                                                                  200.9656   54.1659 12.6
 23.066 1872 Alaska-slab2-v3                                                                  201.0706   53.8428  7.0
 17.809 1873 Alaska-slab2-v3                                                                  200.9652   53.9058  8.9
 12.616 1874 Alaska-slab2-v3                                                                  200.8627   53.9709 10.5
  8.315 1875 Alaska-slab2-v3                                                                  200.7636   54.0385 11.9
  4.333 1876 Alaska-slab2-v3                                                                  200.6643   54.1064 13.1
 21.982 1889 Alaska-slab2-v3                                                                  200.7756   53.7862  7.1
 14.869 1890 Alaska-slab2-v3                                                                  200.6664   53.8460  9.2
  8.976 1891 Alaska-slab2-v3                                                                  200.5628   53.9102 11.0
  4.268 1892 Alaska-slab2-v3                                                                  200.4644   53.9780 12.4
 22.257 1906 Alaska-slab2-v3                                                                  200.4822   53.7288  7.2
 14.761 1907 Alaska-slab2-v3                                                                  200.3709   53.7866  9.5
  8.784 1908 Alaska-slab2-v3                                                                  200.2675   53.8503 11.3
  4.161 1909 Alaska-slab2-v3                                                                  200.1695   53.9183 12.7
 22.247 1923 Alaska-slab2-v3                                                                  200.1907   53.6713  7.3
 14.547 1924 Alaska-slab2-v3                                                                  200.0792   53.7284  9.6
  8.551 1925 Alaska-slab2-v3                                                                  199.9768   53.7924 11.5
  4.030 1926 Alaska-slab2-v3                                                                  199.8801   53.8610 12.9
 22.077 1940 Alaska-slab2-v3                                                                  199.9012   53.6142  7.3
 14.334 1941 Alaska-slab2-v3                                                                  199.7909   53.6720  9.6
  8.337 1942 Alaska-slab2-v3                                                                  199.6904   53.7369 11.5
  3.921 1943 Alaska-slab2-v3                                                                  199.5958   53.8066 12.8
