  9.212 2470 Alaska-slab2-v3                                                                  189.8891   51.3750  8.4
  9.342 2849 Alaska-slab2-v3                                                                  182.1201   50.4400  8.5
  9.129 2863 Alaska-slab2-v3                                                                  181.8380   50.4414  8.3
  9.031 2877 Alaska-slab2-v3                                                                  181.5553   50.4465  8.2
  9.129 2891 Alaska-slab2-v3                                                                  181.2723   50.4553  8.3
  2.278 3350 Alaska-slab2-v3                                                                  170.8230   52.6053  8.5
  2.246 3364 Alaska-slab2-v3                                                                  170.5766   52.7064  8.4
  2.219 3378 Alaska-slab2-v3                                                                  170.3296   52.8082  8.3
  2.196 3393 Alaska-slab2-v3                                                                  170.0819   52.9101  8.1
  1.791 3427 Alaska-slab2-v3                                                                  169.4050   53.3152  8.8
  1.755 3436 Alaska-slab2-v3                                                                  169.1410   53.4303  8.7
  1.726 3445 Alaska-slab2-v3                                                                  168.8772   53.5452  8.6
  1.647 3454 Alaska-slab2-v3                                                                  168.6148   53.6597  8.4
  1.561 3463 Alaska-slab2-v3                                                                  168.3536   53.7742  8.2
  2.704 3473 Alaska-slab2-v3                                                                  168.0922   53.8895  8.1
  1.368 3474 Alaska-slab2-v3                                                                  168.1790   53.9633  8.9
  2.628 3483 Alaska-slab2-v3                                                                  167.8302   54.0058  8.1
  1.314 3484 Alaska-slab2-v3                                                                  167.9147   54.0806  8.9
  2.667 3494 Alaska-slab2-v3                                                                  167.5675   54.1229  8.1
  1.342 3495 Alaska-slab2-v3                                                                  167.6494   54.1988  8.9
  2.722 3505 Alaska-slab2-v3                                                                  167.3044   54.2406  8.1
  1.385 3506 Alaska-slab2-v3                                                                  167.3837   54.3175  8.9
  2.730 3517 Alaska-slab2-v3                                                                  167.0410   54.3585  8.1
  1.380 3518 Alaska-slab2-v3                                                                  167.1176   54.4364  9.0
  2.172 3529 Alaska-slab2-v3                                                                  166.7761   54.4767  8.2
  1.080 3530 Alaska-slab2-v3                                                                  166.8495   54.5557  9.1
  0.920 3541 Alaska-slab2-v3                                                                  166.5086   54.5954  8.4
  0.651 3553 Alaska-slab2-v3                                                                  166.2376   54.7142  8.8
  0.425 3564 Alaska-slab2-v3                                                                  165.9035   54.7504  8.1
