  6.545 2160 Alaska-slab2-v3                                                                  195.9164   52.7538  8.8
  2.104 2161 Alaska-slab2-v3                                                                  195.8277   52.8066 13.0
  0.349 2162 Alaska-slab2-v3                                                                  195.7503   52.8815 14.6
  6.652 2175 Alaska-slab2-v3                                                                  195.6419   52.6846  8.7
  2.377 2176 Alaska-slab2-v3                                                                  195.5535   52.7408 12.7
  0.562 2177 Alaska-slab2-v3                                                                  195.4769   52.8160 14.4
  6.818 2190 Alaska-slab2-v3                                                                  195.3701   52.6129  8.4
  2.783 2191 Alaska-slab2-v3                                                                  195.2821   52.6730 12.2
  0.846 2192 Alaska-slab2-v3                                                                  195.2065   52.7485 14.0
  6.946 2205 Alaska-slab2-v3                                                                  195.1009   52.5389  8.2
  3.168 2206 Alaska-slab2-v3                                                                  195.0141   52.6025 11.6
  1.100 2207 Alaska-slab2-v3                                                                  194.9402   52.6785 13.5
  6.996 2220 Alaska-slab2-v3                                                                  194.8340   52.4634  7.9
  3.431 2221 Alaska-slab2-v3                                                                  194.7491   52.5299 11.1
  1.281 2222 Alaska-slab2-v3                                                                  194.6767   52.6063 13.1
  6.955 2235 Alaska-slab2-v3                                                                  194.5680   52.3876  7.8
  3.540 2236 Alaska-slab2-v3                                                                  194.4852   52.4562 10.8
  1.359 2237 Alaska-slab2-v3                                                                  194.4138   52.5328 12.7
  7.581 2250 Alaska-slab2-v3                                                                  194.3010   52.3122  7.7
  4.506 2251 Alaska-slab2-v3                                                                  194.2199   52.3821 10.5
  2.473 2252 Alaska-slab2-v3                                                                  194.1497   52.4592 12.4
  1.183 2253 Alaska-slab2-v3                                                                  194.0814   52.5384 13.6
  7.523 2265 Alaska-slab2-v3                                                                  194.0320   52.2386  7.6
  4.474 2266 Alaska-slab2-v3                                                                  193.9525   52.3094 10.4
  2.428 2267 Alaska-slab2-v3                                                                  193.8835   52.3869 12.3
  1.143 2268 Alaska-slab2-v3                                                                  193.8169   52.4665 13.5
  7.494 2279 Alaska-slab2-v3                                                                  193.7606   52.1681  7.6
  4.424 2280 Alaska-slab2-v3                                                                  193.6826   52.2395 10.4
  2.381 2281 Alaska-slab2-v3                                                                  193.6149   52.3174 12.3
  1.114 2282 Alaska-slab2-v3                                                                  193.5495   52.3974 13.5
  7.484 2293 Alaska-slab2-v3                                                                  193.4869   52.1014  7.7
  4.390 2294 Alaska-slab2-v3                                                                  193.4102   52.1732 10.5
  2.342 2295 Alaska-slab2-v3                                                                  193.3439   52.2515 12.4
  1.089 2296 Alaska-slab2-v3                                                                  193.2795   52.3318 13.5
  7.508 2307 Alaska-slab2-v3                                                                  193.2114   52.0382  7.7
  4.388 2308 Alaska-slab2-v3                                                                  193.1360   52.1104 10.6
  2.351 2309 Alaska-slab2-v3                                                                  193.0709   52.1890 12.4
  1.116 2310 Alaska-slab2-v3                                                                  193.0074   52.2696 13.6
  7.531 2321 Alaska-slab2-v3                                                                  192.9351   51.9779  7.7
  4.447 2322 Alaska-slab2-v3                                                                  192.8611   52.0507 10.5
  2.413 2323 Alaska-slab2-v3                                                                  192.7969   52.1296 12.4
  1.158 2324 Alaska-slab2-v3                                                                  192.7344   52.2105 13.6
  7.538 2335 Alaska-slab2-v3                                                                  192.6588   51.9199  7.6
  4.545 2336 Alaska-slab2-v3                                                                  192.5868   51.9938 10.3
  2.524 2337 Alaska-slab2-v3                                                                  192.5234   52.0730 12.2
  1.213 2338 Alaska-slab2-v3                                                                  192.4622   52.1542 13.4
  7.506 2349 Alaska-slab2-v3                                                                  192.3835   51.8632  7.4
  4.671 2350 Alaska-slab2-v3                                                                  192.3141   51.9389 10.0
  2.655 2351 Alaska-slab2-v3                                                                  192.2517   52.0185 11.8
  1.277 2352 Alaska-slab2-v3                                                                  192.1922   52.1001 13.0
  7.445 2363 Alaska-slab2-v3                                                                  192.1090   51.8066  7.2
  4.836 2364 Alaska-slab2-v3                                                                  192.0433   51.8843  9.5
  2.841 2365 Alaska-slab2-v3                                                                  191.9823   51.9645 11.2
  1.357 2366 Alaska-slab2-v3                                                                  191.9245   52.0465 12.5
  7.920 2377 Alaska-slab2-v3                                                                  191.8351   51.7486  7.1
  6.038 2378 Alaska-slab2-v3                                                                  191.7736   51.8283  9.0
  4.265 2379 Alaska-slab2-v3                                                                  191.7145   51.9093 10.6
  2.829 2380 Alaska-slab2-v3                                                                  191.6577   51.9915 12.0
  1.512 2381 Alaska-slab2-v3                                                                  191.6008   52.0738 13.2
  7.920 2391 Alaska-slab2-v3                                                                  191.5618   51.6883  6.9
  6.202 2392 Alaska-slab2-v3                                                                  191.5042   51.7695  8.6
  4.478 2393 Alaska-slab2-v3                                                                  191.4470   51.8512 10.1
  2.978 2394 Alaska-slab2-v3                                                                  191.3907   51.9335 11.5
  1.545 2395 Alaska-slab2-v3                                                                  191.3344   52.0158 12.8
  7.920 2404 Alaska-slab2-v3                                                                  191.2896   51.6250  6.8
  6.338 2405 Alaska-slab2-v3                                                                  191.2343   51.7071  8.3
  4.682 2406 Alaska-slab2-v3                                                                  191.1788   51.7894  9.8
  3.141 2407 Alaska-slab2-v3                                                                  191.1231   51.8718 11.1
  1.633 2408 Alaska-slab2-v3                                                                  191.0673   51.9542 12.4
  7.920 2417 Alaska-slab2-v3                                                                  191.0187   51.5590  6.7
  6.366 2418 Alaska-slab2-v3                                                                  190.9645   51.6415  8.2
  4.766 2419 Alaska-slab2-v3                                                                  190.9099   51.7241  9.6
  3.235 2420 Alaska-slab2-v3                                                                  190.8552   51.8068 10.9
  1.693 2421 Alaska-slab2-v3                                                                  190.8003   51.8894 12.2
  7.920 2430 Alaska-slab2-v3                                                                  190.7489   51.4914  6.7
  6.334 2431 Alaska-slab2-v3                                                                  190.6952   51.5741  8.1
  4.765 2432 Alaska-slab2-v3                                                                  190.6413   51.6569  9.5
  3.255 2433 Alaska-slab2-v3                                                                  190.5875   51.7398 10.8
  1.721 2434 Alaska-slab2-v3                                                                  190.5337   51.8227 12.1
  7.920 2443 Alaska-slab2-v3                                                                  190.4797   51.4236  6.7
  6.317 2444 Alaska-slab2-v3                                                                  190.4265   51.5064  8.1
  4.726 2445 Alaska-slab2-v3                                                                  190.3732   51.5893  9.5
  3.229 2446 Alaska-slab2-v3                                                                  190.3203   51.6724 10.8
  1.720 2447 Alaska-slab2-v3                                                                  190.2676   51.7556 12.1
 13.860 2456 Alaska-slab2-v3                                                                  190.2103   51.3567  6.8
 11.040 2457 Alaska-slab2-v3                                                                  190.1579   51.4396  8.2
  8.209 2458 Alaska-slab2-v3                                                                  190.1055   51.5226  9.6
  5.580 2459 Alaska-slab2-v3                                                                  190.0536   51.6059 10.9
  2.952 2460 Alaska-slab2-v3                                                                  190.0020   51.6893 12.2
 19.800 2469 Alaska-slab2-v3                                                                  189.9402   51.2920  6.8
 15.829 2470 Alaska-slab2-v3                                                                  189.8891   51.3750  8.4
 11.660 2471 Alaska-slab2-v3                                                                  189.8380   51.4582  9.9
  7.886 2472 Alaska-slab2-v3                                                                  189.7873   51.5417 11.3
  4.168 2473 Alaska-slab2-v3                                                                  189.7369   51.6254 12.6
 25.740 2482 Alaska-slab2-v3                                                                  189.6688   51.2307  6.9
 20.564 2483 Alaska-slab2-v3                                                                  189.6196   51.3137  8.8
 14.911 2484 Alaska-slab2-v3                                                                  189.5703   51.3972 10.4
 10.035 2485 Alaska-slab2-v3                                                                  189.5211   51.4810 11.7
  5.335 2486 Alaska-slab2-v3                                                                  189.4718   51.5649 13.1
 30.265 2495 Alaska-slab2-v3                                                                  189.3958   51.1735  7.1
 20.517 2496 Alaska-slab2-v3                                                                  189.3493   51.2566  9.2
 12.579 2497 Alaska-slab2-v3                                                                  189.3020   51.3403 10.9
  6.174 2498 Alaska-slab2-v3                                                                  189.2542   51.4244 12.3
 30.663 2508 Alaska-slab2-v3                                                                  189.1215   51.1204  7.4
 19.734 2509 Alaska-slab2-v3                                                                  189.0781   51.2032  9.9
 11.681 2510 Alaska-slab2-v3                                                                  189.0329   51.2871 11.7
  5.796 2511 Alaska-slab2-v3                                                                  188.9866   51.3716 13.0
 27.683 2521 Alaska-slab2-v3                                                                  188.8463   51.0704  7.7
 14.234 2522 Alaska-slab2-v3                                                                  188.8060   51.1527 10.6
  5.592 2523 Alaska-slab2-v3                                                                  188.7626   51.2368 12.5
 27.629 2534 Alaska-slab2-v3                                                                  188.5701   51.0230  8.1
 12.929 2535 Alaska-slab2-v3                                                                  188.5329   51.1043 11.4
  4.693 2536 Alaska-slab2-v3                                                                  188.4913   51.1887 13.2
 27.462 2546 Alaska-slab2-v3                                                                  188.2929   50.9776  8.3
 11.751 2547 Alaska-slab2-v3                                                                  188.2584   51.0580 12.0
  3.960 2548 Alaska-slab2-v3                                                                  188.2186   51.1427 13.8
 27.373 2558 Alaska-slab2-v3                                                                  188.0151   50.9341  8.5
 11.289 2559 Alaska-slab2-v3                                                                  187.9829   51.0142 12.3
  3.819 2560 Alaska-slab2-v3                                                                  187.9448   51.0992 14.0
 27.686 2570 Alaska-slab2-v3                                                                  187.7371   50.8920  8.4
 11.878 2571 Alaska-slab2-v3                                                                  187.7070   50.9726 12.2
  4.354 2572 Alaska-slab2-v3                                                                  187.6702   51.0578 14.0
 28.307 2582 Alaska-slab2-v3                                                                  187.4593   50.8505  8.3
 13.241 2583 Alaska-slab2-v3                                                                  187.4311   50.9322 11.8
  5.262 2584 Alaska-slab2-v3                                                                  187.3957   51.0176 13.7
 28.933 2594 Alaska-slab2-v3                                                                  187.1815   50.8091  8.0
 14.810 2595 Alaska-slab2-v3                                                                  187.1553   50.8921 11.3
  6.182 2596 Alaska-slab2-v3                                                                  187.1217   50.9776 13.3
 29.338 2606 Alaska-slab2-v3                                                                  186.9034   50.7677  7.8
 16.070 2607 Alaska-slab2-v3                                                                  186.8792   50.8520 10.8
  6.875 2608 Alaska-slab2-v3                                                                  186.8480   50.9377 12.9
 29.243 2618 Alaska-slab2-v3                                                                  186.6250   50.7270  7.6
 16.788 2619 Alaska-slab2-v3                                                                  186.6029   50.8123 10.3
  7.311 2620 Alaska-slab2-v3                                                                  186.5747   50.8985 12.4
 31.680 2631 Alaska-slab2-v3                                                                  186.3462   50.6875  7.4
 21.304 2632 Alaska-slab2-v3                                                                  186.3261   50.7736  9.9
 12.875 2633 Alaska-slab2-v3                                                                  186.3013   50.8604 11.9
  6.226 2634 Alaska-slab2-v3                                                                  186.2741   50.9477 13.5
 30.878 2644 Alaska-slab2-v3                                                                  186.0671   50.6497  7.3
 20.363 2645 Alaska-slab2-v3                                                                  186.0487   50.7365  9.6
 12.120 2646 Alaska-slab2-v3                                                                  186.0271   50.8239 11.5
  5.837 2647 Alaska-slab2-v3                                                                  186.0035   50.9118 12.9
 31.680 2657 Alaska-slab2-v3                                                                  185.7873   50.6143  7.2
 23.060 2658 Alaska-slab2-v3                                                                  185.7703   50.7014  9.5
 15.713 2659 Alaska-slab2-v3                                                                  185.7512   50.7892 11.2
 10.362 2660 Alaska-slab2-v3                                                                  185.7307   50.8777 12.5
  5.648 2661 Alaska-slab2-v3                                                                  185.7100   50.9662 13.6
 31.526 2671 Alaska-slab2-v3                                                                  185.5072   50.5812  7.2
 21.782 2672 Alaska-slab2-v3                                                                  185.4912   50.6685  9.4
 14.374 2673 Alaska-slab2-v3                                                                  185.4736   50.7566 11.1
  9.259 2674 Alaska-slab2-v3                                                                  185.4549   50.8453 12.3
  5.027 2675 Alaska-slab2-v3                                                                  185.4362   50.9342 13.2
 31.213 2685 Alaska-slab2-v3                                                                  185.2267   50.5503  7.2
 21.373 2686 Alaska-slab2-v3                                                                  185.2117   50.6377  9.4
 13.892 2687 Alaska-slab2-v3                                                                  185.1952   50.7258 11.1
  8.727 2688 Alaska-slab2-v3                                                                  185.1776   50.8146 12.3
  4.586 2689 Alaska-slab2-v3                                                                  185.1598   50.9036 13.2
 31.636 2700 Alaska-slab2-v3                                                                  184.9459   50.5211  7.2
 21.868 2701 Alaska-slab2-v3                                                                  184.9321   50.6085  9.4
 14.256 2702 Alaska-slab2-v3                                                                  184.9167   50.6967 11.2
  8.756 2703 Alaska-slab2-v3                                                                  184.9002   50.7854 12.4
  4.400 2704 Alaska-slab2-v3                                                                  184.8836   50.8745 13.4
 31.680 2715 Alaska-slab2-v3                                                                  184.6650   50.4933  7.2
 22.536 2716 Alaska-slab2-v3                                                                  184.6522   50.5808  9.4
 14.822 2717 Alaska-slab2-v3                                                                  184.6381   50.6690 11.2
  9.058 2718 Alaska-slab2-v3                                                                  184.6230   50.7578 12.5
  4.421 2719 Alaska-slab2-v3                                                                  184.6078   50.8468 13.6
 31.680 2730 Alaska-slab2-v3                                                                  184.3837   50.4670  7.2
 22.942 2731 Alaska-slab2-v3                                                                  184.3720   50.5546  9.4
 15.238 2732 Alaska-slab2-v3                                                                  184.3591   50.6428 11.2
  9.298 2733 Alaska-slab2-v3                                                                  184.3452   50.7316 12.6
  4.520 2734 Alaska-slab2-v3                                                                  184.3312   50.8207 13.7
 31.680 2745 Alaska-slab2-v3                                                                  184.1023   50.4426  7.2
 22.966 2746 Alaska-slab2-v3                                                                  184.0914   50.5302  9.3
 15.310 2747 Alaska-slab2-v3                                                                  184.0794   50.6186 11.1
  9.428 2748 Alaska-slab2-v3                                                                  184.0666   50.7074 12.5
  4.628 2749 Alaska-slab2-v3                                                                  184.0536   50.7966 13.6
 31.680 2760 Alaska-slab2-v3                                                                  183.8205   50.4203  7.2
 22.710 2761 Alaska-slab2-v3                                                                  183.8105   50.5081  9.3
 15.184 2762 Alaska-slab2-v3                                                                  183.7994   50.5965 11.0
  9.452 2763 Alaska-slab2-v3                                                                  183.7875   50.6855 12.3
  4.770 2764 Alaska-slab2-v3                                                                  183.7755   50.7748 13.4
 31.680 2775 Alaska-slab2-v3                                                                  183.5384   50.4006  7.1
 22.436 2776 Alaska-slab2-v3                                                                  183.5292   50.4885  9.2
 14.987 2777 Alaska-slab2-v3                                                                  183.5191   50.5771 10.9
  9.444 2778 Alaska-slab2-v3                                                                  183.5081   50.6662 12.2
  4.833 2779 Alaska-slab2-v3                                                                  183.4970   50.7555 13.2
 31.613 2790 Alaska-slab2-v3                                                                  183.2559   50.3839  7.1
 22.460 2791 Alaska-slab2-v3                                                                  183.2476   50.4719  9.2
 15.092 2792 Alaska-slab2-v3                                                                  183.2383   50.5605 10.8
  9.555 2793 Alaska-slab2-v3                                                                  183.2282   50.6497 12.1
  4.956 2794 Alaska-slab2-v3                                                                  183.2180   50.7391 13.1
 31.680 2805 Alaska-slab2-v3                                                                  182.9730   50.3703  7.1
 22.878 2806 Alaska-slab2-v3                                                                  182.9656   50.4585  9.1
 15.550 2807 Alaska-slab2-v3                                                                  182.9573   50.5472 10.7
  9.920 2808 Alaska-slab2-v3                                                                  182.9481   50.6364 12.0
  5.094 2809 Alaska-slab2-v3                                                                  182.9388   50.7258 13.0
 31.680 2820 Alaska-slab2-v3                                                                  182.6899   50.3603  7.0
 23.604 2821 Alaska-slab2-v3                                                                  182.6836   50.4486  8.9
 16.376 2822 Alaska-slab2-v3                                                                  182.6763   50.5374 10.5
 10.530 2823 Alaska-slab2-v3                                                                  182.6679   50.6266 11.8
  5.354 2824 Alaska-slab2-v3                                                                  182.6593   50.7159 13.0
 25.740 2834 Alaska-slab2-v3                                                                  182.4069   50.3538  6.9
 19.828 2835 Alaska-slab2-v3                                                                  182.4019   50.4425  8.7
 14.116 2836 Alaska-slab2-v3                                                                  182.3958   50.5313 10.3
  9.168 2837 Alaska-slab2-v3                                                                  182.3882   50.6205 11.6
  4.657 2838 Alaska-slab2-v3                                                                  182.3801   50.7097 12.9
 19.800 2848 Alaska-slab2-v3                                                                  182.1236   50.3512  6.8
 15.676 2849 Alaska-slab2-v3                                                                  182.1201   50.4400  8.5
 11.411 2850 Alaska-slab2-v3                                                                  182.1156   50.5291 10.0
  7.570 2851 Alaska-slab2-v3                                                                  182.1090   50.6182 11.3
  3.870 2852 Alaska-slab2-v3                                                                  182.1013   50.7074 12.6
 13.860 2862 Alaska-slab2-v3                                                                  181.8402   50.3523  6.8
 11.144 2863 Alaska-slab2-v3                                                                  181.8380   50.4414  8.3
  8.268 2864 Alaska-slab2-v3                                                                  181.8349   50.5305  9.7
  5.572 2865 Alaska-slab2-v3                                                                  181.8294   50.6197 11.1
  2.916 2866 Alaska-slab2-v3                                                                  181.8222   50.7089 12.4
  7.920 2876 Alaska-slab2-v3                                                                  181.5568   50.3573  6.8
  6.428 2877 Alaska-slab2-v3                                                                  181.5553   50.4465  8.2
  4.815 2878 Alaska-slab2-v3                                                                  181.5532   50.5356  9.6
  3.282 2879 Alaska-slab2-v3                                                                  181.5486   50.6249 11.0
  1.738 2880 Alaska-slab2-v3                                                                  181.5422   50.7140 12.3
  7.920 2890 Alaska-slab2-v3                                                                  181.2734   50.3663  6.8
  6.489 2891 Alaska-slab2-v3                                                                  181.2723   50.4553  8.3
  4.867 2892 Alaska-slab2-v3                                                                  181.2705   50.5445  9.7
  3.335 2893 Alaska-slab2-v3                                                                  181.2666   50.6337 11.1
  1.780 2894 Alaska-slab2-v3                                                                  181.2612   50.7229 12.5
  7.920 2903 Alaska-slab2-v3                                                                  180.9901   50.3788  6.8
  6.548 2904 Alaska-slab2-v3                                                                  180.9893   50.4677  8.5
  4.876 2905 Alaska-slab2-v3                                                                  180.9876   50.5567 10.0
  3.334 2906 Alaska-slab2-v3                                                                  180.9842   50.6459 11.4
  1.782 2907 Alaska-slab2-v3                                                                  180.9801   50.7350 12.9
  7.920 2916 Alaska-slab2-v3                                                                  180.7071   50.3941  7.0
  6.562 2917 Alaska-slab2-v3                                                                  180.7065   50.4827  8.8
  4.829 2918 Alaska-slab2-v3                                                                  180.7050   50.5716 10.4
  3.297 2919 Alaska-slab2-v3                                                                  180.7024   50.6607 11.9
  1.775 2920 Alaska-slab2-v3                                                                  180.6995   50.7498 13.3
  7.659 2929 Alaska-slab2-v3                                                                  180.4242   50.4111  7.1
  5.342 2930 Alaska-slab2-v3                                                                  180.4238   50.4994  9.1
  3.372 2931 Alaska-slab2-v3                                                                  180.4228   50.5882 10.8
  1.692 2932 Alaska-slab2-v3                                                                  180.4212   50.6773 12.2
  7.675 2941 Alaska-slab2-v3                                                                  180.1415   50.4289  7.2
  5.253 2942 Alaska-slab2-v3                                                                  180.1413   50.5169  9.3
  3.289 2943 Alaska-slab2-v3                                                                  180.1410   50.6056 11.0
  1.679 2944 Alaska-slab2-v3                                                                  180.1405   50.6948 12.4
  7.700 2953 Alaska-slab2-v3                                                                  179.8580   50.4435  7.2
  5.205 2954 Alaska-slab2-v3                                                                  179.8595   50.5313  9.4
  3.229 2955 Alaska-slab2-v3                                                                  179.8612   50.6200 11.2
  1.648 2956 Alaska-slab2-v3                                                                  179.8629   50.7092 12.6
  7.742 2965 Alaska-slab2-v3                                                                  179.5742   50.4554  7.3
  5.176 2966 Alaska-slab2-v3                                                                  179.5790   50.5430  9.6
  3.168 2967 Alaska-slab2-v3                                                                  179.5835   50.6316 11.4
  1.595 2968 Alaska-slab2-v3                                                                  179.5878   50.7207 12.8
  7.754 2977 Alaska-slab2-v3                                                                  179.2909   50.4705  7.3
  5.155 2978 Alaska-slab2-v3                                                                  179.2990   50.5579  9.7
  3.141 2979 Alaska-slab2-v3                                                                  179.3064   50.6463 11.5
  1.571 2980 Alaska-slab2-v3                                                                  179.3134   50.7354 12.9
  7.777 2989 Alaska-slab2-v3                                                                  179.0086   50.4908  7.3
  5.141 2990 Alaska-slab2-v3                                                                  179.0199   50.5780  9.7
  3.142 2991 Alaska-slab2-v3                                                                  179.0302   50.6663 11.6
  1.604 2992 Alaska-slab2-v3                                                                  179.0398   50.7553 13.0
  7.800 3001 Alaska-slab2-v3                                                                  178.7273   50.5171  7.4
  5.145 3002 Alaska-slab2-v3                                                                  178.7420   50.6040  9.8
  3.168 3003 Alaska-slab2-v3                                                                  178.7552   50.6922 11.6
  1.639 3004 Alaska-slab2-v3                                                                  178.7674   50.7810 13.0
  7.833 3013 Alaska-slab2-v3                                                                  178.4471   50.5488  7.4
  5.193 3014 Alaska-slab2-v3                                                                  178.4654   50.6353  9.8
  3.227 3015 Alaska-slab2-v3                                                                  178.4815   50.7233 11.6
  1.695 3016 Alaska-slab2-v3                                                                  178.4964   50.8120 13.0
  7.866 3024 Alaska-slab2-v3                                                                  178.1681   50.5848  7.4
  5.255 3025 Alaska-slab2-v3                                                                  178.1902   50.6710  9.8
  3.294 3026 Alaska-slab2-v3                                                                  178.2094   50.7588 11.6
  1.755 3027 Alaska-slab2-v3                                                                  178.2269   50.8472 13.0
  7.904 3035 Alaska-slab2-v3                                                                  177.8902   50.6244  7.3
  5.345 3036 Alaska-slab2-v3                                                                  177.9160   50.7103  9.7
  3.383 3037 Alaska-slab2-v3                                                                  177.9384   50.7977 11.5
  1.811 3038 Alaska-slab2-v3                                                                  177.9585   50.8859 12.9
  7.920 3046 Alaska-slab2-v3                                                                  177.6130   50.6669  7.3
  5.429 3047 Alaska-slab2-v3                                                                  177.6429   50.7524  9.6
  3.478 3048 Alaska-slab2-v3                                                                  177.6686   50.8395 11.3
  1.853 3049 Alaska-slab2-v3                                                                  177.6915   50.9274 12.8
  7.909 3057 Alaska-slab2-v3                                                                  177.3364   50.7120  7.2
  5.497 3058 Alaska-slab2-v3                                                                  177.3704   50.7972  9.4
  3.547 3059 Alaska-slab2-v3                                                                  177.3997   50.8839 11.2
  1.884 3060 Alaska-slab2-v3                                                                  177.4254   50.9714 12.7
  7.881 3068 Alaska-slab2-v3                                                                  177.0605   50.7598  7.1
  5.537 3069 Alaska-slab2-v3                                                                  177.0983   50.8445  9.2
  3.594 3070 Alaska-slab2-v3                                                                  177.1313   50.9307 11.0
  1.909 3071 Alaska-slab2-v3                                                                  177.1599   51.0179 12.5
  7.824 3079 Alaska-slab2-v3                                                                  176.7853   50.8099  7.1
  5.540 3080 Alaska-slab2-v3                                                                  176.8266   50.8941  9.1
  3.607 3081 Alaska-slab2-v3                                                                  176.8631   50.9798 10.8
  1.899 3082 Alaska-slab2-v3                                                                  176.8947   51.0666 12.3
  7.812 3090 Alaska-slab2-v3                                                                  176.5107   50.8622  7.1
  5.561 3091 Alaska-slab2-v3                                                                  176.5551   50.9460  9.0
  3.616 3092 Alaska-slab2-v3                                                                  176.5947   51.0311 10.8
  1.899 3093 Alaska-slab2-v3                                                                  176.6293   51.1174 12.3
  7.858 3102 Alaska-slab2-v3                                                                  176.2368   50.9166  7.0
  5.613 3103 Alaska-slab2-v3                                                                  176.2839   50.9998  9.0
  3.662 3104 Alaska-slab2-v3                                                                  176.3264   51.0844 10.7
  1.905 3105 Alaska-slab2-v3                                                                  176.3640   51.1702 12.3
