  1.299 1765 Alaska-slab2-v3                                                                  202.7468   54.2407  8.1
  1.051 1766 Alaska-slab2-v3                                                                  202.6515   54.3106  9.4
  0.831 1767 Alaska-slab2-v3                                                                  202.5552   54.3803 10.6
  0.632 1768 Alaska-slab2-v3                                                                  202.4578   54.4497 11.6
  0.441 1769 Alaska-slab2-v3                                                                  202.3600   54.5191 12.6
  0.235 1770 Alaska-slab2-v3                                                                  202.2619   54.5883 13.7
  1.198 1784 Alaska-slab2-v3                                                                  202.4519   54.1833  8.1
  0.929 1785 Alaska-slab2-v3                                                                  202.3560   54.2528  9.5
  0.684 1786 Alaska-slab2-v3                                                                  202.2587   54.3219 10.7
  0.461 1787 Alaska-slab2-v3                                                                  202.1601   54.3906 11.8
  0.239 1788 Alaska-slab2-v3                                                                  202.0612   54.4592 12.9
  1.234 1803 Alaska-slab2-v3                                                                  202.1571   54.1283  8.2
  0.965 1804 Alaska-slab2-v3                                                                  202.0608   54.1975  9.5
  0.718 1805 Alaska-slab2-v3                                                                  201.9626   54.2661 10.8
  0.488 1806 Alaska-slab2-v3                                                                  201.8628   54.3340 11.9
  0.253 1807 Alaska-slab2-v3                                                                  201.7627   54.4018 13.1
  1.258 1821 Alaska-slab2-v3                                                                  201.8617   54.0745  8.2
  0.991 1822 Alaska-slab2-v3                                                                  201.7650   54.1434  9.6
  0.743 1823 Alaska-slab2-v3                                                                  201.6662   54.2115 10.9
  0.507 1824 Alaska-slab2-v3                                                                  201.5657   54.2789 12.1
  0.267 1825 Alaska-slab2-v3                                                                  201.4649   54.3462 13.3
  0.892 1839 Alaska-slab2-v3                                                                  201.5647   54.0202  8.3
  0.648 1840 Alaska-slab2-v3                                                                  201.4665   54.0882  9.8
  0.428 1841 Alaska-slab2-v3                                                                  201.3671   54.1560 11.1
  0.218 1842 Alaska-slab2-v3                                                                  201.2668   54.2234 12.3
  0.687 1856 Alaska-slab2-v3                                                                  201.2655   53.9641  8.6
  0.493 1857 Alaska-slab2-v3                                                                  201.1650   54.0308 10.1
  0.325 1858 Alaska-slab2-v3                                                                  201.0653   54.0982 11.4
  0.168 1859 Alaska-slab2-v3                                                                  200.9656   54.1659 12.6
  0.481 1873 Alaska-slab2-v3                                                                  200.9652   53.9058  8.9
  0.341 1874 Alaska-slab2-v3                                                                  200.8627   53.9709 10.5
  0.224 1875 Alaska-slab2-v3                                                                  200.7636   54.0385 11.9
  0.117 1876 Alaska-slab2-v3                                                                  200.6643   54.1064 13.1
  0.229 1890 Alaska-slab2-v3                                                                  200.6664   53.8460  9.2
  0.138 1891 Alaska-slab2-v3                                                                  200.5628   53.9102 11.0
  0.066 1892 Alaska-slab2-v3                                                                  200.4644   53.9780 12.4
  0.228 1907 Alaska-slab2-v3                                                                  200.3709   53.7866  9.5
  0.135 1908 Alaska-slab2-v3                                                                  200.2675   53.8503 11.3
  0.064 1909 Alaska-slab2-v3                                                                  200.1695   53.9183 12.7
  0.224 1924 Alaska-slab2-v3                                                                  200.0792   53.7284  9.6
  0.132 1925 Alaska-slab2-v3                                                                  199.9768   53.7924 11.5
  0.062 1926 Alaska-slab2-v3                                                                  199.8801   53.8610 12.9
  0.221 1941 Alaska-slab2-v3                                                                  199.7909   53.6720  9.6
  0.129 1942 Alaska-slab2-v3                                                                  199.6904   53.7369 11.5
  0.060 1943 Alaska-slab2-v3                                                                  199.5958   53.8066 12.8
