 48.276 2474 Alaska-slab2-v3                                                                  189.6864   51.7088 14.1
 48.276 2475 Alaska-slab2-v3                                                                  189.6395   51.7924 15.9
 43.102 2476 Alaska-slab2-v3                                                                  189.5966   51.8761 18.1
 34.936 2477 Alaska-slab2-v3                                                                  189.5517   51.9580 20.9
 25.060 2478 Alaska-slab2-v3                                                                  189.5044   52.0377 24.2
 13.355 2479 Alaska-slab2-v3                                                                  189.4593   52.1155 28.2
 48.276 2487 Alaska-slab2-v3                                                                  189.4233   51.6486 14.6
 48.276 2488 Alaska-slab2-v3                                                                  189.3786   51.7326 16.5
 42.332 2489 Alaska-slab2-v3                                                                  189.3368   51.8163 18.8
 34.195 2490 Alaska-slab2-v3                                                                  189.2920   51.8981 21.6
 24.499 2491 Alaska-slab2-v3                                                                  189.2457   51.9779 25.0
 13.072 2492 Alaska-slab2-v3                                                                  189.2020   52.0562 28.9
 48.276 2500 Alaska-slab2-v3                                                                  189.1606   51.5928 15.2
 48.193 2501 Alaska-slab2-v3                                                                  189.1191   51.6771 17.3
 41.196 2502 Alaska-slab2-v3                                                                  189.0776   51.7604 19.8
 33.052 2503 Alaska-slab2-v3                                                                  189.0325   51.8419 22.7
 23.676 2504 Alaska-slab2-v3                                                                  188.9870   51.9220 26.0
 12.678 2505 Alaska-slab2-v3                                                                  188.9444   52.0005 30.0
 48.276 2512 Alaska-slab2-v3                                                                  188.9407   51.4562 14.3
 46.947 2513 Alaska-slab2-v3                                                                  188.8984   51.5409 16.0
 39.957 2514 Alaska-slab2-v3                                                                  188.8598   51.6253 18.3
 31.700 2515 Alaska-slab2-v3                                                                  188.8181   51.7081 21.0
 22.484 2516 Alaska-slab2-v3                                                                  188.7724   51.7893 24.0
 12.185 2517 Alaska-slab2-v3                                                                  188.7279   51.8696 27.3
 48.276 2525 Alaska-slab2-v3                                                                  188.6752   51.4069 15.0
 46.312 2526 Alaska-slab2-v3                                                                  188.6360   51.4919 16.9
 39.080 2527 Alaska-slab2-v3                                                                  188.5981   51.5760 19.3
 30.835 2528 Alaska-slab2-v3                                                                  188.5557   51.6584 22.1
 21.846 2529 Alaska-slab2-v3                                                                  188.5107   51.7397 25.1
 11.786 2530 Alaska-slab2-v3                                                                  188.4677   51.8201 28.5
 48.276 2537 Alaska-slab2-v3                                                                  188.4488   51.2742 14.3
 48.276 2538 Alaska-slab2-v3                                                                  188.4086   51.3599 15.6
 45.627 2539 Alaska-slab2-v3                                                                  188.3715   51.4450 17.6
 38.332 2540 Alaska-slab2-v3                                                                  188.3330   51.5288 20.1
 30.225 2541 Alaska-slab2-v3                                                                  188.2902   51.6111 22.9
 21.279 2542 Alaska-slab2-v3                                                                  188.2468   51.6924 26.0
 11.233 2543 Alaska-slab2-v3                                                                  188.2057   51.7729 29.5
 48.276 2549 Alaska-slab2-v3                                                                  188.1783   51.2288 14.7
 48.276 2550 Alaska-slab2-v3                                                                  188.1402   51.3148 16.0
 44.992 2551 Alaska-slab2-v3                                                                  188.1045   51.3999 18.1
 37.825 2552 Alaska-slab2-v3                                                                  188.0659   51.4837 20.6
 29.890 2553 Alaska-slab2-v3                                                                  188.0232   51.5660 23.4
 20.903 2554 Alaska-slab2-v3                                                                  187.9815   51.6474 26.6
 10.921 2555 Alaska-slab2-v3                                                                  187.9420   51.7281 30.1
 39.225 2560 Alaska-slab2-v3                                                                  187.9448   51.0992 14.0
 39.225 2561 Alaska-slab2-v3                                                                  187.9064   51.1856 14.9
 39.225 2562 Alaska-slab2-v3                                                                  187.8701   51.2717 16.3
 36.120 2563 Alaska-slab2-v3                                                                  187.8356   51.3569 18.5
 30.343 2564 Alaska-slab2-v3                                                                  187.7975   51.4407 21.1
 24.064 2565 Alaska-slab2-v3                                                                  187.7555   51.5233 23.8
 16.804 2566 Alaska-slab2-v3                                                                  187.7154   51.6050 27.0
  8.836 2567 Alaska-slab2-v3                                                                  187.6772   51.6860 30.5
 30.173 2573 Alaska-slab2-v3                                                                  187.6335   51.1444 15.0
 30.173 2574 Alaska-slab2-v3                                                                  187.5990   51.2306 16.6
 27.521 2575 Alaska-slab2-v3                                                                  187.5659   51.3157 18.9
 23.053 2576 Alaska-slab2-v3                                                                  187.5286   51.3996 21.5
 18.290 2577 Alaska-slab2-v3                                                                  187.4877   51.4824 24.2
 12.935 2578 Alaska-slab2-v3                                                                  187.4489   51.5646 27.3
  6.902 2579 Alaska-slab2-v3                                                                  187.4119   51.6459 30.7
 21.121 2585 Alaska-slab2-v3                                                                  187.3605   51.1042 14.9
 21.121 2586 Alaska-slab2-v3                                                                  187.3276   51.1904 16.6
 19.210 2587 Alaska-slab2-v3                                                                  187.2958   51.2756 19.0
 16.004 2588 Alaska-slab2-v3                                                                  187.2596   51.3594 21.7
 12.665 2589 Alaska-slab2-v3                                                                  187.2200   51.4424 24.5
  9.073 2590 Alaska-slab2-v3                                                                  187.1825   51.5252 27.4
  4.887 2591 Alaska-slab2-v3                                                                  187.1467   51.6067 30.9
 12.069 2597 Alaska-slab2-v3                                                                  187.0879   51.0642 14.8
 12.069 2598 Alaska-slab2-v3                                                                  187.0563   51.1506 16.5
 11.045 2599 Alaska-slab2-v3                                                                  187.0262   51.2361 18.9
  9.176 2600 Alaska-slab2-v3                                                                  186.9916   51.3201 21.5
  7.210 2601 Alaska-slab2-v3                                                                  186.9531   51.4031 24.4
  5.182 2602 Alaska-slab2-v3                                                                  186.9166   51.4862 27.3
  2.779 2603 Alaska-slab2-v3                                                                  186.8821   51.5678 30.8
 12.069 2609 Alaska-slab2-v3                                                                  186.8157   51.0243 14.5
 12.069 2610 Alaska-slab2-v3                                                                  186.7857   51.1111 16.2
 11.183 2611 Alaska-slab2-v3                                                                  186.7578   51.1974 18.3
  9.382 2612 Alaska-slab2-v3                                                                  186.7261   51.2821 20.8
  7.361 2613 Alaska-slab2-v3                                                                  186.6892   51.3653 23.7
  5.212 2614 Alaska-slab2-v3                                                                  186.6529   51.4481 26.7
  2.758 2615 Alaska-slab2-v3                                                                  186.6188   51.5299 30.1
 12.069 2621 Alaska-slab2-v3                                                                  186.5444   50.9853 14.0
 12.069 2622 Alaska-slab2-v3                                                                  186.5161   51.0725 15.6
 11.254 2623 Alaska-slab2-v3                                                                  186.4904   51.1595 17.5
  9.610 2624 Alaska-slab2-v3                                                                  186.4633   51.2456 19.7
  7.663 2625 Alaska-slab2-v3                                                                  186.4304   51.3299 22.3
  5.406 2626 Alaska-slab2-v3                                                                  186.3943   51.4126 25.4
  2.810 2627 Alaska-slab2-v3                                                                  186.3589   51.4940 28.9
 12.069 2635 Alaska-slab2-v3                                                                  186.2478   51.0353 15.0
 12.069 2636 Alaska-slab2-v3                                                                  186.2236   51.1228 16.6
 11.225 2637 Alaska-slab2-v3                                                                  186.2002   51.2099 18.6
  9.641 2638 Alaska-slab2-v3                                                                  186.1726   51.2958 20.9
  7.731 2639 Alaska-slab2-v3                                                                  186.1398   51.3799 23.6
  5.349 2640 Alaska-slab2-v3                                                                  186.1044   51.4614 27.0
  2.681 2641 Alaska-slab2-v3                                                                  186.0702   51.5418 30.9
 12.069 2648 Alaska-slab2-v3                                                                  185.9799   50.9999 14.2
 12.069 2649 Alaska-slab2-v3                                                                  185.9571   51.0878 15.7
 11.130 2650 Alaska-slab2-v3                                                                  185.9348   51.1752 17.6
  9.592 2651 Alaska-slab2-v3                                                                  185.9110   51.2620 19.7
  7.861 2652 Alaska-slab2-v3                                                                  185.8833   51.3478 22.0
  5.643 2653 Alaska-slab2-v3                                                                  185.8515   51.4312 25.0
  2.877 2654 Alaska-slab2-v3                                                                  185.8171   51.5119 28.8
 12.069 2662 Alaska-slab2-v3                                                                  185.6891   51.0545 14.9
 12.069 2663 Alaska-slab2-v3                                                                  185.6675   51.1422 16.7
 11.125 2664 Alaska-slab2-v3                                                                  185.6451   51.2292 18.7
  9.604 2665 Alaska-slab2-v3                                                                  185.6203   51.3157 20.9
  7.847 2666 Alaska-slab2-v3                                                                  185.5928   51.4011 23.5
  5.535 2667 Alaska-slab2-v3                                                                  185.5617   51.4836 26.8
  2.903 2668 Alaska-slab2-v3                                                                  185.5297   51.5645 30.6
 12.069 2676 Alaska-slab2-v3                                                                  185.4172   51.0229 14.4
 12.069 2677 Alaska-slab2-v3                                                                  185.3969   51.1109 16.0
 10.948 2678 Alaska-slab2-v3                                                                  185.3752   51.1980 18.0
  9.328 2679 Alaska-slab2-v3                                                                  185.3522   51.2847 20.2
  7.584 2680 Alaska-slab2-v3                                                                  185.3272   51.3708 22.6
  5.481 2681 Alaska-slab2-v3                                                                  185.2999   51.4552 25.5
  2.946 2682 Alaska-slab2-v3                                                                  185.2705   51.5377 28.9
 12.069 2690 Alaska-slab2-v3                                                                  185.1420   50.9925 14.2
 12.069 2691 Alaska-slab2-v3                                                                  185.1230   51.0809 15.6
 10.780 2692 Alaska-slab2-v3                                                                  185.1026   51.1684 17.5
  9.109 2693 Alaska-slab2-v3                                                                  185.0813   51.2553 19.7
  7.301 2694 Alaska-slab2-v3                                                                  185.0579   51.3416 22.1
  5.264 2695 Alaska-slab2-v3                                                                  185.0325   51.4269 24.7
  2.884 2696 Alaska-slab2-v3                                                                  185.0058   51.5108 27.9
