  6.399 2849 Alaska-slab2-v3                                                                  182.1201   50.4400  8.5
  6.253 2863 Alaska-slab2-v3                                                                  181.8380   50.4414  8.3
  6.186 2877 Alaska-slab2-v3                                                                  181.5553   50.4465  8.2
  6.253 2891 Alaska-slab2-v3                                                                  181.2723   50.4553  8.3
 24.968 3350 Alaska-slab2-v3                                                                  170.8230   52.6053  8.5
 19.995 3364 Alaska-slab2-v3                                                                  170.5766   52.7064  8.4
 15.198 3378 Alaska-slab2-v3                                                                  170.3296   52.8082  8.3
 10.529 3393 Alaska-slab2-v3                                                                  170.0819   52.9101  8.1
  4.906 3427 Alaska-slab2-v3                                                                  169.4050   53.3152  8.8
  4.809 3436 Alaska-slab2-v3                                                                  169.1410   53.4303  8.7
  4.728 3445 Alaska-slab2-v3                                                                  168.8772   53.5452  8.6
  4.514 3454 Alaska-slab2-v3                                                                  168.6148   53.6597  8.4
  4.276 3463 Alaska-slab2-v3                                                                  168.3536   53.7742  8.2
  7.408 3473 Alaska-slab2-v3                                                                  168.0922   53.8895  8.1
  3.747 3474 Alaska-slab2-v3                                                                  168.1790   53.9633  8.9
  7.201 3483 Alaska-slab2-v3                                                                  167.8302   54.0058  8.1
  3.600 3484 Alaska-slab2-v3                                                                  167.9147   54.0806  8.9
  7.308 3494 Alaska-slab2-v3                                                                  167.5675   54.1229  8.1
  3.676 3495 Alaska-slab2-v3                                                                  167.6494   54.1988  8.9
  7.458 3505 Alaska-slab2-v3                                                                  167.3044   54.2406  8.1
  3.794 3506 Alaska-slab2-v3                                                                  167.3837   54.3175  8.9
  7.479 3517 Alaska-slab2-v3                                                                  167.0410   54.3585  8.1
  3.782 3518 Alaska-slab2-v3                                                                  167.1176   54.4364  9.0
  5.951 3529 Alaska-slab2-v3                                                                  166.7761   54.4767  8.2
  2.958 3530 Alaska-slab2-v3                                                                  166.8495   54.5557  9.1
  2.521 3541 Alaska-slab2-v3                                                                  166.5086   54.5954  8.4
  1.784 3553 Alaska-slab2-v3                                                                  166.2376   54.7142  8.8
  1.163 3564 Alaska-slab2-v3                                                                  165.9035   54.7504  8.1
