  5.912 0228 Alaska-slab2-v3                                                                  216.5462   60.1055  1.4
  5.912 0229 Alaska-slab2-v3                                                                  216.4789   60.1854  4.1
  5.912 0230 Alaska-slab2-v3                                                                  216.4121   60.2658  6.7
  5.912 0231 Alaska-slab2-v3                                                                  216.3398   60.3457  8.9
  5.912 0232 Alaska-slab2-v3                                                                  216.2532   60.4228 10.7
  5.912 0233 Alaska-slab2-v3                                                                  216.1527   60.4968 11.9
  5.912 0234 Alaska-slab2-v3                                                                  216.0465   60.5698 12.8
  5.912 0235 Alaska-slab2-v3                                                                  215.9396   60.6428 13.6
  5.912 0236 Alaska-slab2-v3                                                                  215.8326   60.7157 14.3
  5.715 0237 Alaska-slab2-v3                                                                  215.7265   60.7889 15.2
  5.253 0238 Alaska-slab2-v3                                                                  215.6225   60.8627 16.4
  4.723 0239 Alaska-slab2-v3                                                                  215.5197   60.9366 17.7
  4.188 0240 Alaska-slab2-v3                                                                  215.4164   61.0105 19.0
  5.912 0252 Alaska-slab2-v3                                                                  216.2342   60.0034  1.6
  5.912 0253 Alaska-slab2-v3                                                                  216.1579   60.0796  4.9
  5.912 0254 Alaska-slab2-v3                                                                  216.0843   60.1571  7.9
  5.912 0255 Alaska-slab2-v3                                                                  216.0024   60.2336 10.4
  5.912 0256 Alaska-slab2-v3                                                                  215.9029   60.3067 12.2
  5.912 0257 Alaska-slab2-v3                                                                  215.7964   60.3790 13.4
  5.912 0258 Alaska-slab2-v3                                                                  215.6890   60.4516 14.1
  5.912 0259 Alaska-slab2-v3                                                                  215.5810   60.5242 14.6
  5.739 0260 Alaska-slab2-v3                                                                  215.4741   60.5972 15.1
  5.464 0261 Alaska-slab2-v3                                                                  215.3691   60.6708 15.8
  5.121 0262 Alaska-slab2-v3                                                                  215.2643   60.7445 16.6
  4.746 0263 Alaska-slab2-v3                                                                  215.1591   60.8181 17.5
  4.355 0264 Alaska-slab2-v3                                                                  215.0535   60.8915 18.5
  3.983 0265 Alaska-slab2-v3                                                                  214.9475   60.9650 19.4
 10.347 0279 Alaska-slab2-v3                                                                  215.9496   59.8812  1.8
 10.347 0280 Alaska-slab2-v3                                                                  215.8586   59.9519  5.4
 10.347 0281 Alaska-slab2-v3                                                                  215.7667   60.0238  8.5
 10.347 0282 Alaska-slab2-v3                                                                  215.6685   60.0957 10.9
 10.347 0283 Alaska-slab2-v3                                                                  215.5633   60.1673 12.6
 10.347 0284 Alaska-slab2-v3                                                                  215.4567   60.2395 13.7
 10.347 0285 Alaska-slab2-v3                                                                  215.3492   60.3119 14.4
 10.012 0286 Alaska-slab2-v3                                                                  215.2419   60.3845 14.9
  9.667 0287 Alaska-slab2-v3                                                                  215.1390   60.4588 15.3
  9.265 0288 Alaska-slab2-v3                                                                  215.0397   60.5342 15.9
  8.812 0289 Alaska-slab2-v3                                                                  214.9400   60.6096 16.5
  8.330 0290 Alaska-slab2-v3                                                                  214.8399   60.6849 17.2
  7.827 0291 Alaska-slab2-v3                                                                  214.7393   60.7600 17.9
  7.331 0292 Alaska-slab2-v3                                                                  214.6382   60.8351 18.6
  6.857 0293 Alaska-slab2-v3                                                                  214.5375   60.9104 19.2
  6.419 0294 Alaska-slab2-v3                                                                  214.4431   60.9876 19.9
 14.781 0309 Alaska-slab2-v3                                                                  215.6867   59.7457  1.9
 14.781 0310 Alaska-slab2-v3                                                                  215.5774   59.8092  5.5
 14.781 0311 Alaska-slab2-v3                                                                  215.4642   59.8739  8.3
 14.781 0312 Alaska-slab2-v3                                                                  215.3509   59.9410 10.4
 14.781 0313 Alaska-slab2-v3                                                                  215.2419   60.0111 11.9
 14.781 0314 Alaska-slab2-v3                                                                  215.1347   60.0828 13.1
 14.781 0315 Alaska-slab2-v3                                                                  215.0267   60.1546 14.0
 14.654 0316 Alaska-slab2-v3                                                                  214.9191   60.2267 14.7
 13.987 0317 Alaska-slab2-v3                                                                  214.8202   60.3019 15.4
 13.360 0318 Alaska-slab2-v3                                                                  214.7293   60.3797 16.0
 12.783 0319 Alaska-slab2-v3                                                                  214.6379   60.4575 16.6
 12.237 0320 Alaska-slab2-v3                                                                  214.5461   60.5352 17.1
 11.721 0321 Alaska-slab2-v3                                                                  214.4538   60.6129 17.6
 11.236 0322 Alaska-slab2-v3                                                                  214.3610   60.6905 18.1
 10.771 0323 Alaska-slab2-v3                                                                  214.2678   60.7681 18.6
 10.336 0324 Alaska-slab2-v3                                                                  214.1741   60.8456 19.0
  9.911 0325 Alaska-slab2-v3                                                                  214.0807   60.9232 19.4
  9.507 0326 Alaska-slab2-v3                                                                  213.9935   61.0025 19.8
 19.215 0343 Alaska-slab2-v3                                                                  215.2307   59.7091  7.2
 19.215 0344 Alaska-slab2-v3                                                                  215.1063   59.7707  9.3
 19.215 0345 Alaska-slab2-v3                                                                  214.9901   59.8370 11.1
 19.215 0346 Alaska-slab2-v3                                                                  214.8804   59.9071 12.5
 19.215 0347 Alaska-slab2-v3                                                                  214.7697   59.9775 13.5
 19.215 0348 Alaska-slab2-v3                                                                  214.6583   60.0480 14.3
 19.215 0349 Alaska-slab2-v3                                                                  214.5502   60.1198 14.9
 19.215 0350 Alaska-slab2-v3                                                                  214.4495   60.1941 15.4
 19.215 0351 Alaska-slab2-v3                                                                  214.3549   60.2707 15.8
 19.215 0352 Alaska-slab2-v3                                                                  214.2625   60.3481 16.3
 19.215 0353 Alaska-slab2-v3                                                                  214.1698   60.4256 16.7
 19.215 0354 Alaska-slab2-v3                                                                  214.0765   60.5029 17.1
 18.982 0355 Alaska-slab2-v3                                                                  213.9828   60.5802 17.5
 18.515 0356 Alaska-slab2-v3                                                                  213.8887   60.6575 17.9
 18.049 0357 Alaska-slab2-v3                                                                  213.7941   60.7346 18.4
 17.571 0358 Alaska-slab2-v3                                                                  213.6991   60.8117 18.8
 17.082 0359 Alaska-slab2-v3                                                                  213.6036   60.8887 19.2
 16.560 0360 Alaska-slab2-v3                                                                  213.5085   60.9659 19.7
 23.649 0385 Alaska-slab2-v3                                                                  214.9690   59.5755  7.2
 23.649 0386 Alaska-slab2-v3                                                                  214.8431   59.6356  9.5
 23.649 0387 Alaska-slab2-v3                                                                  214.7243   59.7004 11.4
 23.649 0388 Alaska-slab2-v3                                                                  214.6103   59.7687 12.7
 23.649 0389 Alaska-slab2-v3                                                                  214.4953   59.8373 13.6
 23.649 0390 Alaska-slab2-v3                                                                  214.3795   59.9059 14.2
 23.649 0391 Alaska-slab2-v3                                                                  214.2631   59.9745 14.6
 23.649 0392 Alaska-slab2-v3                                                                  214.1482   60.0437 14.9
 23.649 0393 Alaska-slab2-v3                                                                  214.0383   60.1149 15.2
 23.649 0394 Alaska-slab2-v3                                                                  213.9339   60.1883 15.4
 23.649 0395 Alaska-slab2-v3                                                                  213.8315   60.2625 15.8
 23.649 0396 Alaska-slab2-v3                                                                  213.7286   60.3367 16.2
 23.649 0397 Alaska-slab2-v3                                                                  213.6253   60.4108 16.6
 23.649 0398 Alaska-slab2-v3                                                                  213.5216   60.4848 17.1
 23.308 0399 Alaska-slab2-v3                                                                  213.4174   60.5587 17.6
 22.571 0400 Alaska-slab2-v3                                                                  213.3127   60.6325 18.1
 21.792 0401 Alaska-slab2-v3                                                                  213.2076   60.7062 18.7
 20.973 0402 Alaska-slab2-v3                                                                  213.1020   60.7798 19.3
 20.126 0403 Alaska-slab2-v3                                                                  212.9988   60.8542 19.9
 23.649 0427 Alaska-slab2-v3                                                                  214.7141   59.4391  7.3
 23.649 0428 Alaska-slab2-v3                                                                  214.5858   59.4974  9.6
 23.649 0429 Alaska-slab2-v3                                                                  214.4641   59.5605 11.5
 23.649 0430 Alaska-slab2-v3                                                                  214.3463   59.6269 12.9
 23.649 0431 Alaska-slab2-v3                                                                  214.2275   59.6935 13.8
 23.649 0432 Alaska-slab2-v3                                                                  214.1078   59.7602 14.4
 23.649 0433 Alaska-slab2-v3                                                                  213.9875   59.8269 14.7
 23.649 0434 Alaska-slab2-v3                                                                  213.8667   59.8935 14.8
 23.649 0435 Alaska-slab2-v3                                                                  213.7462   59.9604 14.9
 23.649 0436 Alaska-slab2-v3                                                                  213.6291   60.0286 15.1
 23.649 0437 Alaska-slab2-v3                                                                  213.5162   60.0988 15.3
 23.649 0438 Alaska-slab2-v3                                                                  213.4044   60.1695 15.7
 23.649 0439 Alaska-slab2-v3                                                                  213.2921   60.2401 16.1
 23.649 0440 Alaska-slab2-v3                                                                  213.1795   60.3106 16.6
 23.649 0441 Alaska-slab2-v3                                                                  213.0664   60.3810 17.2
 23.099 0442 Alaska-slab2-v3                                                                  212.9528   60.4512 17.8
 22.189 0443 Alaska-slab2-v3                                                                  212.8388   60.5214 18.5
 21.212 0444 Alaska-slab2-v3                                                                  212.7243   60.5914 19.2
 20.220 0445 Alaska-slab2-v3                                                                  212.6148   60.6632 19.9
 23.649 0468 Alaska-slab2-v3                                                                  214.4693   59.2986  7.2
 23.649 0469 Alaska-slab2-v3                                                                  214.3377   59.3548  9.5
 23.649 0470 Alaska-slab2-v3                                                                  214.2120   59.4156 11.4
 23.649 0471 Alaska-slab2-v3                                                                  214.0899   59.4797 12.8
 23.649 0472 Alaska-slab2-v3                                                                  213.9667   59.5441 13.7
 23.649 0473 Alaska-slab2-v3                                                                  213.8427   59.6084 14.3
 23.649 0474 Alaska-slab2-v3                                                                  213.7181   59.6728 14.6
 23.649 0475 Alaska-slab2-v3                                                                  213.5930   59.7370 14.8
 23.649 0476 Alaska-slab2-v3                                                                  213.4673   59.8012 14.9
 23.649 0477 Alaska-slab2-v3                                                                  213.3418   59.8654 14.9
 23.649 0478 Alaska-slab2-v3                                                                  213.2188   59.9310 15.1
 23.649 0479 Alaska-slab2-v3                                                                  213.0983   59.9978 15.5
 23.649 0480 Alaska-slab2-v3                                                                  212.9777   60.0646 15.9
 23.649 0481 Alaska-slab2-v3                                                                  212.8566   60.1312 16.5
 23.649 0482 Alaska-slab2-v3                                                                  212.7351   60.1977 17.1
 22.954 0483 Alaska-slab2-v3                                                                  212.6132   60.2641 17.9
 21.933 0484 Alaska-slab2-v3                                                                  212.4909   60.3303 18.6
 20.870 0485 Alaska-slab2-v3                                                                  212.3680   60.3965 19.4
 23.649 0509 Alaska-slab2-v3                                                                  214.2376   59.1532  7.1
 23.649 0510 Alaska-slab2-v3                                                                  214.1024   59.2073  9.3
 23.649 0511 Alaska-slab2-v3                                                                  213.9719   59.2655 11.1
 23.649 0512 Alaska-slab2-v3                                                                  213.8453   59.3270 12.4
 23.649 0513 Alaska-slab2-v3                                                                  213.7176   59.3887 13.3
 23.649 0514 Alaska-slab2-v3                                                                  213.5892   59.4504 14.0
 23.649 0515 Alaska-slab2-v3                                                                  213.4601   59.5121 14.4
 23.649 0516 Alaska-slab2-v3                                                                  213.3304   59.5737 14.6
 23.649 0517 Alaska-slab2-v3                                                                  213.2003   59.6352 14.7
 23.649 0518 Alaska-slab2-v3                                                                  213.0697   59.6965 14.9
 23.649 0519 Alaska-slab2-v3                                                                  212.9395   59.7582 15.1
 23.649 0520 Alaska-slab2-v3                                                                  212.8102   59.8204 15.5
 23.649 0521 Alaska-slab2-v3                                                                  212.6808   59.8826 15.9
 23.649 0522 Alaska-slab2-v3                                                                  212.5511   59.9446 16.5
 23.649 0523 Alaska-slab2-v3                                                                  212.4208   60.0065 17.1
 23.121 0524 Alaska-slab2-v3                                                                  212.2902   60.0682 17.8
 22.118 0525 Alaska-slab2-v3                                                                  212.1591   60.1298 18.6
 21.101 0526 Alaska-slab2-v3                                                                  212.0275   60.1912 19.3
 23.649 0550 Alaska-slab2-v3                                                                  214.0194   59.0030  7.0
 23.649 0551 Alaska-slab2-v3                                                                  213.8813   59.0556  8.9
 23.649 0552 Alaska-slab2-v3                                                                  213.7467   59.1112 10.6
 23.649 0553 Alaska-slab2-v3                                                                  213.6158   59.1701 11.9
 23.649 0554 Alaska-slab2-v3                                                                  213.4846   59.2294 12.9
 23.649 0555 Alaska-slab2-v3                                                                  213.3527   59.2888 13.6
 23.649 0556 Alaska-slab2-v3                                                                  213.2201   59.3481 14.1
 23.649 0557 Alaska-slab2-v3                                                                  213.0869   59.4073 14.4
 23.649 0558 Alaska-slab2-v3                                                                  212.9532   59.4664 14.7
 23.649 0559 Alaska-slab2-v3                                                                  212.8188   59.5252 14.9
 23.649 0560 Alaska-slab2-v3                                                                  212.6833   59.5834 15.2
 23.649 0561 Alaska-slab2-v3                                                                  212.5469   59.6413 15.6
 23.649 0562 Alaska-slab2-v3                                                                  212.4101   59.6990 15.9
 23.649 0563 Alaska-slab2-v3                                                                  212.2729   59.7565 16.4
 23.649 0564 Alaska-slab2-v3                                                                  212.1353   59.8139 16.9
 23.520 0565 Alaska-slab2-v3                                                                  211.9972   59.8711 17.5
 22.691 0566 Alaska-slab2-v3                                                                  211.8586   59.9281 18.1
 21.808 0567 Alaska-slab2-v3                                                                  211.7197   59.9850 18.8
 20.871 0568 Alaska-slab2-v3                                                                  211.5820   60.0426 19.5
 23.649 0590 Alaska-slab2-v3                                                                  213.8124   58.8490  6.9
 23.649 0591 Alaska-slab2-v3                                                                  213.6725   58.9003  8.7
 23.649 0592 Alaska-slab2-v3                                                                  213.5347   58.9537 10.2
 23.649 0593 Alaska-slab2-v3                                                                  213.4001   59.0099 11.5
 23.649 0594 Alaska-slab2-v3                                                                  213.2660   59.0671 12.5
 23.649 0595 Alaska-slab2-v3                                                                  213.1312   59.1243 13.3
 23.649 0596 Alaska-slab2-v3                                                                  212.9957   59.1814 13.9
 23.649 0597 Alaska-slab2-v3                                                                  212.8597   59.2385 14.4
 23.649 0598 Alaska-slab2-v3                                                                  212.7232   59.2954 14.8
 23.649 0599 Alaska-slab2-v3                                                                  212.5850   59.3514 15.1
 23.649 0600 Alaska-slab2-v3                                                                  212.4447   59.4062 15.4
 23.649 0601 Alaska-slab2-v3                                                                  212.3036   59.4606 15.7
 23.649 0602 Alaska-slab2-v3                                                                  212.1621   59.5148 16.0
 23.649 0603 Alaska-slab2-v3                                                                  212.0201   59.5689 16.4
 23.649 0604 Alaska-slab2-v3                                                                  211.8777   59.6228 16.8
 23.649 0605 Alaska-slab2-v3                                                                  211.7348   59.6766 17.2
 23.240 0606 Alaska-slab2-v3                                                                  211.5915   59.7302 17.6
 22.571 0607 Alaska-slab2-v3                                                                  211.4478   59.7836 18.1
 21.820 0608 Alaska-slab2-v3                                                                  211.3036   59.8369 18.7
 20.973 0609 Alaska-slab2-v3                                                                  211.1594   59.8901 19.3
 20.031 0610 Alaska-slab2-v3                                                                  211.0186   59.9454 20.0
 19.215 0628 Alaska-slab2-v3                                                                  213.6139   58.6921  6.9
 19.215 0629 Alaska-slab2-v3                                                                  213.4727   58.7421  8.6
 19.215 0630 Alaska-slab2-v3                                                                  213.3324   58.7934 10.1
 19.215 0631 Alaska-slab2-v3                                                                  213.1942   58.8468 11.4
 19.215 0632 Alaska-slab2-v3                                                                  213.0564   58.9011 12.4
 19.215 0633 Alaska-slab2-v3                                                                  212.9178   58.9554 13.3
 19.215 0634 Alaska-slab2-v3                                                                  212.7787   59.0096 13.9
 19.215 0635 Alaska-slab2-v3                                                                  212.6390   59.0637 14.5
 19.215 0636 Alaska-slab2-v3                                                                  212.4985   59.1175 14.9
 19.215 0637 Alaska-slab2-v3                                                                  212.3560   59.1700 15.2
 19.215 0638 Alaska-slab2-v3                                                                  212.2117   59.2214 15.6
 19.215 0639 Alaska-slab2-v3                                                                  212.0669   59.2727 15.9
 19.215 0640 Alaska-slab2-v3                                                                  211.9217   59.3238 16.2
 19.215 0641 Alaska-slab2-v3                                                                  211.7760   59.3747 16.5
 19.215 0642 Alaska-slab2-v3                                                                  211.6299   59.4255 16.8
 19.215 0643 Alaska-slab2-v3                                                                  211.4834   59.4761 17.1
 19.098 0644 Alaska-slab2-v3                                                                  211.3364   59.5265 17.4
 18.677 0645 Alaska-slab2-v3                                                                  211.1891   59.5768 17.8
 18.200 0646 Alaska-slab2-v3                                                                  211.0413   59.6269 18.2
 17.667 0647 Alaska-slab2-v3                                                                  210.8931   59.6768 18.7
 17.045 0648 Alaska-slab2-v3                                                                  210.7446   59.7265 19.3
 16.335 0649 Alaska-slab2-v3                                                                  210.5969   59.7769 19.9
 14.781 0664 Alaska-slab2-v3                                                                  213.4216   58.5336  6.9
 14.781 0665 Alaska-slab2-v3                                                                  213.2794   58.5822  8.7
 14.781 0666 Alaska-slab2-v3                                                                  213.1372   58.6314 10.3
 14.781 0667 Alaska-slab2-v3                                                                  212.9951   58.6814 11.6
 14.781 0668 Alaska-slab2-v3                                                                  212.8525   58.7318 12.6
 14.781 0669 Alaska-slab2-v3                                                                  212.7092   58.7822 13.5
 14.781 0670 Alaska-slab2-v3                                                                  212.5653   58.8324 14.1
 14.781 0671 Alaska-slab2-v3                                                                  212.4209   58.8826 14.6
 14.781 0672 Alaska-slab2-v3                                                                  212.2756   58.9323 15.0
 14.781 0673 Alaska-slab2-v3                                                                  212.1287   58.9809 15.3
 14.781 0674 Alaska-slab2-v3                                                                  211.9807   59.0289 15.6
 14.781 0675 Alaska-slab2-v3                                                                  211.8323   59.0767 15.8
 14.781 0676 Alaska-slab2-v3                                                                  211.6835   59.1244 16.1
 14.781 0677 Alaska-slab2-v3                                                                  211.5343   59.1719 16.3
 14.781 0678 Alaska-slab2-v3                                                                  211.3847   59.2192 16.5
 14.781 0679 Alaska-slab2-v3                                                                  211.2346   59.2663 16.8
 14.781 0680 Alaska-slab2-v3                                                                  211.0842   59.3133 17.1
 14.781 0681 Alaska-slab2-v3                                                                  210.9334   59.3600 17.4
 14.506 0682 Alaska-slab2-v3                                                                  210.7821   59.4066 17.8
 14.101 0683 Alaska-slab2-v3                                                                  210.6306   59.4530 18.3
 13.619 0684 Alaska-slab2-v3                                                                  210.4786   59.4992 18.9
 13.061 0685 Alaska-slab2-v3                                                                  210.3264   59.5452 19.5
 10.347 0699 Alaska-slab2-v3                                                                  213.2312   58.3782  7.1
 10.347 0700 Alaska-slab2-v3                                                                  213.0897   58.4261  9.1
 10.347 0701 Alaska-slab2-v3                                                                  212.9473   58.4744 10.8
 10.347 0702 Alaska-slab2-v3                                                                  212.8039   58.5229 12.1
 10.347 0703 Alaska-slab2-v3                                                                  212.6595   58.5714 13.1
 10.347 0704 Alaska-slab2-v3                                                                  212.5144   58.6199 13.9
 10.347 0705 Alaska-slab2-v3                                                                  212.3686   58.6683 14.4
 10.347 0706 Alaska-slab2-v3                                                                  212.2224   58.7166 14.7
 10.347 0707 Alaska-slab2-v3                                                                  212.0755   58.7646 15.0
 10.347 0708 Alaska-slab2-v3                                                                  211.9278   58.8121 15.2
 10.347 0709 Alaska-slab2-v3                                                                  211.7795   58.8593 15.4
 10.347 0710 Alaska-slab2-v3                                                                  211.6308   58.9063 15.6
 10.347 0711 Alaska-slab2-v3                                                                  211.4817   58.9531 15.8
 10.347 0712 Alaska-slab2-v3                                                                  211.3322   58.9998 16.0
 10.347 0713 Alaska-slab2-v3                                                                  211.1823   59.0462 16.2
 10.347 0714 Alaska-slab2-v3                                                                  211.0320   59.0925 16.5
 10.347 0715 Alaska-slab2-v3                                                                  210.8814   59.1387 16.9
 10.198 0716 Alaska-slab2-v3                                                                  210.7304   59.1846 17.3
  9.906 0717 Alaska-slab2-v3                                                                  210.5790   59.2303 17.8
  9.553 0718 Alaska-slab2-v3                                                                  210.4273   59.2759 18.3
  9.146 0719 Alaska-slab2-v3                                                                  210.2753   59.3212 19.0
  8.660 0720 Alaska-slab2-v3                                                                  210.1228   59.3662 19.8
  5.912 0734 Alaska-slab2-v3                                                                  213.0391   58.2265  7.2
  5.912 0735 Alaska-slab2-v3                                                                  212.8990   58.2742  9.5
  5.912 0736 Alaska-slab2-v3                                                                  212.7582   58.3227 11.3
  5.912 0737 Alaska-slab2-v3                                                                  212.6163   58.3719 12.7
  5.912 0738 Alaska-slab2-v3                                                                  212.4734   58.4212 13.7
  5.912 0739 Alaska-slab2-v3                                                                  212.3297   58.4705 14.3
  5.912 0740 Alaska-slab2-v3                                                                  212.1853   58.5196 14.7
  5.912 0741 Alaska-slab2-v3                                                                  212.0405   58.5687 14.9
  5.912 0742 Alaska-slab2-v3                                                                  211.8955   58.6177 15.0
  5.912 0743 Alaska-slab2-v3                                                                  211.7504   58.6668 15.1
  5.912 0744 Alaska-slab2-v3                                                                  211.6051   58.7160 15.3
  5.912 0745 Alaska-slab2-v3                                                                  211.4594   58.7650 15.5
  5.912 0746 Alaska-slab2-v3                                                                  211.3134   58.8138 15.7
  5.912 0747 Alaska-slab2-v3                                                                  211.1669   58.8624 16.0
  5.876 0748 Alaska-slab2-v3                                                                  211.0201   58.9109 16.3
  5.734 0749 Alaska-slab2-v3                                                                  210.8729   58.9592 16.7
  5.570 0750 Alaska-slab2-v3                                                                  210.7253   59.0073 17.2
  5.380 0751 Alaska-slab2-v3                                                                  210.5773   59.0553 17.7
  5.162 0752 Alaska-slab2-v3                                                                  210.4290   59.1030 18.3
  4.914 0753 Alaska-slab2-v3                                                                  210.2804   59.1506 19.0
  4.634 0754 Alaska-slab2-v3                                                                  210.1307   59.1973 19.7
