  2.736 2162 Alaska-slab2-v3                                                                  195.7503   52.8815 14.6
  2.564 2163 Alaska-slab2-v3                                                                  195.6716   52.9580 15.0
  2.132 2164 Alaska-slab2-v3                                                                  195.5985   53.0359 15.8
  3.565 2177 Alaska-slab2-v3                                                                  195.4769   52.8160 14.4
  3.315 2178 Alaska-slab2-v3                                                                  195.3993   52.8928 14.9
  2.872 2179 Alaska-slab2-v3                                                                  195.3277   52.9711 15.9
  3.691 2192 Alaska-slab2-v3                                                                  195.2065   52.7485 14.0
  3.315 2193 Alaska-slab2-v3                                                                  195.1300   52.8254 14.8
  2.802 2194 Alaska-slab2-v3                                                                  195.0595   52.9040 15.9
  3.341 2208 Alaska-slab2-v3                                                                  194.8651   52.7557 14.6
  2.772 2209 Alaska-slab2-v3                                                                  194.7952   52.8344 15.7
  3.383 2223 Alaska-slab2-v3                                                                  194.6038   52.6841 14.2
  2.800 2224 Alaska-slab2-v3                                                                  194.5343   52.7630 15.4
  2.840 2239 Alaska-slab2-v3                                                                  194.2746   52.6905 15.0
  2.849 2254 Alaska-slab2-v3                                                                  194.0136   52.6179 14.7
  2.844 2269 Alaska-slab2-v3                                                                  193.7501   52.5464 14.6
  2.111 2270 Alaska-slab2-v3                                                                  193.6866   52.6267 16.0
  2.840 2283 Alaska-slab2-v3                                                                  193.4838   52.4776 14.5
  2.125 2284 Alaska-slab2-v3                                                                  193.4213   52.5583 15.9
  2.842 2297 Alaska-slab2-v3                                                                  193.2149   52.4124 14.5
  2.124 2298 Alaska-slab2-v3                                                                  193.1537   52.4933 15.9
  2.849 2311 Alaska-slab2-v3                                                                  192.9440   52.3504 14.6
  5.033 2325 Alaska-slab2-v3                                                                  192.6722   52.2915 14.6
  7.342 2339 Alaska-slab2-v3                                                                  192.4010   52.2355 14.5
  9.813 2353 Alaska-slab2-v3                                                                  192.1325   52.1817 14.1
  7.267 2354 Alaska-slab2-v3                                                                  192.0749   52.2635 15.6
 12.901 2368 Alaska-slab2-v3                                                                  191.8094   52.2105 15.1
 13.067 2382 Alaska-slab2-v3                                                                  191.5442   52.1559 14.6
 12.970 2396 Alaska-slab2-v3                                                                  191.2780   52.0980 14.1
  9.612 2397 Alaska-slab2-v3                                                                  191.2237   52.1804 15.8
  9.592 2410 Alaska-slab2-v3                                                                  190.9577   52.1189 15.5
  9.785 2423 Alaska-slab2-v3                                                                  190.6924   52.0543 15.4
 10.080 2436 Alaska-slab2-v3                                                                  190.4282   51.9881 15.3
 10.218 2449 Alaska-slab2-v3                                                                  190.1648   51.9215 15.4
 10.119 2462 Alaska-slab2-v3                                                                  189.9018   51.8558 15.5
