  2.149 1838 Alaska-slab2-v3                                                                  201.6623   53.9521  6.8
  2.149 1839 Alaska-slab2-v3                                                                  201.5647   54.0202  8.3
  2.149 1840 Alaska-slab2-v3                                                                  201.4665   54.0882  9.8
  1.591 1841 Alaska-slab2-v3                                                                  201.3671   54.1560 11.1
  0.811 1842 Alaska-slab2-v3                                                                  201.2668   54.2234 12.3
  4.297 1855 Alaska-slab2-v3                                                                  201.3664   53.8981  6.9
  4.297 1856 Alaska-slab2-v3                                                                  201.2655   53.9641  8.6
  4.297 1857 Alaska-slab2-v3                                                                  201.1650   54.0308 10.1
  3.144 1858 Alaska-slab2-v3                                                                  201.0653   54.0982 11.4
  1.628 1859 Alaska-slab2-v3                                                                  200.9656   54.1659 12.6
  6.446 1872 Alaska-slab2-v3                                                                  201.0706   53.8428  7.0
  6.446 1873 Alaska-slab2-v3                                                                  200.9652   53.9058  8.9
  6.446 1874 Alaska-slab2-v3                                                                  200.8627   53.9709 10.5
  4.647 1875 Alaska-slab2-v3                                                                  200.7636   54.0385 11.9
  2.422 1876 Alaska-slab2-v3                                                                  200.6643   54.1064 13.1
  8.595 1889 Alaska-slab2-v3                                                                  200.7756   53.7862  7.1
  8.595 1890 Alaska-slab2-v3                                                                  200.6664   53.8460  9.2
  6.689 1891 Alaska-slab2-v3                                                                  200.5628   53.9102 11.0
  3.180 1892 Alaska-slab2-v3                                                                  200.4644   53.9780 12.4
  8.595 1906 Alaska-slab2-v3                                                                  200.4822   53.7288  7.2
  8.595 1907 Alaska-slab2-v3                                                                  200.3709   53.7866  9.5
  6.546 1908 Alaska-slab2-v3                                                                  200.2675   53.8503 11.3
  3.101 1909 Alaska-slab2-v3                                                                  200.1695   53.9183 12.7
