  1.366 2953 Alaska-slab2-v3                                                                  179.8580   50.4435  7.2
  1.366 2954 Alaska-slab2-v3                                                                  179.8595   50.5313  9.4
  1.114 2955 Alaska-slab2-v3                                                                  179.8612   50.6200 11.2
  0.569 2956 Alaska-slab2-v3                                                                  179.8629   50.7092 12.6
  1.366 2965 Alaska-slab2-v3                                                                  179.5742   50.4554  7.3
  1.366 2966 Alaska-slab2-v3                                                                  179.5790   50.5430  9.6
  1.093 2967 Alaska-slab2-v3                                                                  179.5835   50.6316 11.4
  0.550 2968 Alaska-slab2-v3                                                                  179.5878   50.7207 12.8
  1.366 2977 Alaska-slab2-v3                                                                  179.2909   50.4705  7.3
  1.366 2978 Alaska-slab2-v3                                                                  179.2990   50.5579  9.7
  1.084 2979 Alaska-slab2-v3                                                                  179.3064   50.6463 11.5
  0.542 2980 Alaska-slab2-v3                                                                  179.3134   50.7354 12.9
  1.366 2989 Alaska-slab2-v3                                                                  179.0086   50.4908  7.3
  1.366 2990 Alaska-slab2-v3                                                                  179.0199   50.5780  9.7
  1.084 2991 Alaska-slab2-v3                                                                  179.0302   50.6663 11.6
  0.553 2992 Alaska-slab2-v3                                                                  179.0398   50.7553 13.0
  1.366 3001 Alaska-slab2-v3                                                                  178.7273   50.5171  7.4
  1.366 3002 Alaska-slab2-v3                                                                  178.7420   50.6040  9.8
  1.093 3003 Alaska-slab2-v3                                                                  178.7552   50.6922 11.6
  0.565 3004 Alaska-slab2-v3                                                                  178.7674   50.7810 13.0
  1.366 3013 Alaska-slab2-v3                                                                  178.4471   50.5488  7.4
  1.366 3014 Alaska-slab2-v3                                                                  178.4654   50.6353  9.8
  1.113 3015 Alaska-slab2-v3                                                                  178.4815   50.7233 11.6
  0.585 3016 Alaska-slab2-v3                                                                  178.4964   50.8120 13.0
  1.366 3024 Alaska-slab2-v3                                                                  178.1681   50.5848  7.4
  1.366 3025 Alaska-slab2-v3                                                                  178.1902   50.6710  9.8
  1.136 3026 Alaska-slab2-v3                                                                  178.2094   50.7588 11.6
  0.605 3027 Alaska-slab2-v3                                                                  178.2269   50.8472 13.0
  1.366 3035 Alaska-slab2-v3                                                                  177.8902   50.6244  7.3
  1.366 3036 Alaska-slab2-v3                                                                  177.9160   50.7103  9.7
  1.167 3037 Alaska-slab2-v3                                                                  177.9384   50.7977 11.5
  0.625 3038 Alaska-slab2-v3                                                                  177.9585   50.8859 12.9
  1.366 3046 Alaska-slab2-v3                                                                  177.6130   50.6669  7.3
  1.366 3047 Alaska-slab2-v3                                                                  177.6429   50.7524  9.6
  1.199 3048 Alaska-slab2-v3                                                                  177.6686   50.8395 11.3
  0.639 3049 Alaska-slab2-v3                                                                  177.6915   50.9274 12.8
  1.366 3057 Alaska-slab2-v3                                                                  177.3364   50.7120  7.2
  1.366 3058 Alaska-slab2-v3                                                                  177.3704   50.7972  9.4
  1.223 3059 Alaska-slab2-v3                                                                  177.3997   50.8839 11.2
  0.650 3060 Alaska-slab2-v3                                                                  177.4254   50.9714 12.7
  1.366 3068 Alaska-slab2-v3                                                                  177.0605   50.7598  7.1
  1.366 3069 Alaska-slab2-v3                                                                  177.0983   50.8445  9.2
  1.240 3070 Alaska-slab2-v3                                                                  177.1313   50.9307 11.0
  0.658 3071 Alaska-slab2-v3                                                                  177.1599   51.0179 12.5
  1.366 3079 Alaska-slab2-v3                                                                  176.7853   50.8099  7.1
  1.366 3080 Alaska-slab2-v3                                                                  176.8266   50.8941  9.1
  1.244 3081 Alaska-slab2-v3                                                                  176.8631   50.9798 10.8
  0.655 3082 Alaska-slab2-v3                                                                  176.8947   51.0666 12.3
  1.366 3090 Alaska-slab2-v3                                                                  176.5107   50.8622  7.1
  1.366 3091 Alaska-slab2-v3                                                                  176.5551   50.9460  9.0
  1.247 3092 Alaska-slab2-v3                                                                  176.5947   51.0311 10.8
  0.655 3093 Alaska-slab2-v3                                                                  176.6293   51.1174 12.3
  2.732 3102 Alaska-slab2-v3                                                                  176.2368   50.9166  7.0
  2.732 3103 Alaska-slab2-v3                                                                  176.2839   50.9998  9.0
  2.526 3104 Alaska-slab2-v3                                                                  176.3264   51.0844 10.7
  1.314 3105 Alaska-slab2-v3                                                                  176.3640   51.1702 12.3
  4.098 3113 Alaska-slab2-v3                                                                  175.9635   50.9730  7.1
  4.098 3114 Alaska-slab2-v3                                                                  176.0134   51.0555  9.0
  3.830 3115 Alaska-slab2-v3                                                                  176.0587   51.1395 10.8
  1.967 3116 Alaska-slab2-v3                                                                  176.0991   51.2247 12.4
  5.463 3124 Alaska-slab2-v3                                                                  175.6909   51.0312  7.1
  5.463 3125 Alaska-slab2-v3                                                                  175.7436   51.1130  9.1
  5.164 3126 Alaska-slab2-v3                                                                  175.7917   51.1963 10.9
  2.674 3127 Alaska-slab2-v3                                                                  175.8350   51.2809 12.5
  5.463 3135 Alaska-slab2-v3                                                                  175.4189   51.0910  7.1
  5.463 3136 Alaska-slab2-v3                                                                  175.4744   51.1720  9.1
  5.224 3137 Alaska-slab2-v3                                                                  175.5253   51.2547 10.9
  2.741 3138 Alaska-slab2-v3                                                                  175.5718   51.3387 12.6
  5.463 3146 Alaska-slab2-v3                                                                  175.1476   51.1524  7.1
  5.463 3147 Alaska-slab2-v3                                                                  175.2060   51.2325  9.2
  5.229 3148 Alaska-slab2-v3                                                                  175.2598   51.3145 11.0
  2.796 3149 Alaska-slab2-v3                                                                  175.3094   51.3978 12.6
  5.463 3157 Alaska-slab2-v3                                                                  174.8771   51.2153  7.2
  5.463 3158 Alaska-slab2-v3                                                                  174.9384   51.2945  9.3
  5.193 3159 Alaska-slab2-v3                                                                  174.9951   51.3757 11.1
  2.807 3160 Alaska-slab2-v3                                                                  175.0477   51.4583 12.7
  5.463 3168 Alaska-slab2-v3                                                                  174.6074   51.2799  7.2
  5.463 3169 Alaska-slab2-v3                                                                  174.6719   51.3578  9.4
  5.102 3170 Alaska-slab2-v3                                                                  174.7314   51.4382 11.2
  2.775 3171 Alaska-slab2-v3                                                                  174.7868   51.5202 12.8
  5.463 3179 Alaska-slab2-v3                                                                  174.3383   51.3460  7.3
  5.463 3180 Alaska-slab2-v3                                                                  174.4062   51.4227  9.6
  4.985 3181 Alaska-slab2-v3                                                                  174.4684   51.5022 11.4
  2.715 3182 Alaska-slab2-v3                                                                  174.5268   51.5835 12.9
  5.463 3190 Alaska-slab2-v3                                                                  174.0700   51.4139  7.3
  5.463 3191 Alaska-slab2-v3                                                                  174.1411   51.4893  9.6
  4.868 3192 Alaska-slab2-v3                                                                  174.2062   51.5679 11.5
  2.619 3193 Alaska-slab2-v3                                                                  174.2673   51.6484 13.0
  5.463 3201 Alaska-slab2-v3                                                                  173.8023   51.4837  7.3
  5.463 3202 Alaska-slab2-v3                                                                  173.8768   51.5579  9.7
  4.789 3203 Alaska-slab2-v3                                                                  173.9447   51.6355 11.5
  2.535 3204 Alaska-slab2-v3                                                                  174.0086   51.7153 13.0
