  4.461 1429 Alaska-slab2-v3                                                                  206.8228   55.5788  6.8
  4.461 1430 Alaska-slab2-v3                                                                  206.7109   55.6415  8.3
  4.461 1431 Alaska-slab2-v3                                                                  206.5997   55.7049  9.7
  4.461 1432 Alaska-slab2-v3                                                                  206.4925   55.7709 10.9
  3.757 1433 Alaska-slab2-v3                                                                  206.3880   55.8387 11.8
  2.791 1434 Alaska-slab2-v3                                                                  206.2831   55.9065 12.6
  1.908 1435 Alaska-slab2-v3                                                                  206.1777   55.9743 13.4
  1.002 1436 Alaska-slab2-v3                                                                  206.0720   56.0420 14.1
  4.461 1452 Alaska-slab2-v3                                                                  206.5623   55.4747  6.7
  4.461 1453 Alaska-slab2-v3                                                                  206.4544   55.5398  8.0
  4.461 1454 Alaska-slab2-v3                                                                  206.3461   55.6049  9.2
  4.461 1455 Alaska-slab2-v3                                                                  206.2403   55.6716 10.3
  3.964 1456 Alaska-slab2-v3                                                                  206.1377   55.7402 11.2
  2.939 1457 Alaska-slab2-v3                                                                  206.0354   55.8091 12.1
  1.988 1458 Alaska-slab2-v3                                                                  205.9326   55.8780 12.8
  1.025 1459 Alaska-slab2-v3                                                                  205.8296   55.9468 13.6
  4.461 1475 Alaska-slab2-v3                                                                  206.3037   55.3696  6.6
  4.461 1476 Alaska-slab2-v3                                                                  206.1998   55.4370  7.7
  4.461 1477 Alaska-slab2-v3                                                                  206.0955   55.5043  8.8
  4.461 1478 Alaska-slab2-v3                                                                  205.9916   55.5720  9.8
  4.461 1479 Alaska-slab2-v3                                                                  205.8897   55.6408 10.7
  4.053 1480 Alaska-slab2-v3                                                                  205.7890   55.7103 11.5
  3.094 1481 Alaska-slab2-v3                                                                  205.6879   55.7798 12.3
  2.134 1482 Alaska-slab2-v3                                                                  205.5864   55.8492 13.1
  1.115 1483 Alaska-slab2-v3                                                                  205.4847   55.9185 13.9
  4.461 1498 Alaska-slab2-v3                                                                  206.0464   55.2637  6.5
  4.461 1499 Alaska-slab2-v3                                                                  205.9463   55.3329  7.4
  4.461 1500 Alaska-slab2-v3                                                                  205.8458   55.4021  8.3
  4.461 1501 Alaska-slab2-v3                                                                  205.7450   55.4712  9.2
  4.461 1502 Alaska-slab2-v3                                                                  205.6444   55.5406 10.1
  4.368 1503 Alaska-slab2-v3                                                                  205.5441   55.6102 10.9
  3.356 1504 Alaska-slab2-v3                                                                  205.4433   55.6797 11.7
  2.307 1505 Alaska-slab2-v3                                                                  205.3421   55.7491 12.6
  1.209 1506 Alaska-slab2-v3                                                                  205.2407   55.8184 13.5
  4.461 1521 Alaska-slab2-v3                                                                  205.7905   55.1568  6.4
  4.461 1522 Alaska-slab2-v3                                                                  205.6936   55.2276  7.2
  4.461 1523 Alaska-slab2-v3                                                                  205.5963   55.2983  7.9
  4.461 1524 Alaska-slab2-v3                                                                  205.4988   55.3689  8.7
  4.461 1525 Alaska-slab2-v3                                                                  205.4008   55.4394  9.5
  4.461 1526 Alaska-slab2-v3                                                                  205.3016   55.5095 10.3
  3.668 1527 Alaska-slab2-v3                                                                  205.2007   55.5787 11.2
  2.538 1528 Alaska-slab2-v3                                                                  205.0989   55.6477 12.1
  1.333 1529 Alaska-slab2-v3                                                                  204.9969   55.7165 13.0
  4.461 1544 Alaska-slab2-v3                                                                  205.5445   55.0436  6.3
  4.461 1545 Alaska-slab2-v3                                                                  205.4491   55.1150  7.0
  4.461 1546 Alaska-slab2-v3                                                                  205.3538   55.1864  7.8
  4.461 1547 Alaska-slab2-v3                                                                  205.2584   55.2577  8.5
  4.461 1548 Alaska-slab2-v3                                                                  205.1624   55.3289  9.3
  4.461 1549 Alaska-slab2-v3                                                                  205.0641   55.3994 10.1
  3.914 1550 Alaska-slab2-v3                                                                  204.9633   55.4688 11.0
  2.707 1551 Alaska-slab2-v3                                                                  204.8619   55.5377 11.9
  1.411 1552 Alaska-slab2-v3                                                                  204.7602   55.6064 12.9
  4.461 1567 Alaska-slab2-v3                                                                  205.3062   54.9248  6.3
  4.461 1568 Alaska-slab2-v3                                                                  205.2114   54.9964  7.0
  4.461 1569 Alaska-slab2-v3                                                                  205.1163   55.0678  7.7
  4.461 1570 Alaska-slab2-v3                                                                  205.0209   55.1392  8.5
  4.461 1571 Alaska-slab2-v3                                                                  204.9251   55.2105  9.3
  4.461 1572 Alaska-slab2-v3                                                                  204.8280   55.2811 10.2
  4.001 1573 Alaska-slab2-v3                                                                  204.7290   55.3509 11.1
  2.721 1574 Alaska-slab2-v3                                                                  204.6291   55.4202 12.2
  1.379 1575 Alaska-slab2-v3                                                                  204.5289   55.4895 13.2
  4.461 1590 Alaska-slab2-v3                                                                  205.0642   54.8092  6.4
  4.461 1591 Alaska-slab2-v3                                                                  204.9702   54.8809  7.1
  4.461 1592 Alaska-slab2-v3                                                                  204.8759   54.9526  7.8
  4.461 1593 Alaska-slab2-v3                                                                  204.7814   55.0242  8.6
  4.461 1594 Alaska-slab2-v3                                                                  204.6865   55.0957  9.4
  4.461 1595 Alaska-slab2-v3                                                                  204.5900   55.1664 10.4
  3.961 1596 Alaska-slab2-v3                                                                  204.4918   55.2363 11.4
  2.657 1597 Alaska-slab2-v3                                                                  204.3930   55.3061 12.5
  1.328 1598 Alaska-slab2-v3                                                                  204.2939   55.3757 13.6
  4.461 1613 Alaska-slab2-v3                                                                  204.8147   54.6997  6.4
  4.461 1614 Alaska-slab2-v3                                                                  204.7219   54.7718  7.2
  4.461 1615 Alaska-slab2-v3                                                                  204.6288   54.8438  8.0
  4.461 1616 Alaska-slab2-v3                                                                  204.5354   54.9157  8.9
  4.461 1617 Alaska-slab2-v3                                                                  204.4412   54.9874  9.8
  4.461 1618 Alaska-slab2-v3                                                                  204.3449   55.0581 10.7
  3.770 1619 Alaska-slab2-v3                                                                  204.2470   55.1280 11.7
  2.510 1620 Alaska-slab2-v3                                                                  204.1487   55.1978 12.8
  1.249 1621 Alaska-slab2-v3                                                                  204.0501   55.2676 13.8
  4.461 1636 Alaska-slab2-v3                                                                  204.5543   54.5999  6.5
  4.461 1637 Alaska-slab2-v3                                                                  204.4627   54.6723  7.4
  4.461 1638 Alaska-slab2-v3                                                                  204.3707   54.7446  8.3
  4.461 1639 Alaska-slab2-v3                                                                  204.2784   54.8168  9.2
  4.461 1640 Alaska-slab2-v3                                                                  204.1843   54.8883 10.2
  3.711 1641 Alaska-slab2-v3                                                                  204.0877   54.9587 11.1
  2.478 1642 Alaska-slab2-v3                                                                  203.9900   55.0287 12.1
  1.245 1643 Alaska-slab2-v3                                                                  203.8920   55.0987 13.1
  8.921 1659 Alaska-slab2-v3                                                                  204.2824   54.5112  6.5
  8.921 1660 Alaska-slab2-v3                                                                  204.1912   54.5835  7.6
  8.921 1661 Alaska-slab2-v3                                                                  204.0996   54.6557  8.6
  8.921 1662 Alaska-slab2-v3                                                                  204.0074   54.7278  9.6
  8.921 1663 Alaska-slab2-v3                                                                  203.9128   54.7990 10.6
  6.771 1664 Alaska-slab2-v3                                                                  203.8162   54.8693 11.5
  4.514 1665 Alaska-slab2-v3                                                                  203.7191   54.9396 12.4
  2.257 1666 Alaska-slab2-v3                                                                  203.6216   55.0097 13.3
 13.382 1681 Alaska-slab2-v3                                                                  204.0016   54.4321  6.6
 13.382 1682 Alaska-slab2-v3                                                                  203.9099   54.5040  7.8
 13.382 1683 Alaska-slab2-v3                                                                  203.8178   54.5758  8.9
 13.382 1684 Alaska-slab2-v3                                                                  203.7246   54.6474 10.0
 13.002 1685 Alaska-slab2-v3                                                                  203.6297   54.7183 10.9
  9.706 1686 Alaska-slab2-v3                                                                  203.5336   54.7888 11.8
  6.483 1687 Alaska-slab2-v3                                                                  203.4371   54.8593 12.7
  3.297 1688 Alaska-slab2-v3                                                                  203.3403   54.9297 13.6
 17.843 1703 Alaska-slab2-v3                                                                  203.7153   54.3603  6.6
 17.843 1704 Alaska-slab2-v3                                                                  203.6229   54.4317  7.9
 17.843 1705 Alaska-slab2-v3                                                                  203.5301   54.5031  9.1
 17.843 1706 Alaska-slab2-v3                                                                  203.4363   54.5742 10.1
 17.443 1707 Alaska-slab2-v3                                                                  203.3410   54.6449 11.1
 13.131 1708 Alaska-slab2-v3                                                                  203.2450   54.7154 12.0
  8.915 1709 Alaska-slab2-v3                                                                  203.1487   54.7859 12.9
  4.603 1710 Alaska-slab2-v3                                                                  203.0520   54.8563 13.8
 17.843 1724 Alaska-slab2-v3                                                                  203.4260   54.2934  6.7
 17.843 1725 Alaska-slab2-v3                                                                  203.3330   54.3645  7.9
 17.843 1726 Alaska-slab2-v3                                                                  203.2397   54.4355  9.2
 17.843 1727 Alaska-slab2-v3                                                                  203.1452   54.5063 10.3
 14.183 1728 Alaska-slab2-v3                                                                  203.0494   54.5766 11.2
  9.506 1729 Alaska-slab2-v3                                                                  202.9530   54.6469 12.2
  4.931 1730 Alaska-slab2-v3                                                                  202.8563   54.7171 13.1
 17.843 1744 Alaska-slab2-v3                                                                  203.1346   54.2305  6.7
 17.843 1745 Alaska-slab2-v3                                                                  203.0409   54.3010  8.0
 17.843 1746 Alaska-slab2-v3                                                                  202.9467   54.3715  9.3
 17.843 1747 Alaska-slab2-v3                                                                  202.8513   54.4418 10.4
 14.908 1748 Alaska-slab2-v3                                                                  202.7548   54.5117 11.4
 10.253 1749 Alaska-slab2-v3                                                                  202.6578   54.5816 12.3
  5.399 1750 Alaska-slab2-v3                                                                  202.5605   54.6514 13.3
 17.843 1764 Alaska-slab2-v3                                                                  202.8416   54.1708  6.7
 17.843 1765 Alaska-slab2-v3                                                                  202.7468   54.2407  8.1
 17.843 1766 Alaska-slab2-v3                                                                  202.6515   54.3106  9.4
 17.843 1767 Alaska-slab2-v3                                                                  202.5552   54.3803 10.6
 15.855 1768 Alaska-slab2-v3                                                                  202.4578   54.4497 11.6
 11.065 1769 Alaska-slab2-v3                                                                  202.3600   54.5191 12.6
  5.892 1770 Alaska-slab2-v3                                                                  202.2619   54.5883 13.7
 17.843 1783 Alaska-slab2-v3                                                                  202.5474   54.1138  6.7
 17.843 1784 Alaska-slab2-v3                                                                  202.4519   54.1833  8.1
 17.843 1785 Alaska-slab2-v3                                                                  202.3560   54.2528  9.5
 17.145 1786 Alaska-slab2-v3                                                                  202.2587   54.3219 10.7
 11.566 1787 Alaska-slab2-v3                                                                  202.1601   54.3906 11.8
  5.986 1788 Alaska-slab2-v3                                                                  202.0612   54.4592 12.9
 17.843 1802 Alaska-slab2-v3                                                                  202.2527   54.0590  6.7
 17.843 1803 Alaska-slab2-v3                                                                  202.1571   54.1283  8.2
 17.843 1804 Alaska-slab2-v3                                                                  202.0608   54.1975  9.5
 17.843 1805 Alaska-slab2-v3                                                                  201.9626   54.2661 10.8
 12.225 1806 Alaska-slab2-v3                                                                  201.8628   54.3340 11.9
  6.335 1807 Alaska-slab2-v3                                                                  201.7627   54.4018 13.1
 17.843 1820 Alaska-slab2-v3                                                                  201.9577   54.0054  6.8
 17.843 1821 Alaska-slab2-v3                                                                  201.8617   54.0745  8.2
 17.843 1822 Alaska-slab2-v3                                                                  201.7650   54.1434  9.6
 17.843 1823 Alaska-slab2-v3                                                                  201.6662   54.2115 10.9
 12.712 1824 Alaska-slab2-v3                                                                  201.5657   54.2789 12.1
  6.696 1825 Alaska-slab2-v3                                                                  201.4649   54.3462 13.3
