  1.299 3425 Alaska-slab2-v3                                                                  169.2101   53.1793  6.6
  1.299 3426 Alaska-slab2-v3                                                                  169.3074   53.2473  7.7
  1.299 3427 Alaska-slab2-v3                                                                  169.4050   53.3152  8.8
  1.299 3428 Alaska-slab2-v3                                                                  169.4998   53.3843 10.0
  1.299 3429 Alaska-slab2-v3                                                                  169.5885   53.4564 11.2
  1.299 3430 Alaska-slab2-v3                                                                  169.6739   53.5297 12.5
  1.185 3431 Alaska-slab2-v3                                                                  169.7594   53.6027 14.1
  1.299 3434 Alaska-slab2-v3                                                                  168.9521   53.2912  6.6
  1.299 3435 Alaska-slab2-v3                                                                  169.0464   53.3608  7.6
  1.299 3436 Alaska-slab2-v3                                                                  169.1410   53.4303  8.7
  1.299 3437 Alaska-slab2-v3                                                                  169.2331   53.5010  9.9
  1.299 3438 Alaska-slab2-v3                                                                  169.3171   53.5750 11.0
  1.299 3439 Alaska-slab2-v3                                                                  169.3959   53.6511 12.3
  1.168 3440 Alaska-slab2-v3                                                                  169.4747   53.7269 13.9
  1.299 3443 Alaska-slab2-v3                                                                  168.6937   53.4032  6.5
  1.299 3444 Alaska-slab2-v3                                                                  168.7853   53.4742  7.5
  1.299 3445 Alaska-slab2-v3                                                                  168.8772   53.5452  8.6
  1.299 3446 Alaska-slab2-v3                                                                  168.9678   53.6168  9.7
  1.299 3447 Alaska-slab2-v3                                                                  169.0484   53.6922 10.8
  1.299 3448 Alaska-slab2-v3                                                                  169.1204   53.7707 12.1
  1.137 3449 Alaska-slab2-v3                                                                  169.1926   53.8490 13.5
  1.299 3452 Alaska-slab2-v3                                                                  168.4354   53.5154  6.5
  1.299 3453 Alaska-slab2-v3                                                                  168.5250   53.5876  7.4
  1.299 3454 Alaska-slab2-v3                                                                  168.6148   53.6597  8.4
  1.299 3455 Alaska-slab2-v3                                                                  168.7047   53.7319  9.4
  1.299 3456 Alaska-slab2-v3                                                                  168.7843   53.8076 10.4
  1.299 3457 Alaska-slab2-v3                                                                  168.8518   53.8876 11.6
  1.113 3458 Alaska-slab2-v3                                                                  168.9174   53.9681 13.0
  0.602 3459 Alaska-slab2-v3                                                                  168.9837   54.0479 14.6
  1.299 3461 Alaska-slab2-v3                                                                  168.1774   53.6281  6.4
  1.299 3462 Alaska-slab2-v3                                                                  168.2654   53.7012  7.3
  1.299 3463 Alaska-slab2-v3                                                                  168.3536   53.7742  8.2
  1.299 3464 Alaska-slab2-v3                                                                  168.4421   53.8471  9.1
  1.299 3465 Alaska-slab2-v3                                                                  168.5235   53.9225 10.1
  1.299 3466 Alaska-slab2-v3                                                                  168.5906   54.0025 11.1
  1.299 3467 Alaska-slab2-v3                                                                  168.6510   54.0846 12.3
  1.144 3468 Alaska-slab2-v3                                                                  168.7115   54.1664 13.7
  1.299 3471 Alaska-slab2-v3                                                                  167.9197   53.7416  6.4
  1.299 3472 Alaska-slab2-v3                                                                  168.0058   53.8156  7.3
  1.299 3473 Alaska-slab2-v3                                                                  168.0922   53.8895  8.1
  1.299 3474 Alaska-slab2-v3                                                                  168.1790   53.9633  8.9
  1.299 3475 Alaska-slab2-v3                                                                  168.2618   54.0384  9.8
  1.299 3476 Alaska-slab2-v3                                                                  168.3297   54.1182 10.7
  1.299 3477 Alaska-slab2-v3                                                                  168.3866   54.2014 11.7
  1.123 3478 Alaska-slab2-v3                                                                  168.4436   54.2844 13.0
  0.621 3479 Alaska-slab2-v3                                                                  168.5002   54.3669 14.6
  1.299 3481 Alaska-slab2-v3                                                                  167.6621   53.8559  6.4
  1.299 3482 Alaska-slab2-v3                                                                  167.7460   53.9309  7.3
  1.299 3483 Alaska-slab2-v3                                                                  167.8302   54.0058  8.1
  1.299 3484 Alaska-slab2-v3                                                                  167.9147   54.0806  8.9
  1.299 3485 Alaska-slab2-v3                                                                  167.9964   54.1563  9.8
  1.299 3486 Alaska-slab2-v3                                                                  168.0623   54.2367 10.6
  1.299 3487 Alaska-slab2-v3                                                                  168.1154   54.3209 11.5
  1.299 3488 Alaska-slab2-v3                                                                  168.1686   54.4048 12.7
  1.126 3489 Alaska-slab2-v3                                                                  168.2219   54.4885 14.1
  1.299 3492 Alaska-slab2-v3                                                                  167.4045   53.9710  6.4
  1.299 3493 Alaska-slab2-v3                                                                  167.4858   54.0470  7.2
  1.299 3494 Alaska-slab2-v3                                                                  167.5675   54.1229  8.1
  1.299 3495 Alaska-slab2-v3                                                                  167.6494   54.1988  8.9
  1.299 3496 Alaska-slab2-v3                                                                  167.7277   54.2757  9.8
  1.299 3497 Alaska-slab2-v3                                                                  167.7888   54.3573 10.7
  1.299 3498 Alaska-slab2-v3                                                                  167.8365   54.4426 11.6
  1.299 3499 Alaska-slab2-v3                                                                  167.8844   54.5277 12.7
  1.018 3500 Alaska-slab2-v3                                                                  167.9324   54.6126 14.0
  1.299 3503 Alaska-slab2-v3                                                                  167.1467   54.0865  6.4
  1.299 3504 Alaska-slab2-v3                                                                  167.2254   54.1636  7.2
  1.299 3505 Alaska-slab2-v3                                                                  167.3044   54.2406  8.1
  1.299 3506 Alaska-slab2-v3                                                                  167.3837   54.3175  8.9
  1.299 3507 Alaska-slab2-v3                                                                  167.4581   54.3956  9.8
  1.299 3508 Alaska-slab2-v3                                                                  167.5138   54.4785 10.7
  1.299 3509 Alaska-slab2-v3                                                                  167.5557   54.5648 11.7
  1.299 3510 Alaska-slab2-v3                                                                  167.5977   54.6510 12.8
  1.299 3511 Alaska-slab2-v3                                                                  167.6398   54.7370 14.0
  1.299 3515 Alaska-slab2-v3                                                                  166.8888   54.2024  6.4
  1.299 3516 Alaska-slab2-v3                                                                  166.9648   54.2805  7.3
  1.299 3517 Alaska-slab2-v3                                                                  167.0410   54.3585  8.1
  1.299 3518 Alaska-slab2-v3                                                                  167.1176   54.4364  9.0
  1.299 3519 Alaska-slab2-v3                                                                  167.1884   54.5156  9.8
  1.299 3520 Alaska-slab2-v3                                                                  167.2394   54.5995 10.8
  1.299 3521 Alaska-slab2-v3                                                                  167.2765   54.6866 11.7
  1.299 3522 Alaska-slab2-v3                                                                  167.3137   54.7736 12.8
  1.243 3523 Alaska-slab2-v3                                                                  167.3511   54.8604 13.9
  1.039 3527 Alaska-slab2-v3                                                                  166.6302   54.3186  6.4
  1.039 3528 Alaska-slab2-v3                                                                  166.7030   54.3977  7.3
  1.039 3529 Alaska-slab2-v3                                                                  166.7761   54.4767  8.2
  1.039 3530 Alaska-slab2-v3                                                                  166.8495   54.5557  9.1
  1.039 3531 Alaska-slab2-v3                                                                  166.9145   54.6365  9.9
  1.039 3532 Alaska-slab2-v3                                                                  166.9596   54.7217 10.8
  1.039 3533 Alaska-slab2-v3                                                                  166.9933   54.8092 11.8
  1.039 3534 Alaska-slab2-v3                                                                  167.0272   54.8967 12.8
  0.950 3535 Alaska-slab2-v3                                                                  167.0612   54.9841 13.9
  1.559 3539 Alaska-slab2-v3                                                                  166.3705   54.4349  6.5
  1.559 3540 Alaska-slab2-v3                                                                  166.4394   54.5152  7.5
  1.559 3541 Alaska-slab2-v3                                                                  166.5086   54.5954  8.4
  1.559 3542 Alaska-slab2-v3                                                                  166.5778   54.6756  9.4
  1.559 3543 Alaska-slab2-v3                                                                  166.6319   54.7588 10.3
  1.559 3544 Alaska-slab2-v3                                                                  166.6665   54.8459 11.2
  1.559 3545 Alaska-slab2-v3                                                                  166.6966   54.9340 12.1
  1.559 3546 Alaska-slab2-v3                                                                  166.7269   55.0220 13.0
  1.328 3547 Alaska-slab2-v3                                                                  166.7572   55.1099 14.0
  1.559 3551 Alaska-slab2-v3                                                                  166.1096   54.5512  6.6
  1.559 3552 Alaska-slab2-v3                                                                  166.1735   54.6327  7.7
  1.559 3553 Alaska-slab2-v3                                                                  166.2376   54.7142  8.8
  1.559 3554 Alaska-slab2-v3                                                                  166.2954   54.7968  9.9
  1.559 3555 Alaska-slab2-v3                                                                  166.3336   54.8830 10.8
  1.559 3556 Alaska-slab2-v3                                                                  166.3587   54.9715 11.7
  1.559 3557 Alaska-slab2-v3                                                                  166.3840   55.0601 12.6
  1.559 3558 Alaska-slab2-v3                                                                  166.4093   55.1486 13.5
  1.227 3559 Alaska-slab2-v3                                                                  166.4358   55.2369 14.5
  1.039 3563 Alaska-slab2-v3                                                                  165.8466   54.6675  6.7
  1.039 3564 Alaska-slab2-v3                                                                  165.9035   54.7504  8.1
  1.039 3565 Alaska-slab2-v3                                                                  165.9582   54.8337  9.4
  1.039 3566 Alaska-slab2-v3                                                                  165.9972   54.9195 10.5
  1.039 3567 Alaska-slab2-v3                                                                  166.0196   55.0079 11.5
  1.039 3568 Alaska-slab2-v3                                                                  166.0385   55.0969 12.4
  1.039 3569 Alaska-slab2-v3                                                                  166.0575   55.1860 13.3
  1.011 3570 Alaska-slab2-v3                                                                  166.0767   55.2751 14.2
