  3.810 2145 Alaska-slab2-v3                                                                  196.1928   52.8211  8.8
  2.003 2146 Alaska-slab2-v3                                                                  196.1029   52.8721 13.0
  0.315 2147 Alaska-slab2-v3                                                                  196.0243   52.9465 14.7
  3.810 2160 Alaska-slab2-v3                                                                  195.9164   52.7538  8.8
  2.025 2161 Alaska-slab2-v3                                                                  195.8277   52.8066 13.0
  0.336 2162 Alaska-slab2-v3                                                                  195.7503   52.8815 14.6
  3.810 2175 Alaska-slab2-v3                                                                  195.6419   52.6846  8.7
  2.286 2176 Alaska-slab2-v3                                                                  195.5535   52.7408 12.7
  0.541 2177 Alaska-slab2-v3                                                                  195.4769   52.8160 14.4
  3.810 2190 Alaska-slab2-v3                                                                  195.3701   52.6129  8.4
  2.677 2191 Alaska-slab2-v3                                                                  195.2821   52.6730 12.2
  0.813 2192 Alaska-slab2-v3                                                                  195.2065   52.7485 14.0
  3.810 2205 Alaska-slab2-v3                                                                  195.1009   52.5389  8.2
  3.048 2206 Alaska-slab2-v3                                                                  195.0141   52.6025 11.6
  1.058 2207 Alaska-slab2-v3                                                                  194.9402   52.6785 13.5
  7.620 2220 Alaska-slab2-v3                                                                  194.8340   52.4634  7.9
  6.602 2221 Alaska-slab2-v3                                                                  194.7491   52.5299 11.1
  2.465 2222 Alaska-slab2-v3                                                                  194.6767   52.6063 13.1
 11.430 2235 Alaska-slab2-v3                                                                  194.5680   52.3876  7.8
 10.218 2236 Alaska-slab2-v3                                                                  194.4852   52.4562 10.8
  3.923 2237 Alaska-slab2-v3                                                                  194.4138   52.5328 12.7
 15.240 2250 Alaska-slab2-v3                                                                  194.3010   52.3122  7.7
 15.240 2251 Alaska-slab2-v3                                                                  194.2199   52.3821 10.5
  9.518 2252 Alaska-slab2-v3                                                                  194.1497   52.4592 12.4
  4.552 2253 Alaska-slab2-v3                                                                  194.0814   52.5384 13.6
 15.240 2265 Alaska-slab2-v3                                                                  194.0320   52.2386  7.6
 15.240 2266 Alaska-slab2-v3                                                                  193.9525   52.3094 10.4
  9.343 2267 Alaska-slab2-v3                                                                  193.8835   52.3869 12.3
  4.399 2268 Alaska-slab2-v3                                                                  193.8169   52.4665 13.5
 15.240 2279 Alaska-slab2-v3                                                                  193.7606   52.1681  7.6
 15.240 2280 Alaska-slab2-v3                                                                  193.6826   52.2395 10.4
  9.165 2281 Alaska-slab2-v3                                                                  193.6149   52.3174 12.3
  4.288 2282 Alaska-slab2-v3                                                                  193.5495   52.3974 13.5
 15.240 2293 Alaska-slab2-v3                                                                  193.4869   52.1014  7.7
 15.240 2294 Alaska-slab2-v3                                                                  193.4102   52.1732 10.5
  9.014 2295 Alaska-slab2-v3                                                                  193.3439   52.2515 12.4
  4.193 2296 Alaska-slab2-v3                                                                  193.2795   52.3318 13.5
 15.240 2307 Alaska-slab2-v3                                                                  193.2114   52.0382  7.7
 15.240 2308 Alaska-slab2-v3                                                                  193.1360   52.1104 10.6
  9.048 2309 Alaska-slab2-v3                                                                  193.0709   52.1890 12.4
  4.295 2310 Alaska-slab2-v3                                                                  193.0074   52.2696 13.6
 15.240 2321 Alaska-slab2-v3                                                                  192.9351   51.9779  7.7
 15.240 2322 Alaska-slab2-v3                                                                  192.8611   52.0507 10.5
  9.285 2323 Alaska-slab2-v3                                                                  192.7969   52.1296 12.4
  4.455 2324 Alaska-slab2-v3                                                                  192.7344   52.2105 13.6
 15.240 2335 Alaska-slab2-v3                                                                  192.6588   51.9199  7.6
 15.240 2336 Alaska-slab2-v3                                                                  192.5868   51.9938 10.3
  9.711 2337 Alaska-slab2-v3                                                                  192.5234   52.0730 12.2
  4.667 2338 Alaska-slab2-v3                                                                  192.4622   52.1542 13.4
 15.240 2349 Alaska-slab2-v3                                                                  192.3835   51.8632  7.4
 15.240 2350 Alaska-slab2-v3                                                                  192.3141   51.9389 10.0
 10.217 2351 Alaska-slab2-v3                                                                  192.2517   52.0185 11.8
  4.915 2352 Alaska-slab2-v3                                                                  192.1922   52.1001 13.0
 11.430 2363 Alaska-slab2-v3                                                                  192.1090   51.8066  7.2
 11.430 2364 Alaska-slab2-v3                                                                  192.0433   51.8843  9.5
  8.200 2365 Alaska-slab2-v3                                                                  191.9823   51.9645 11.2
  3.916 2366 Alaska-slab2-v3                                                                  191.9245   52.0465 12.5
  7.620 2377 Alaska-slab2-v3                                                                  191.8351   51.7486  7.1
  7.620 2378 Alaska-slab2-v3                                                                  191.7736   51.8283  9.0
  7.620 2379 Alaska-slab2-v3                                                                  191.7145   51.9093 10.6
  5.443 2380 Alaska-slab2-v3                                                                  191.6577   51.9915 12.0
  2.910 2381 Alaska-slab2-v3                                                                  191.6008   52.0738 13.2
  3.810 2391 Alaska-slab2-v3                                                                  191.5618   51.6883  6.9
  3.810 2392 Alaska-slab2-v3                                                                  191.5042   51.7695  8.6
  3.810 2393 Alaska-slab2-v3                                                                  191.4470   51.8512 10.1
  2.865 2394 Alaska-slab2-v3                                                                  191.3907   51.9335 11.5
  1.486 2395 Alaska-slab2-v3                                                                  191.3344   52.0158 12.8
  3.810 2404 Alaska-slab2-v3                                                                  191.2896   51.6250  6.8
  3.810 2405 Alaska-slab2-v3                                                                  191.2343   51.7071  8.3
  3.810 2406 Alaska-slab2-v3                                                                  191.1788   51.7894  9.8
  3.022 2407 Alaska-slab2-v3                                                                  191.1231   51.8718 11.1
  1.571 2408 Alaska-slab2-v3                                                                  191.0673   51.9542 12.4
  3.810 2417 Alaska-slab2-v3                                                                  191.0187   51.5590  6.7
  3.810 2418 Alaska-slab2-v3                                                                  190.9645   51.6415  8.2
  3.810 2419 Alaska-slab2-v3                                                                  190.9099   51.7241  9.6
  3.113 2420 Alaska-slab2-v3                                                                  190.8552   51.8068 10.9
  1.629 2421 Alaska-slab2-v3                                                                  190.8003   51.8894 12.2
  3.810 2430 Alaska-slab2-v3                                                                  190.7489   51.4914  6.7
  3.810 2431 Alaska-slab2-v3                                                                  190.6952   51.5741  8.1
  3.810 2432 Alaska-slab2-v3                                                                  190.6413   51.6569  9.5
  3.131 2433 Alaska-slab2-v3                                                                  190.5875   51.7398 10.8
  1.656 2434 Alaska-slab2-v3                                                                  190.5337   51.8227 12.1
  3.810 2443 Alaska-slab2-v3                                                                  190.4797   51.4236  6.7
  3.810 2444 Alaska-slab2-v3                                                                  190.4265   51.5064  8.1
  3.810 2445 Alaska-slab2-v3                                                                  190.3732   51.5893  9.5
  3.106 2446 Alaska-slab2-v3                                                                  190.3203   51.6724 10.8
  1.655 2447 Alaska-slab2-v3                                                                  190.2676   51.7556 12.1
