  6.700 0970 Alaska-slab2-v3                                                                  211.4967   57.2642  6.6
  6.700 0971 Alaska-slab2-v3                                                                  211.3640   57.3176  7.8
  6.700 0972 Alaska-slab2-v3                                                                  211.2308   57.3710  9.0
  6.700 0973 Alaska-slab2-v3                                                                  211.0969   57.4240 10.1
  6.700 0974 Alaska-slab2-v3                                                                  210.9619   57.4765 11.1
  6.700 0975 Alaska-slab2-v3                                                                  210.8263   57.5288 12.1
  6.700 0976 Alaska-slab2-v3                                                                  210.6901   57.5810 12.9
  6.700 0977 Alaska-slab2-v3                                                                  210.5535   57.6331 13.7
  6.700 0978 Alaska-slab2-v3                                                                  210.4165   57.6851 14.5
  6.700 0979 Alaska-slab2-v3                                                                  210.2846   57.7406 15.2
  6.700 0980 Alaska-slab2-v3                                                                  210.1595   57.8006 15.9
  6.700 0981 Alaska-slab2-v3                                                                  210.0354   57.8616 16.6
  6.700 0982 Alaska-slab2-v3                                                                  209.9110   57.9225 17.3
  6.700 0983 Alaska-slab2-v3                                                                  209.7861   57.9832 18.0
  6.700 0984 Alaska-slab2-v3                                                                  209.6608   58.0438 18.7
  6.700 0985 Alaska-slab2-v3                                                                  209.5351   58.1043 19.4
  6.700 0986 Alaska-slab2-v3                                                                  209.4039   58.1611 20.1
  6.700 0987 Alaska-slab2-v3                                                                  209.2644   58.2125 20.9
  6.700 0988 Alaska-slab2-v3                                                                  209.1218   58.2618 21.7
  6.700 0989 Alaska-slab2-v3                                                                  208.9788   58.3110 22.5
  6.700 0990 Alaska-slab2-v3                                                                  208.8354   58.3599 23.3
  6.700 0991 Alaska-slab2-v3                                                                  208.6916   58.4088 24.0
  6.700 0992 Alaska-slab2-v3                                                                  208.5472   58.4574 24.8
  6.700 0993 Alaska-slab2-v3                                                                  208.4012   58.5047 25.5
  6.700 0994 Alaska-slab2-v3                                                                  208.2535   58.5509 26.2
  6.700 0995 Alaska-slab2-v3                                                                  208.1057   58.5968 27.2
  6.700 0996 Alaska-slab2-v3                                                                  207.9581   58.6423 28.4
  6.700 1002 Alaska-slab2-v3                                                                  211.2352   57.1486  6.7
  6.700 1003 Alaska-slab2-v3                                                                  211.1013   57.2007  7.9
  6.700 1004 Alaska-slab2-v3                                                                  210.9669   57.2526  9.2
  6.700 1005 Alaska-slab2-v3                                                                  210.8334   57.3056 10.3
  6.700 1006 Alaska-slab2-v3                                                                  210.7011   57.3598 11.3
  6.700 1007 Alaska-slab2-v3                                                                  210.5684   57.4139 12.2
  6.700 1008 Alaska-slab2-v3                                                                  210.4353   57.4680 13.0
  6.700 1009 Alaska-slab2-v3                                                                  210.3017   57.5220 13.7
  6.700 1010 Alaska-slab2-v3                                                                  210.1676   57.5759 14.5
  6.700 1011 Alaska-slab2-v3                                                                  210.0377   57.6325 15.2
  6.700 1012 Alaska-slab2-v3                                                                  209.9135   57.6930 15.9
  6.700 1013 Alaska-slab2-v3                                                                  209.7905   57.7543 16.6
  6.700 1014 Alaska-slab2-v3                                                                  209.6671   57.8155 17.3
  6.700 1015 Alaska-slab2-v3                                                                  209.5433   57.8766 18.0
  6.700 1016 Alaska-slab2-v3                                                                  209.4190   57.9376 18.7
  6.700 1017 Alaska-slab2-v3                                                                  209.2944   57.9985 19.4
  6.700 1018 Alaska-slab2-v3                                                                  209.1643   58.0560 20.1
  6.700 1019 Alaska-slab2-v3                                                                  209.0268   58.1086 20.9
  6.700 1020 Alaska-slab2-v3                                                                  208.8867   58.1596 21.6
  6.700 1021 Alaska-slab2-v3                                                                  208.7462   58.2105 22.3
  6.700 1022 Alaska-slab2-v3                                                                  208.6053   58.2612 23.1
  6.700 1023 Alaska-slab2-v3                                                                  208.4640   58.3118 23.8
  6.700 1024 Alaska-slab2-v3                                                                  208.3223   58.3621 24.6
  6.700 1025 Alaska-slab2-v3                                                                  208.1768   58.4093 25.4
  6.700 1026 Alaska-slab2-v3                                                                  208.0275   58.4533 26.4
  6.700 1027 Alaska-slab2-v3                                                                  207.8782   58.4969 27.5
  6.653 1028 Alaska-slab2-v3                                                                  207.7299   58.5407 29.1
  6.700 1034 Alaska-slab2-v3                                                                  210.9648   57.0387  6.8
  6.700 1035 Alaska-slab2-v3                                                                  210.8281   57.0879  8.2
  6.700 1036 Alaska-slab2-v3                                                                  210.6921   57.1379  9.5
  6.700 1037 Alaska-slab2-v3                                                                  210.5617   57.1925 10.6
  6.700 1038 Alaska-slab2-v3                                                                  210.4359   57.2507 11.6
  6.700 1039 Alaska-slab2-v3                                                                  210.3097   57.3090 12.3
  6.700 1040 Alaska-slab2-v3                                                                  210.1830   57.3673 13.0
  6.700 1041 Alaska-slab2-v3                                                                  210.0559   57.4255 13.6
  6.700 1042 Alaska-slab2-v3                                                                  209.9283   57.4835 14.2
  6.700 1043 Alaska-slab2-v3                                                                  209.8016   57.5422 14.8
  6.700 1044 Alaska-slab2-v3                                                                  209.6765   57.6020 15.5
  6.700 1045 Alaska-slab2-v3                                                                  209.5515   57.6619 16.2
  6.700 1046 Alaska-slab2-v3                                                                  209.4259   57.7216 17.0
  6.700 1047 Alaska-slab2-v3                                                                  209.2999   57.7811 17.8
  6.700 1048 Alaska-slab2-v3                                                                  209.1735   57.8405 18.6
  6.700 1049 Alaska-slab2-v3                                                                  209.0467   57.8997 19.5
  6.700 1050 Alaska-slab2-v3                                                                  208.9154   57.9562 20.2
  6.700 1051 Alaska-slab2-v3                                                                  208.7783   58.0090 20.9
  6.700 1052 Alaska-slab2-v3                                                                  208.6396   58.0609 21.6
  6.700 1053 Alaska-slab2-v3                                                                  208.5005   58.1126 22.3
  6.700 1054 Alaska-slab2-v3                                                                  208.3610   58.1641 23.0
  6.700 1055 Alaska-slab2-v3                                                                  208.2211   58.2154 23.8
  6.700 1056 Alaska-slab2-v3                                                                  208.0803   58.2659 24.7
  6.700 1057 Alaska-slab2-v3                                                                  207.9347   58.3123 25.8
  6.700 1058 Alaska-slab2-v3                                                                  207.7853   58.3551 27.0
  6.597 1059 Alaska-slab2-v3                                                                  207.6362   58.3976 28.5
  6.700 1065 Alaska-slab2-v3                                                                  210.6874   56.9346  6.8
  6.700 1066 Alaska-slab2-v3                                                                  210.5480   56.9808  8.4
  6.700 1067 Alaska-slab2-v3                                                                  210.4119   57.0299  9.8
  6.700 1068 Alaska-slab2-v3                                                                  210.2868   57.0872 10.9
  6.700 1069 Alaska-slab2-v3                                                                  210.1685   57.1498 11.8
  6.700 1070 Alaska-slab2-v3                                                                  210.0496   57.2125 12.4
  6.700 1071 Alaska-slab2-v3                                                                  209.9302   57.2750 12.9
  6.700 1072 Alaska-slab2-v3                                                                  209.8103   57.3375 13.4
  6.700 1073 Alaska-slab2-v3                                                                  209.6901   57.3999 13.8
  6.700 1074 Alaska-slab2-v3                                                                  209.5694   57.4622 14.3
  6.700 1075 Alaska-slab2-v3                                                                  209.4478   57.5238 14.9
  6.700 1076 Alaska-slab2-v3                                                                  209.3210   57.5823 15.7
  6.700 1077 Alaska-slab2-v3                                                                  209.1897   57.6379 16.6
  6.700 1078 Alaska-slab2-v3                                                                  209.0581   57.6934 17.6
  6.700 1079 Alaska-slab2-v3                                                                  208.9260   57.7487 18.6
  6.700 1080 Alaska-slab2-v3                                                                  208.7936   57.8039 19.5
  6.700 1081 Alaska-slab2-v3                                                                  208.6590   57.8579 20.4
  6.700 1082 Alaska-slab2-v3                                                                  208.5220   57.9105 21.1
  6.700 1083 Alaska-slab2-v3                                                                  208.3842   57.9627 21.8
  6.700 1084 Alaska-slab2-v3                                                                  208.2460   58.0148 22.5
  6.700 1085 Alaska-slab2-v3                                                                  208.1075   58.0667 23.3
  6.700 1086 Alaska-slab2-v3                                                                  207.9685   58.1181 24.2
  6.700 1087 Alaska-slab2-v3                                                                  207.8265   58.1670 25.4
  6.700 1088 Alaska-slab2-v3                                                                  207.6805   58.2121 26.7
  6.700 1089 Alaska-slab2-v3                                                                  207.5330   58.2555 28.3
  6.700 1095 Alaska-slab2-v3                                                                  210.4074   56.8380  6.8
  6.700 1096 Alaska-slab2-v3                                                                  210.2708   56.8864  8.3
  6.700 1097 Alaska-slab2-v3                                                                  210.1362   56.9367  9.6
  6.700 1098 Alaska-slab2-v3                                                                  210.0128   56.9950 10.7
  6.700 1099 Alaska-slab2-v3                                                                  209.8978   57.0594 11.5
  6.700 1100 Alaska-slab2-v3                                                                  209.7823   57.1238 12.1
  6.700 1101 Alaska-slab2-v3                                                                  209.6663   57.1881 12.6
  6.700 1102 Alaska-slab2-v3                                                                  209.5498   57.2524 13.0
  6.700 1103 Alaska-slab2-v3                                                                  209.4329   57.3166 13.4
  6.700 1104 Alaska-slab2-v3                                                                  209.3157   57.3806 13.9
  6.700 1105 Alaska-slab2-v3                                                                  209.1981   57.4444 14.5
  6.700 1106 Alaska-slab2-v3                                                                  209.0722   57.5028 15.4
  6.700 1107 Alaska-slab2-v3                                                                  208.9368   57.5550 16.5
  6.700 1108 Alaska-slab2-v3                                                                  208.8000   57.6062 17.6
  6.700 1109 Alaska-slab2-v3                                                                  208.6628   57.6573 18.8
  6.700 1110 Alaska-slab2-v3                                                                  208.5262   57.7091 19.9
  6.700 1111 Alaska-slab2-v3                                                                  208.3906   57.7621 20.9
  6.700 1112 Alaska-slab2-v3                                                                  208.2550   57.8153 21.6
  6.700 1113 Alaska-slab2-v3                                                                  208.1189   57.8684 22.4
  6.700 1114 Alaska-slab2-v3                                                                  207.9824   57.9214 23.2
  6.700 1115 Alaska-slab2-v3                                                                  207.8453   57.9738 24.1
  6.700 1116 Alaska-slab2-v3                                                                  207.7057   58.0241 25.3
  6.700 1117 Alaska-slab2-v3                                                                  207.5623   58.0710 26.6
  6.700 1118 Alaska-slab2-v3                                                                  207.4173   58.1161 28.2
  6.700 1124 Alaska-slab2-v3                                                                  210.1278   56.7480  6.7
  6.700 1125 Alaska-slab2-v3                                                                  210.0014   56.8041  8.0
  6.700 1126 Alaska-slab2-v3                                                                  209.8744   56.8602  9.1
  6.700 1127 Alaska-slab2-v3                                                                  209.7519   56.9196 10.1
  6.700 1128 Alaska-slab2-v3                                                                  209.6341   56.9823 10.9
  6.700 1129 Alaska-slab2-v3                                                                  209.5161   57.0452 11.5
  6.700 1130 Alaska-slab2-v3                                                                  209.3976   57.1080 12.0
  6.700 1131 Alaska-slab2-v3                                                                  209.2787   57.1707 12.5
  6.700 1132 Alaska-slab2-v3                                                                  209.1594   57.2333 13.0
  6.700 1133 Alaska-slab2-v3                                                                  209.0398   57.2957 13.7
  6.700 1134 Alaska-slab2-v3                                                                  208.9194   57.3575 14.5
  6.700 1135 Alaska-slab2-v3                                                                  208.7913   57.4141 15.6
  6.700 1136 Alaska-slab2-v3                                                                  208.6549   57.4649 16.9
  6.700 1137 Alaska-slab2-v3                                                                  208.5171   57.5147 18.2
  6.700 1138 Alaska-slab2-v3                                                                  208.3798   57.5651 19.5
  6.700 1139 Alaska-slab2-v3                                                                  208.2446   57.6176 20.6
  6.700 1140 Alaska-slab2-v3                                                                  208.1113   57.6720 21.6
  6.700 1141 Alaska-slab2-v3                                                                  207.9779   57.7265 22.5
  6.700 1142 Alaska-slab2-v3                                                                  207.8441   57.7809 23.3
  6.700 1143 Alaska-slab2-v3                                                                  207.7093   57.8347 24.2
  6.700 1144 Alaska-slab2-v3                                                                  207.5717   57.8861 25.4
  6.700 1145 Alaska-slab2-v3                                                                  207.4304   57.9343 26.7
  6.700 1146 Alaska-slab2-v3                                                                  207.2874   57.9808 28.3
  6.700 1153 Alaska-slab2-v3                                                                  209.8466   56.6594  6.6
  6.700 1154 Alaska-slab2-v3                                                                  209.7304   56.7223  7.6
  6.700 1155 Alaska-slab2-v3                                                                  209.6138   56.7850  8.6
  6.700 1156 Alaska-slab2-v3                                                                  209.4968   56.8478  9.5
  6.700 1157 Alaska-slab2-v3                                                                  209.3777   56.9096 10.4
  6.700 1158 Alaska-slab2-v3                                                                  209.2553   56.9697 11.1
  6.700 1159 Alaska-slab2-v3                                                                  209.1314   57.0291 11.7
  6.700 1160 Alaska-slab2-v3                                                                  209.0072   57.0883 12.4
  6.700 1161 Alaska-slab2-v3                                                                  208.8826   57.1474 13.1
  6.700 1162 Alaska-slab2-v3                                                                  208.7578   57.2063 14.0
  6.700 1163 Alaska-slab2-v3                                                                  208.6310   57.2637 15.1
  6.700 1164 Alaska-slab2-v3                                                                  208.4990   57.3173 16.4
  6.700 1165 Alaska-slab2-v3                                                                  208.3638   57.3687 17.8
  6.700 1166 Alaska-slab2-v3                                                                  208.2285   57.4201 19.1
  6.700 1167 Alaska-slab2-v3                                                                  208.0951   57.4733 20.4
  6.700 1168 Alaska-slab2-v3                                                                  207.9641   57.5286 21.5
  6.700 1169 Alaska-slab2-v3                                                                  207.8334   57.5846 22.4
  6.700 1170 Alaska-slab2-v3                                                                  207.7023   57.6404 23.3
  6.700 1171 Alaska-slab2-v3                                                                  207.5703   57.6958 24.2
  6.700 1172 Alaska-slab2-v3                                                                  207.4351   57.7486 25.3
  6.700 1173 Alaska-slab2-v3                                                                  207.2957   57.7981 26.6
  6.700 1174 Alaska-slab2-v3                                                                  207.1548   57.8461 28.1
  5.997 1175 Alaska-slab2-v3                                                                  207.0154   57.8948 29.8
  6.700 1181 Alaska-slab2-v3                                                                  209.5620   56.5690  6.5
  6.700 1182 Alaska-slab2-v3                                                                  209.4493   56.6338  7.4
  6.700 1183 Alaska-slab2-v3                                                                  209.3362   56.6985  8.4
  6.700 1184 Alaska-slab2-v3                                                                  209.2227   56.7631  9.3
  6.700 1185 Alaska-slab2-v3                                                                  209.1047   56.8252 10.2
  6.700 1186 Alaska-slab2-v3                                                                  208.9805   56.8838 11.0
  6.700 1187 Alaska-slab2-v3                                                                  208.8540   56.9412 11.9
  6.700 1188 Alaska-slab2-v3                                                                  208.7273   56.9984 12.8
  6.700 1189 Alaska-slab2-v3                                                                  208.6002   57.0555 13.8
  6.700 1190 Alaska-slab2-v3                                                                  208.4722   57.1118 14.9
  6.700 1191 Alaska-slab2-v3                                                                  208.3419   57.1666 16.1
  6.700 1192 Alaska-slab2-v3                                                                  208.2099   57.2201 17.5
  6.700 1193 Alaska-slab2-v3                                                                  208.0774   57.2733 18.8
  6.700 1194 Alaska-slab2-v3                                                                  207.9459   57.3275 20.0
  6.700 1195 Alaska-slab2-v3                                                                  207.8167   57.3837 21.1
  6.700 1196 Alaska-slab2-v3                                                                  207.6884   57.4409 22.1
  6.700 1197 Alaska-slab2-v3                                                                  207.5597   57.4979 23.1
  6.700 1198 Alaska-slab2-v3                                                                  207.4306   57.5548 24.0
  6.700 1199 Alaska-slab2-v3                                                                  207.2987   57.6097 25.1
  6.700 1200 Alaska-slab2-v3                                                                  207.1620   57.6610 26.3
  6.700 1201 Alaska-slab2-v3                                                                  207.0233   57.7106 27.7
  5.928 1202 Alaska-slab2-v3                                                                  206.8854   57.7603 29.3
  6.700 1208 Alaska-slab2-v3                                                                  209.2769   56.4763  6.5
  6.700 1209 Alaska-slab2-v3                                                                  209.1633   56.5403  7.6
  6.700 1210 Alaska-slab2-v3                                                                  209.0493   56.6043  8.6
  6.700 1211 Alaska-slab2-v3                                                                  208.9339   56.6675  9.7
  6.700 1212 Alaska-slab2-v3                                                                  208.8140   56.7282 10.7
  6.700 1213 Alaska-slab2-v3                                                                  208.6901   56.7867 11.7
  6.700 1214 Alaska-slab2-v3                                                                  208.5650   56.8445 12.7
  6.700 1215 Alaska-slab2-v3                                                                  208.4395   56.9022 13.7
  6.700 1216 Alaska-slab2-v3                                                                  208.3132   56.9594 14.8
  6.700 1217 Alaska-slab2-v3                                                                  208.1854   57.0156 16.0
  6.700 1218 Alaska-slab2-v3                                                                  208.0563   57.0710 17.2
  6.700 1219 Alaska-slab2-v3                                                                  207.9267   57.1262 18.4
  6.700 1220 Alaska-slab2-v3                                                                  207.7970   57.1815 19.5
  6.700 1221 Alaska-slab2-v3                                                                  207.6691   57.2383 20.6
  6.700 1222 Alaska-slab2-v3                                                                  207.5428   57.2963 21.6
  6.700 1223 Alaska-slab2-v3                                                                  207.4163   57.3544 22.6
  6.700 1224 Alaska-slab2-v3                                                                  207.2894   57.4124 23.5
  6.700 1225 Alaska-slab2-v3                                                                  207.1613   57.4696 24.6
  6.700 1226 Alaska-slab2-v3                                                                  207.0288   57.5236 25.8
  6.700 1227 Alaska-slab2-v3                                                                  206.8925   57.5748 27.1
  6.700 1228 Alaska-slab2-v3                                                                  206.7559   57.6256 28.6
  6.700 1235 Alaska-slab2-v3                                                                  208.9945   56.3819  6.7
  6.700 1236 Alaska-slab2-v3                                                                  208.8802   56.4447  8.1
  6.700 1237 Alaska-slab2-v3                                                                  208.7647   56.5072  9.4
  6.700 1238 Alaska-slab2-v3                                                                  208.6463   56.5684 10.6
  6.700 1239 Alaska-slab2-v3                                                                  208.5248   56.6279 11.7
  6.700 1240 Alaska-slab2-v3                                                                  208.4020   56.6869 12.7
  6.700 1241 Alaska-slab2-v3                                                                  208.2787   56.7458 13.7
  6.700 1242 Alaska-slab2-v3                                                                  208.1550   56.8045 14.6
  6.700 1243 Alaska-slab2-v3                                                                  208.0304   56.8627 15.7
  6.700 1244 Alaska-slab2-v3                                                                  207.9047   56.9202 16.7
  6.700 1245 Alaska-slab2-v3                                                                  207.7785   56.9776 17.8
  6.700 1246 Alaska-slab2-v3                                                                  207.6520   57.0348 18.9
  6.700 1247 Alaska-slab2-v3                                                                  207.5256   57.0923 19.9
  6.700 1248 Alaska-slab2-v3                                                                  207.4004   57.1507 20.9
  6.700 1249 Alaska-slab2-v3                                                                  207.2759   57.2098 21.8
  6.700 1250 Alaska-slab2-v3                                                                  207.1511   57.2688 22.8
  6.700 1251 Alaska-slab2-v3                                                                  207.0259   57.3275 23.9
  6.700 1252 Alaska-slab2-v3                                                                  206.8982   57.3846 25.0
  6.700 1253 Alaska-slab2-v3                                                                  206.7659   57.4383 26.3
  6.700 1254 Alaska-slab2-v3                                                                  206.6312   57.4903 27.8
  6.057 1255 Alaska-slab2-v3                                                                  206.4970   57.5425 29.4
 11.166 1261 Alaska-slab2-v3                                                                  208.7142   56.2852  7.0
 11.166 1262 Alaska-slab2-v3                                                                  208.5983   56.3460  8.8
 11.166 1263 Alaska-slab2-v3                                                                  208.4812   56.4069 10.4
 11.166 1264 Alaska-slab2-v3                                                                  208.3622   56.4673 11.7
 11.166 1265 Alaska-slab2-v3                                                                  208.2418   56.5275 12.7
 11.166 1266 Alaska-slab2-v3                                                                  208.1208   56.5876 13.5
 11.166 1267 Alaska-slab2-v3                                                                  207.9993   56.6476 14.3
 11.166 1268 Alaska-slab2-v3                                                                  207.8776   56.7076 15.1
 11.166 1269 Alaska-slab2-v3                                                                  207.7556   56.7674 16.0
 11.166 1270 Alaska-slab2-v3                                                                  207.6333   56.8270 16.9
 11.166 1271 Alaska-slab2-v3                                                                  207.5107   56.8865 17.9
 11.166 1272 Alaska-slab2-v3                                                                  207.3876   56.9458 18.9
 11.166 1273 Alaska-slab2-v3                                                                  207.2645   57.0052 20.0
 11.166 1274 Alaska-slab2-v3                                                                  207.1413   57.0648 20.9
 11.166 1275 Alaska-slab2-v3                                                                  207.0179   57.1243 21.9
 11.166 1276 Alaska-slab2-v3                                                                  206.8942   57.1838 23.0
 11.166 1277 Alaska-slab2-v3                                                                  206.7703   57.2430 24.1
 11.166 1278 Alaska-slab2-v3                                                                  206.6429   57.2999 25.3
 11.166 1279 Alaska-slab2-v3                                                                  206.5111   57.3536 26.7
 11.166 1280 Alaska-slab2-v3                                                                  206.3779   57.4063 28.2
 10.749 1281 Alaska-slab2-v3                                                                  206.2462   57.4599 29.9
 15.633 1286 Alaska-slab2-v3                                                                  208.4356   56.1865  7.2
 15.633 1287 Alaska-slab2-v3                                                                  208.3171   56.2446  9.4
 15.633 1288 Alaska-slab2-v3                                                                  208.2000   56.3048 11.1
 15.633 1289 Alaska-slab2-v3                                                                  208.0836   56.3666 12.4
 15.633 1290 Alaska-slab2-v3                                                                  207.9663   56.4286 13.3
 15.633 1291 Alaska-slab2-v3                                                                  207.8484   56.4905 13.9
 15.633 1292 Alaska-slab2-v3                                                                  207.7301   56.5524 14.5
 15.633 1293 Alaska-slab2-v3                                                                  207.6114   56.6141 15.1
 15.633 1294 Alaska-slab2-v3                                                                  207.4923   56.6756 15.9
 15.633 1295 Alaska-slab2-v3                                                                  207.3729   56.7369 16.7
 15.633 1296 Alaska-slab2-v3                                                                  207.2532   56.7980 17.7
 15.633 1297 Alaska-slab2-v3                                                                  207.1331   56.8590 18.8
 15.633 1298 Alaska-slab2-v3                                                                  207.0125   56.9197 19.8
 15.633 1299 Alaska-slab2-v3                                                                  206.8906   56.9798 20.9
 15.633 1300 Alaska-slab2-v3                                                                  206.7676   57.0393 21.9
 15.633 1301 Alaska-slab2-v3                                                                  206.6443   57.0987 23.0
 15.633 1302 Alaska-slab2-v3                                                                  206.5208   57.1579 24.2
 15.633 1303 Alaska-slab2-v3                                                                  206.3936   57.2146 25.5
 15.633 1304 Alaska-slab2-v3                                                                  206.2622   57.2683 27.0
 15.099 1305 Alaska-slab2-v3                                                                  206.1302   57.3214 28.6
 20.100 1311 Alaska-slab2-v3                                                                  208.1595   56.0867  7.3
 20.100 1312 Alaska-slab2-v3                                                                  208.0398   56.1434  9.6
 20.100 1313 Alaska-slab2-v3                                                                  207.9244   56.2042 11.4
 20.100 1314 Alaska-slab2-v3                                                                  207.8116   56.2679 12.6
 20.100 1315 Alaska-slab2-v3                                                                  207.6980   56.3317 13.5
 20.100 1316 Alaska-slab2-v3                                                                  207.5837   56.3957 14.0
 20.100 1317 Alaska-slab2-v3                                                                  207.4690   56.4595 14.5
 20.100 1318 Alaska-slab2-v3                                                                  207.3537   56.5231 14.9
 20.100 1319 Alaska-slab2-v3                                                                  207.2369   56.5859 15.6
 20.100 1320 Alaska-slab2-v3                                                                  207.1192   56.6480 16.5
 20.100 1321 Alaska-slab2-v3                                                                  207.0012   56.7100 17.4
 20.100 1322 Alaska-slab2-v3                                                                  206.8829   56.7717 18.5
 20.100 1323 Alaska-slab2-v3                                                                  206.7640   56.8332 19.6
 20.100 1324 Alaska-slab2-v3                                                                  206.6430   56.8935 20.8
 20.100 1325 Alaska-slab2-v3                                                                  206.5202   56.9528 21.9
 20.100 1326 Alaska-slab2-v3                                                                  206.3971   57.0120 23.1
 20.100 1327 Alaska-slab2-v3                                                                  206.2734   57.0708 24.4
 20.100 1328 Alaska-slab2-v3                                                                  206.1463   57.1272 25.8
 20.100 1329 Alaska-slab2-v3                                                                  206.0159   57.1812 27.4
 20.100 1330 Alaska-slab2-v3                                                                  205.8862   57.2351 29.2
 20.100 1335 Alaska-slab2-v3                                                                  207.8868   55.9865  7.2
 20.100 1336 Alaska-slab2-v3                                                                  207.7667   56.0430  9.5
 20.100 1337 Alaska-slab2-v3                                                                  207.6526   56.1043 11.3
 20.100 1338 Alaska-slab2-v3                                                                  207.5425   56.1693 12.5
 20.100 1339 Alaska-slab2-v3                                                                  207.4315   56.2344 13.4
 20.100 1340 Alaska-slab2-v3                                                                  207.3199   56.2996 13.9
 20.100 1341 Alaska-slab2-v3                                                                  207.2079   56.3648 14.4
 20.100 1342 Alaska-slab2-v3                                                                  207.0952   56.4297 14.8
 20.100 1343 Alaska-slab2-v3                                                                  206.9806   56.4935 15.5
 20.100 1344 Alaska-slab2-v3                                                                  206.8642   56.5562 16.3
 20.100 1345 Alaska-slab2-v3                                                                  206.7475   56.6188 17.3
 20.100 1346 Alaska-slab2-v3                                                                  206.6307   56.6812 18.4
 20.100 1347 Alaska-slab2-v3                                                                  206.5132   56.7432 19.6
 20.100 1348 Alaska-slab2-v3                                                                  206.3933   56.8038 20.8
 20.100 1349 Alaska-slab2-v3                                                                  206.2714   56.8634 22.1
 20.100 1350 Alaska-slab2-v3                                                                  206.1493   56.9227 23.4
 20.100 1351 Alaska-slab2-v3                                                                  206.0259   56.9813 24.8
 20.100 1352 Alaska-slab2-v3                                                                  205.8994   57.0377 26.3
 20.100 1353 Alaska-slab2-v3                                                                  205.7711   57.0925 28.1
 20.100 1359 Alaska-slab2-v3                                                                  207.6171   55.8859  7.2
 20.100 1360 Alaska-slab2-v3                                                                  207.4972   55.9427  9.3
 20.100 1361 Alaska-slab2-v3                                                                  207.3835   56.0042 11.0
 20.100 1362 Alaska-slab2-v3                                                                  207.2747   56.0698 12.2
 20.100 1363 Alaska-slab2-v3                                                                  207.1652   56.1355 13.1
 20.100 1364 Alaska-slab2-v3                                                                  207.0551   56.2013 13.7
 20.100 1365 Alaska-slab2-v3                                                                  206.9445   56.2670 14.2
 20.100 1366 Alaska-slab2-v3                                                                  206.8334   56.3326 14.8
 20.100 1367 Alaska-slab2-v3                                                                  206.7205   56.3971 15.5
 20.100 1368 Alaska-slab2-v3                                                                  206.6060   56.4607 16.4
 20.100 1369 Alaska-slab2-v3                                                                  206.4913   56.5241 17.4
 20.100 1370 Alaska-slab2-v3                                                                  206.3763   56.5873 18.6
 20.100 1371 Alaska-slab2-v3                                                                  206.2604   56.6500 19.8
 20.100 1372 Alaska-slab2-v3                                                                  206.1422   56.7113 21.1
 20.100 1373 Alaska-slab2-v3                                                                  206.0223   56.7717 22.4
 20.100 1374 Alaska-slab2-v3                                                                  205.9022   56.8320 23.8
 20.100 1375 Alaska-slab2-v3                                                                  205.7800   56.8908 25.4
 20.100 1376 Alaska-slab2-v3                                                                  205.6552   56.9477 27.1
 20.100 1377 Alaska-slab2-v3                                                                  205.5307   57.0041 29.1
 20.100 1383 Alaska-slab2-v3                                                                  207.3500   55.7844  7.0
 20.100 1384 Alaska-slab2-v3                                                                  207.2316   55.8425  9.0
 20.100 1385 Alaska-slab2-v3                                                                  207.1181   55.9043 10.6
 20.100 1386 Alaska-slab2-v3                                                                  207.0097   55.9699 11.9
 20.100 1387 Alaska-slab2-v3                                                                  206.9012   56.0360 12.8
 20.100 1388 Alaska-slab2-v3                                                                  206.7921   56.1021 13.5
 20.100 1389 Alaska-slab2-v3                                                                  206.6826   56.1682 14.1
 20.100 1390 Alaska-slab2-v3                                                                  206.5727   56.2341 14.7
 20.100 1391 Alaska-slab2-v3                                                                  206.4615   56.2993 15.5
 20.100 1392 Alaska-slab2-v3                                                                  206.3492   56.3639 16.5
 20.100 1393 Alaska-slab2-v3                                                                  206.2367   56.4282 17.5
 20.100 1394 Alaska-slab2-v3                                                                  206.1239   56.4924 18.7
 20.100 1395 Alaska-slab2-v3                                                                  206.0099   56.5559 20.0
 20.100 1396 Alaska-slab2-v3                                                                  205.8937   56.6182 21.3
 20.100 1397 Alaska-slab2-v3                                                                  205.7763   56.6798 22.7
 20.100 1398 Alaska-slab2-v3                                                                  205.6585   56.7410 24.2
 20.100 1399 Alaska-slab2-v3                                                                  205.5383   56.8005 26.0
 20.100 1400 Alaska-slab2-v3                                                                  205.4159   56.8582 27.9
 15.977 1401 Alaska-slab2-v3                                                                  205.2960   56.9169 30.0
