  3.981 3212 Alaska-slab2-v3                                                                  173.5355   51.5558  7.3
  3.981 3213 Alaska-slab2-v3                                                                  173.6131   51.6288  9.6
  3.438 3214 Alaska-slab2-v3                                                                  173.6840   51.7054 11.5
  1.795 3215 Alaska-slab2-v3                                                                  173.7507   51.7844 13.0
  3.981 3223 Alaska-slab2-v3                                                                  173.2698   51.6305  7.3
  3.981 3224 Alaska-slab2-v3                                                                  173.3505   51.7024  9.6
  3.396 3225 Alaska-slab2-v3                                                                  173.4244   51.7780 11.4
  1.759 3226 Alaska-slab2-v3                                                                  173.4938   51.8561 12.9
  3.981 3234 Alaska-slab2-v3                                                                  173.0059   51.7080  7.2
  3.981 3235 Alaska-slab2-v3                                                                  173.0895   51.7788  9.5
  3.332 3236 Alaska-slab2-v3                                                                  173.1663   51.8534 11.3
  1.705 3237 Alaska-slab2-v3                                                                  173.2383   51.9306 12.8
  3.981 3246 Alaska-slab2-v3                                                                  172.7438   51.7888  7.2
  3.981 3247 Alaska-slab2-v3                                                                  172.8302   51.8584  9.4
  3.265 3248 Alaska-slab2-v3                                                                  172.9099   51.9320 11.2
  1.655 3249 Alaska-slab2-v3                                                                  172.9845   52.0084 12.6
  3.981 3258 Alaska-slab2-v3                                                                  172.4838   51.8731  7.2
  3.981 3259 Alaska-slab2-v3                                                                  172.5730   51.9417  9.3
  3.224 3260 Alaska-slab2-v3                                                                  172.6557   52.0142 11.0
  1.630 3261 Alaska-slab2-v3                                                                  172.7327   52.0898 12.4
  3.981 3270 Alaska-slab2-v3                                                                  172.2263   51.9610  7.1
  3.981 3271 Alaska-slab2-v3                                                                  172.3179   52.0289  9.1
  3.256 3272 Alaska-slab2-v3                                                                  172.4036   52.1002 10.7
  1.640 3273 Alaska-slab2-v3                                                                  172.4834   52.1748 12.1
  3.981 3283 Alaska-slab2-v3                                                                  171.9713   52.0523  7.0
  3.981 3284 Alaska-slab2-v3                                                                  172.0646   52.1197  8.9
  3.981 3285 Alaska-slab2-v3                                                                  172.1533   52.1898 10.5
  3.275 3286 Alaska-slab2-v3                                                                  172.2361   52.2632 11.9
  1.813 3287 Alaska-slab2-v3                                                                  172.3183   52.3369 13.2
  3.981 3296 Alaska-slab2-v3                                                                  171.7183   52.1464  6.9
  3.981 3297 Alaska-slab2-v3                                                                  171.8132   52.2133  8.7
  3.981 3298 Alaska-slab2-v3                                                                  171.9045   52.2824 10.3
  3.253 3299 Alaska-slab2-v3                                                                  171.9905   52.3544 11.6
  1.762 3300 Alaska-slab2-v3                                                                  172.0751   52.4272 13.0
  3.981 3309 Alaska-slab2-v3                                                                  171.4673   52.2427  6.9
  3.981 3310 Alaska-slab2-v3                                                                  171.5637   52.3090  8.6
  3.981 3311 Alaska-slab2-v3                                                                  171.6574   52.3771 10.1
  3.167 3312 Alaska-slab2-v3                                                                  171.7461   52.4480 11.5
  1.683 3313 Alaska-slab2-v3                                                                  171.8331   52.5199 12.9
  3.981 3322 Alaska-slab2-v3                                                                  171.2178   52.3409  6.9
  3.981 3323 Alaska-slab2-v3                                                                  171.3160   52.4064  8.6
  3.981 3324 Alaska-slab2-v3                                                                  171.4118   52.4735 10.1
  3.041 3325 Alaska-slab2-v3                                                                  171.5029   52.5434 11.4
  1.588 3326 Alaska-slab2-v3                                                                  171.5921   52.6144 12.7
  7.963 3335 Alaska-slab2-v3                                                                  170.9693   52.4405  6.9
  7.963 3336 Alaska-slab2-v3                                                                  171.0693   52.5052  8.5
  7.963 3337 Alaska-slab2-v3                                                                  171.1672   52.5714 10.0
  5.843 3338 Alaska-slab2-v3                                                                  171.2605   52.6403 11.4
  3.025 3339 Alaska-slab2-v3                                                                  171.3519   52.7105 12.6
 11.944 3349 Alaska-slab2-v3                                                                  170.7214   52.5414  6.8
 11.944 3350 Alaska-slab2-v3                                                                  170.8230   52.6053  8.5
 11.944 3351 Alaska-slab2-v3                                                                  170.9229   52.6706 10.0
  8.528 3352 Alaska-slab2-v3                                                                  171.0184   52.7386 11.2
  4.439 3353 Alaska-slab2-v3                                                                  171.1118   52.8079 12.4
 15.926 3363 Alaska-slab2-v3                                                                  170.4736   52.6431  6.8
 15.926 3364 Alaska-slab2-v3                                                                  170.5766   52.7064  8.4
 15.926 3365 Alaska-slab2-v3                                                                  170.6783   52.7708  9.8
 15.926 3366 Alaska-slab2-v3                                                                  170.7761   52.8378 11.1
 11.617 3367 Alaska-slab2-v3                                                                  170.8716   52.9063 12.2
  6.341 3368 Alaska-slab2-v3                                                                  170.9672   52.9746 13.5
 15.926 3377 Alaska-slab2-v3                                                                  170.2255   52.7452  6.8
 15.926 3378 Alaska-slab2-v3                                                                  170.3296   52.8082  8.3
 15.926 3379 Alaska-slab2-v3                                                                  170.4332   52.8718  9.7
 15.926 3380 Alaska-slab2-v3                                                                  170.5333   52.9376 10.9
 11.727 3381 Alaska-slab2-v3                                                                  170.6308   53.0051 12.1
  6.315 3382 Alaska-slab2-v3                                                                  170.7285   53.0725 13.4
 15.926 3392 Alaska-slab2-v3                                                                  169.9768   52.8474  6.7
 15.926 3393 Alaska-slab2-v3                                                                  170.0819   52.9101  8.1
 15.926 3394 Alaska-slab2-v3                                                                  170.1869   52.9731  9.5
 15.926 3395 Alaska-slab2-v3                                                                  170.2892   53.0378 10.8
 11.998 3396 Alaska-slab2-v3                                                                  170.3890   53.1042 12.0
  6.388 3397 Alaska-slab2-v3                                                                  170.4890   53.1704 13.3
 15.926 3407 Alaska-slab2-v3                                                                  169.7243   52.9548  6.7
 15.926 3408 Alaska-slab2-v3                                                                  169.8281   53.0187  8.0
 15.926 3409 Alaska-slab2-v3                                                                  169.9321   53.0825  9.3
 15.926 3410 Alaska-slab2-v3                                                                  170.0337   53.1478 10.5
 12.671 3411 Alaska-slab2-v3                                                                  170.1322   53.2149 11.7
  6.836 3412 Alaska-slab2-v3                                                                  170.2304   53.2821 13.1
 15.926 3416 Alaska-slab2-v3                                                                  169.4675   53.0673  6.6
 15.926 3417 Alaska-slab2-v3                                                                  169.5679   53.1334  7.8
 15.926 3418 Alaska-slab2-v3                                                                  169.6686   53.1994  9.0
 15.926 3419 Alaska-slab2-v3                                                                  169.7667   53.2668 10.2
 13.139 3420 Alaska-slab2-v3                                                                  169.8603   53.3365 11.4
  7.122 3421 Alaska-slab2-v3                                                                  169.9523   53.4068 12.8
 15.926 3425 Alaska-slab2-v3                                                                  169.2101   53.1793  6.6
 15.926 3426 Alaska-slab2-v3                                                                  169.3074   53.2473  7.7
 15.926 3427 Alaska-slab2-v3                                                                  169.4050   53.3152  8.8
 15.926 3428 Alaska-slab2-v3                                                                  169.4998   53.3843 10.0
 13.281 3429 Alaska-slab2-v3                                                                  169.5885   53.4564 11.2
  7.248 3430 Alaska-slab2-v3                                                                  169.6739   53.5297 12.5
 15.926 3434 Alaska-slab2-v3                                                                  168.9521   53.2912  6.6
 15.926 3435 Alaska-slab2-v3                                                                  169.0464   53.3608  7.6
 15.926 3436 Alaska-slab2-v3                                                                  169.1410   53.4303  8.7
 15.926 3437 Alaska-slab2-v3                                                                  169.2331   53.5010  9.9
 13.090 3438 Alaska-slab2-v3                                                                  169.3171   53.5750 11.0
  7.073 3439 Alaska-slab2-v3                                                                  169.3959   53.6511 12.3
 15.926 3443 Alaska-slab2-v3                                                                  168.6937   53.4032  6.5
 15.926 3444 Alaska-slab2-v3                                                                  168.7853   53.4742  7.5
 15.926 3445 Alaska-slab2-v3                                                                  168.8772   53.5452  8.6
 15.926 3446 Alaska-slab2-v3                                                                  168.9678   53.6168  9.7
 12.788 3447 Alaska-slab2-v3                                                                  169.0484   53.6922 10.8
  6.842 3448 Alaska-slab2-v3                                                                  169.1204   53.7707 12.1
 15.926 3452 Alaska-slab2-v3                                                                  168.4354   53.5154  6.5
 15.926 3453 Alaska-slab2-v3                                                                  168.5250   53.5876  7.4
 15.926 3454 Alaska-slab2-v3                                                                  168.6148   53.6597  8.4
 15.926 3455 Alaska-slab2-v3                                                                  168.7047   53.7319  9.4
 15.926 3456 Alaska-slab2-v3                                                                  168.7843   53.8076 10.4
 12.977 3457 Alaska-slab2-v3                                                                  168.8518   53.8876 11.6
  7.078 3458 Alaska-slab2-v3                                                                  168.9174   53.9681 13.0
 15.926 3461 Alaska-slab2-v3                                                                  168.1774   53.6281  6.4
 15.926 3462 Alaska-slab2-v3                                                                  168.2654   53.7012  7.3
 15.926 3463 Alaska-slab2-v3                                                                  168.3536   53.7742  8.2
 15.926 3464 Alaska-slab2-v3                                                                  168.4421   53.8471  9.1
 15.926 3465 Alaska-slab2-v3                                                                  168.5235   53.9225 10.1
 12.286 3466 Alaska-slab2-v3                                                                  168.5906   54.0025 11.1
  6.723 3467 Alaska-slab2-v3                                                                  168.6510   54.0846 12.3
 15.926 3471 Alaska-slab2-v3                                                                  167.9197   53.7416  6.4
 15.926 3472 Alaska-slab2-v3                                                                  168.0058   53.8156  7.3
 15.926 3473 Alaska-slab2-v3                                                                  168.0922   53.8895  8.1
 15.926 3474 Alaska-slab2-v3                                                                  168.1790   53.9633  8.9
 15.926 3475 Alaska-slab2-v3                                                                  168.2618   54.0384  9.8
 15.926 3476 Alaska-slab2-v3                                                                  168.3297   54.1182 10.7
 12.444 3477 Alaska-slab2-v3                                                                  168.3866   54.2014 11.7
  6.986 3478 Alaska-slab2-v3                                                                  168.4436   54.2844 13.0
 15.926 3481 Alaska-slab2-v3                                                                  167.6621   53.8559  6.4
 15.926 3482 Alaska-slab2-v3                                                                  167.7460   53.9309  7.3
 15.926 3483 Alaska-slab2-v3                                                                  167.8302   54.0058  8.1
 15.926 3484 Alaska-slab2-v3                                                                  167.9147   54.0806  8.9
 15.926 3485 Alaska-slab2-v3                                                                  167.9964   54.1563  9.8
 15.666 3486 Alaska-slab2-v3                                                                  168.0623   54.2367 10.6
 11.455 3487 Alaska-slab2-v3                                                                  168.1154   54.3209 11.5
  6.384 3488 Alaska-slab2-v3                                                                  168.1686   54.4048 12.7
 15.926 3492 Alaska-slab2-v3                                                                  167.4045   53.9710  6.4
 15.926 3493 Alaska-slab2-v3                                                                  167.4858   54.0470  7.2
 15.926 3494 Alaska-slab2-v3                                                                  167.5675   54.1229  8.1
 15.926 3495 Alaska-slab2-v3                                                                  167.6494   54.1988  8.9
 15.926 3496 Alaska-slab2-v3                                                                  167.7277   54.2757  9.8
 15.198 3497 Alaska-slab2-v3                                                                  167.7888   54.3573 10.7
 10.875 3498 Alaska-slab2-v3                                                                  167.8365   54.4426 11.6
  5.961 3499 Alaska-slab2-v3                                                                  167.8844   54.5277 12.7
 11.944 3503 Alaska-slab2-v3                                                                  167.1467   54.0865  6.4
 11.944 3504 Alaska-slab2-v3                                                                  167.2254   54.1636  7.2
 11.944 3505 Alaska-slab2-v3                                                                  167.3044   54.2406  8.1
 11.944 3506 Alaska-slab2-v3                                                                  167.3837   54.3175  8.9
 11.944 3507 Alaska-slab2-v3                                                                  167.4581   54.3956  9.8
 11.246 3508 Alaska-slab2-v3                                                                  167.5138   54.4785 10.7
  7.906 3509 Alaska-slab2-v3                                                                  167.5557   54.5648 11.7
  4.192 3510 Alaska-slab2-v3                                                                  167.5977   54.6510 12.8
  7.963 3515 Alaska-slab2-v3                                                                  166.8888   54.2024  6.4
  7.963 3516 Alaska-slab2-v3                                                                  166.9648   54.2805  7.3
  7.963 3517 Alaska-slab2-v3                                                                  167.0410   54.3585  8.1
  7.963 3518 Alaska-slab2-v3                                                                  167.1176   54.4364  9.0
  7.963 3519 Alaska-slab2-v3                                                                  167.1884   54.5156  9.8
  7.271 3520 Alaska-slab2-v3                                                                  167.2394   54.5995 10.8
  5.076 3521 Alaska-slab2-v3                                                                  167.2765   54.6866 11.7
  2.675 3522 Alaska-slab2-v3                                                                  167.3137   54.7736 12.8
  3.185 3527 Alaska-slab2-v3                                                                  166.6302   54.3186  6.4
  3.185 3528 Alaska-slab2-v3                                                                  166.7030   54.3977  7.3
  3.185 3529 Alaska-slab2-v3                                                                  166.7761   54.4767  8.2
  3.185 3530 Alaska-slab2-v3                                                                  166.8495   54.5557  9.1
  3.185 3531 Alaska-slab2-v3                                                                  166.9145   54.6365  9.9
  2.769 3532 Alaska-slab2-v3                                                                  166.9596   54.7217 10.8
  1.923 3533 Alaska-slab2-v3                                                                  166.9933   54.8092 11.8
  1.012 3534 Alaska-slab2-v3                                                                  167.0272   54.8967 12.8
  2.389 3539 Alaska-slab2-v3                                                                  166.3705   54.4349  6.5
  2.389 3540 Alaska-slab2-v3                                                                  166.4394   54.5152  7.5
  2.389 3541 Alaska-slab2-v3                                                                  166.5086   54.5954  8.4
  2.389 3542 Alaska-slab2-v3                                                                  166.5778   54.6756  9.4
  2.389 3543 Alaska-slab2-v3                                                                  166.6319   54.7588 10.3
  1.960 3544 Alaska-slab2-v3                                                                  166.6665   54.8459 11.2
  1.348 3545 Alaska-slab2-v3                                                                  166.6966   54.9340 12.1
  0.701 3546 Alaska-slab2-v3                                                                  166.7269   55.0220 13.0
  1.593 3551 Alaska-slab2-v3                                                                  166.1096   54.5512  6.6
  1.593 3552 Alaska-slab2-v3                                                                  166.1735   54.6327  7.7
  1.593 3553 Alaska-slab2-v3                                                                  166.2376   54.7142  8.8
  1.593 3554 Alaska-slab2-v3                                                                  166.2954   54.7968  9.9
  1.593 3555 Alaska-slab2-v3                                                                  166.3336   54.8830 10.8
  1.228 3556 Alaska-slab2-v3                                                                  166.3587   54.9715 11.7
  0.837 3557 Alaska-slab2-v3                                                                  166.3840   55.0601 12.6
  0.434 3558 Alaska-slab2-v3                                                                  166.4093   55.1486 13.5
  0.796 3563 Alaska-slab2-v3                                                                  165.8466   54.6675  6.7
  0.796 3564 Alaska-slab2-v3                                                                  165.9035   54.7504  8.1
  0.796 3565 Alaska-slab2-v3                                                                  165.9582   54.8337  9.4
  0.796 3566 Alaska-slab2-v3                                                                  165.9972   54.9195 10.5
  0.605 3567 Alaska-slab2-v3                                                                  166.0196   55.0079 11.5
  0.401 3568 Alaska-slab2-v3                                                                  166.0385   55.0969 12.4
  0.204 3569 Alaska-slab2-v3                                                                  166.0575   55.1860 13.3
