  9.220 0231 Alaska-slab2-v3                                                                  216.3398   60.3457  8.9
  8.065 0232 Alaska-slab2-v3                                                                  216.2532   60.4228 10.7
  6.842 0233 Alaska-slab2-v3                                                                  216.1527   60.4968 11.9
  5.979 0234 Alaska-slab2-v3                                                                  216.0465   60.5698 12.8
  5.290 0235 Alaska-slab2-v3                                                                  215.9396   60.6428 13.6
  4.571 0236 Alaska-slab2-v3                                                                  215.8326   60.7157 14.3
  8.542 0255 Alaska-slab2-v3                                                                  216.0024   60.2336 10.4
  6.833 0256 Alaska-slab2-v3                                                                  215.9029   60.3067 12.2
  5.751 0257 Alaska-slab2-v3                                                                  215.7964   60.3790 13.4
  5.087 0258 Alaska-slab2-v3                                                                  215.6890   60.4516 14.1
  4.622 0259 Alaska-slab2-v3                                                                  215.5810   60.5242 14.6
  9.220 0281 Alaska-slab2-v3                                                                  215.7667   60.0238  8.5
  8.310 0282 Alaska-slab2-v3                                                                  215.6685   60.0957 10.9
  6.732 0283 Alaska-slab2-v3                                                                  215.5633   60.1673 12.6
  5.720 0284 Alaska-slab2-v3                                                                  215.4567   60.2395 13.7
  5.088 0285 Alaska-slab2-v3                                                                  215.3492   60.3119 14.4
  4.643 0286 Alaska-slab2-v3                                                                  215.2419   60.3845 14.9
  9.220 0311 Alaska-slab2-v3                                                                  215.4642   59.8739  8.3
  8.816 0312 Alaska-slab2-v3                                                                  215.3509   59.9410 10.4
  7.384 0313 Alaska-slab2-v3                                                                  215.2419   60.0111 11.9
  6.286 0314 Alaska-slab2-v3                                                                  215.1347   60.0828 13.1
  5.431 0315 Alaska-slab2-v3                                                                  215.0267   60.1546 14.0
  4.733 0316 Alaska-slab2-v3                                                                  214.9191   60.2267 14.7
  9.220 0344 Alaska-slab2-v3                                                                  215.1063   59.7707  9.3
  8.026 0345 Alaska-slab2-v3                                                                  214.9901   59.8370 11.1
  6.724 0346 Alaska-slab2-v3                                                                  214.8804   59.9071 12.5
  5.769 0347 Alaska-slab2-v3                                                                  214.7697   59.9775 13.5
  5.057 0348 Alaska-slab2-v3                                                                  214.6583   60.0480 14.3
  4.505 0349 Alaska-slab2-v3                                                                  214.5502   60.1198 14.9
  9.220 0386 Alaska-slab2-v3                                                                  214.8431   59.6356  9.5
  7.914 0387 Alaska-slab2-v3                                                                  214.7243   59.7004 11.4
  6.663 0388 Alaska-slab2-v3                                                                  214.6103   59.7687 12.7
  5.801 0389 Alaska-slab2-v3                                                                  214.4953   59.8373 13.6
  5.236 0390 Alaska-slab2-v3                                                                  214.3795   59.9059 14.2
  4.874 0391 Alaska-slab2-v3                                                                  214.2631   59.9745 14.6
  4.624 0392 Alaska-slab2-v3                                                                  214.1482   60.0437 14.9
  9.220 0428 Alaska-slab2-v3                                                                  214.5858   59.4974  9.6
  7.805 0429 Alaska-slab2-v3                                                                  214.4641   59.5605 11.5
  6.538 0430 Alaska-slab2-v3                                                                  214.3463   59.6269 12.9
  5.678 0431 Alaska-slab2-v3                                                                  214.2275   59.6935 13.8
  5.151 0432 Alaska-slab2-v3                                                                  214.1078   59.7602 14.4
  4.855 0433 Alaska-slab2-v3                                                                  213.9875   59.8269 14.7
  4.717 0434 Alaska-slab2-v3                                                                  213.8667   59.8935 14.8
  4.615 0435 Alaska-slab2-v3                                                                  213.7462   59.9604 14.9
  9.220 0469 Alaska-slab2-v3                                                                  214.3377   59.3548  9.5
  7.595 0470 Alaska-slab2-v3                                                                  214.2120   59.4156 11.4
  6.293 0471 Alaska-slab2-v3                                                                  214.0899   59.4797 12.8
  5.399 0472 Alaska-slab2-v3                                                                  213.9667   59.5441 13.7
  4.848 0473 Alaska-slab2-v3                                                                  213.8427   59.6084 14.3
  4.544 0474 Alaska-slab2-v3                                                                  213.7181   59.6728 14.6
  4.401 0475 Alaska-slab2-v3                                                                  213.5930   59.7370 14.8
  4.325 0476 Alaska-slab2-v3                                                                  213.4673   59.8012 14.9
  4.239 0477 Alaska-slab2-v3                                                                  213.3418   59.8654 14.9
  9.220 0510 Alaska-slab2-v3                                                                  214.1024   59.2073  9.3
  7.890 0511 Alaska-slab2-v3                                                                  213.9719   59.2655 11.1
  6.621 0512 Alaska-slab2-v3                                                                  213.8453   59.3270 12.4
  5.714 0513 Alaska-slab2-v3                                                                  213.7176   59.3887 13.3
  5.123 0514 Alaska-slab2-v3                                                                  213.5892   59.4504 14.0
  4.751 0515 Alaska-slab2-v3                                                                  213.4601   59.5121 14.4
  4.531 0516 Alaska-slab2-v3                                                                  213.3304   59.5737 14.6
  4.398 0517 Alaska-slab2-v3                                                                  213.2003   59.6352 14.7
  4.245 0518 Alaska-slab2-v3                                                                  213.0697   59.6965 14.9
  9.220 0551 Alaska-slab2-v3                                                                  213.8813   59.0556  8.9
  8.400 0552 Alaska-slab2-v3                                                                  213.7467   59.1112 10.6
  7.168 0553 Alaska-slab2-v3                                                                  213.6158   59.1701 11.9
  6.248 0554 Alaska-slab2-v3                                                                  213.4846   59.2294 12.9
  5.575 0555 Alaska-slab2-v3                                                                  213.3527   59.2888 13.6
  5.110 0556 Alaska-slab2-v3                                                                  213.2201   59.3481 14.1
  4.778 0557 Alaska-slab2-v3                                                                  213.0869   59.4073 14.4
  4.522 0558 Alaska-slab2-v3                                                                  212.9532   59.4664 14.7
  4.285 0559 Alaska-slab2-v3                                                                  212.8188   59.5252 14.9
 16.136 0591 Alaska-slab2-v3                                                                  213.6725   58.9003  8.7
 15.740 0592 Alaska-slab2-v3                                                                  213.5347   58.9537 10.2
 13.671 0593 Alaska-slab2-v3                                                                  213.4001   59.0099 11.5
 12.039 0594 Alaska-slab2-v3                                                                  213.2660   59.0671 12.5
 10.762 0595 Alaska-slab2-v3                                                                  213.1312   59.1243 13.3
  9.777 0596 Alaska-slab2-v3                                                                  212.9957   59.1814 13.9
  9.033 0597 Alaska-slab2-v3                                                                  212.8597   59.2385 14.4
  8.419 0598 Alaska-slab2-v3                                                                  212.7232   59.2954 14.8
 23.051 0629 Alaska-slab2-v3                                                                  213.4727   58.7421  8.6
 22.646 0630 Alaska-slab2-v3                                                                  213.3324   58.7934 10.1
 19.682 0631 Alaska-slab2-v3                                                                  213.1942   58.8468 11.4
 17.274 0632 Alaska-slab2-v3                                                                  213.0564   58.9011 12.4
 15.352 0633 Alaska-slab2-v3                                                                  212.9178   58.9554 13.3
 13.824 0634 Alaska-slab2-v3                                                                  212.7787   59.0096 13.9
 12.619 0635 Alaska-slab2-v3                                                                  212.6390   59.0637 14.5
 11.647 0636 Alaska-slab2-v3                                                                  212.4985   59.1175 14.9
 29.966 0665 Alaska-slab2-v3                                                                  213.2794   58.5822  8.7
 28.324 0666 Alaska-slab2-v3                                                                  213.1372   58.6314 10.3
 24.304 0667 Alaska-slab2-v3                                                                  212.9951   58.6814 11.6
 21.113 0668 Alaska-slab2-v3                                                                  212.8525   58.7318 12.6
 18.596 0669 Alaska-slab2-v3                                                                  212.7092   58.7822 13.5
 16.663 0670 Alaska-slab2-v3                                                                  212.5653   58.8324 14.1
 15.159 0671 Alaska-slab2-v3                                                                  212.4209   58.8826 14.6
 13.993 0672 Alaska-slab2-v3                                                                  212.2756   58.9323 15.0
 36.881 0700 Alaska-slab2-v3                                                                  213.0897   58.4261  9.1
 33.640 0701 Alaska-slab2-v3                                                                  212.9473   58.4744 10.8
 28.611 0702 Alaska-slab2-v3                                                                  212.8039   58.5229 12.1
 24.848 0703 Alaska-slab2-v3                                                                  212.6595   58.5714 13.1
 22.092 0704 Alaska-slab2-v3                                                                  212.5144   58.6199 13.9
 20.192 0705 Alaska-slab2-v3                                                                  212.3686   58.6683 14.4
 18.850 0706 Alaska-slab2-v3                                                                  212.2224   58.7166 14.7
 36.881 0735 Alaska-slab2-v3                                                                  212.8990   58.2742  9.5
 31.463 0736 Alaska-slab2-v3                                                                  212.7582   58.3227 11.3
 26.306 0737 Alaska-slab2-v3                                                                  212.6163   58.3719 12.7
 22.719 0738 Alaska-slab2-v3                                                                  212.4734   58.4212 13.7
 20.365 0739 Alaska-slab2-v3                                                                  212.3297   58.4705 14.3
 18.982 0740 Alaska-slab2-v3                                                                  212.1853   58.5196 14.7
 18.198 0741 Alaska-slab2-v3                                                                  212.0405   58.5687 14.9
 36.881 0770 Alaska-slab2-v3                                                                  212.7037   58.1232  9.6
 30.794 0771 Alaska-slab2-v3                                                                  212.5640   58.1721 11.5
 25.624 0772 Alaska-slab2-v3                                                                  212.4241   58.2223 12.9
 22.103 0773 Alaska-slab2-v3                                                                  212.2830   58.2726 13.8
 19.892 0774 Alaska-slab2-v3                                                                  212.1411   58.3229 14.4
 18.656 0775 Alaska-slab2-v3                                                                  211.9987   58.3731 14.7
 18.019 0776 Alaska-slab2-v3                                                                  211.8558   58.4231 14.9
 17.645 0777 Alaska-slab2-v3                                                                  211.7126   58.4732 15.0
 36.881 0804 Alaska-slab2-v3                                                                  212.5018   57.9757  9.3
 31.994 0805 Alaska-slab2-v3                                                                  212.3630   58.0250 11.1
 26.918 0806 Alaska-slab2-v3                                                                  212.2250   58.0764 12.5
 23.309 0807 Alaska-slab2-v3                                                                  212.0860   58.1278 13.4
 20.941 0808 Alaska-slab2-v3                                                                  211.9461   58.1791 14.1
 19.399 0809 Alaska-slab2-v3                                                                  211.8057   58.2304 14.5
 18.497 0810 Alaska-slab2-v3                                                                  211.6649   58.2816 14.7
 17.783 0811 Alaska-slab2-v3                                                                  211.5236   58.3327 14.9
 36.881 0838 Alaska-slab2-v3                                                                  212.2938   57.8339  8.9
 34.105 0839 Alaska-slab2-v3                                                                  212.1557   57.8839 10.5
 29.271 0840 Alaska-slab2-v3                                                                  212.0188   57.9358 11.8
 25.607 0841 Alaska-slab2-v3                                                                  211.8814   57.9880 12.8
 22.926 0842 Alaska-slab2-v3                                                                  211.7432   58.0402 13.5
 20.962 0843 Alaska-slab2-v3                                                                  211.6045   58.0922 14.0
 19.527 0844 Alaska-slab2-v3                                                                  211.4652   58.1442 14.4
 18.280 0845 Alaska-slab2-v3                                                                  211.3256   58.1960 14.7
 36.881 0872 Alaska-slab2-v3                                                                  212.0783   57.6978  8.4
 36.023 0873 Alaska-slab2-v3                                                                  211.9416   57.7490  9.9
 31.405 0874 Alaska-slab2-v3                                                                  211.8053   57.8010 11.1
 27.704 0875 Alaska-slab2-v3                                                                  211.6687   57.8535 12.1
 24.766 0876 Alaska-slab2-v3                                                                  211.5314   57.9059 12.8
 22.400 0877 Alaska-slab2-v3                                                                  211.3937   57.9582 13.5
 20.377 0878 Alaska-slab2-v3                                                                  211.2554   58.0104 14.0
 18.622 0879 Alaska-slab2-v3                                                                  211.1167   58.0625 14.4
 16.828 0880 Alaska-slab2-v3                                                                  210.9789   58.1152 14.9
 36.881 0905 Alaska-slab2-v3                                                                  211.8526   57.5663  8.1
 36.881 0906 Alaska-slab2-v3                                                                  211.7178   57.6189  9.4
 34.343 0907 Alaska-slab2-v3                                                                  211.5824   57.6714 10.6
 30.685 0908 Alaska-slab2-v3                                                                  211.4462   57.7238 11.5
 27.586 0909 Alaska-slab2-v3                                                                  211.3094   57.7761 12.4
 24.936 0910 Alaska-slab2-v3                                                                  211.1721   57.8283 13.1
 22.547 0911 Alaska-slab2-v3                                                                  211.0343   57.8803 13.7
 20.307 0912 Alaska-slab2-v3                                                                  210.8961   57.9322 14.3
 18.142 0913 Alaska-slab2-v3                                                                  210.7591   57.9852 14.9
 36.881 0939 Alaska-slab2-v3                                                                  211.4814   57.4929  9.1
 34.484 0940 Alaska-slab2-v3                                                                  211.3469   57.5459 10.2
 30.686 0941 Alaska-slab2-v3                                                                  211.2112   57.5983 11.2
 27.273 0942 Alaska-slab2-v3                                                                  211.0747   57.6504 12.1
 24.204 0943 Alaska-slab2-v3                                                                  210.9378   57.7023 12.9
 21.365 0944 Alaska-slab2-v3                                                                  210.8003   57.7542 13.7
 18.680 0945 Alaska-slab2-v3                                                                  210.6624   57.8059 14.4
 36.881 0972 Alaska-slab2-v3                                                                  211.2308   57.3710  9.0
 35.169 0973 Alaska-slab2-v3                                                                  211.0969   57.4240 10.1
 31.324 0974 Alaska-slab2-v3                                                                  210.9619   57.4765 11.1
 27.785 0975 Alaska-slab2-v3                                                                  210.8263   57.5288 12.1
 24.511 0976 Alaska-slab2-v3                                                                  210.6901   57.5810 12.9
 21.467 0977 Alaska-slab2-v3                                                                  210.5535   57.6331 13.7
 18.612 0978 Alaska-slab2-v3                                                                  210.4165   57.6851 14.5
 36.881 1004 Alaska-slab2-v3                                                                  210.9669   57.2526  9.2
 34.736 1005 Alaska-slab2-v3                                                                  210.8334   57.3056 10.3
 30.940 1006 Alaska-slab2-v3                                                                  210.7011   57.3598 11.3
 27.561 1007 Alaska-slab2-v3                                                                  210.5684   57.4139 12.2
 24.448 1008 Alaska-slab2-v3                                                                  210.4353   57.4680 13.0
 21.601 1009 Alaska-slab2-v3                                                                  210.3017   57.5220 13.7
 18.868 1010 Alaska-slab2-v3                                                                  210.1676   57.5759 14.5
 36.881 1035 Alaska-slab2-v3                                                                  210.8281   57.0879  8.2
 36.881 1036 Alaska-slab2-v3                                                                  210.6921   57.1379  9.5
 33.487 1037 Alaska-slab2-v3                                                                  210.5617   57.1925 10.6
 29.922 1038 Alaska-slab2-v3                                                                  210.4359   57.2507 11.6
 26.964 1039 Alaska-slab2-v3                                                                  210.3097   57.3090 12.3
 24.423 1040 Alaska-slab2-v3                                                                  210.1830   57.3673 13.0
 22.110 1041 Alaska-slab2-v3                                                                  210.0559   57.4255 13.6
 19.910 1042 Alaska-slab2-v3                                                                  209.9283   57.4835 14.2
 17.635 1043 Alaska-slab2-v3                                                                  209.8016   57.5422 14.8
 36.881 1066 Alaska-slab2-v3                                                                  210.5480   56.9808  8.4
 36.881 1067 Alaska-slab2-v3                                                                  210.4119   57.0299  9.8
 32.616 1068 Alaska-slab2-v3                                                                  210.2868   57.0872 10.9
 29.369 1069 Alaska-slab2-v3                                                                  210.1685   57.1498 11.8
 26.840 1070 Alaska-slab2-v3                                                                  210.0496   57.2125 12.4
 24.877 1071 Alaska-slab2-v3                                                                  209.9302   57.2750 12.9
 23.178 1072 Alaska-slab2-v3                                                                  209.8103   57.3375 13.4
 21.517 1073 Alaska-slab2-v3                                                                  209.6901   57.3999 13.8
 19.630 1074 Alaska-slab2-v3                                                                  209.5694   57.4622 14.3
 17.327 1075 Alaska-slab2-v3                                                                  209.4478   57.5238 14.9
 36.881 1096 Alaska-slab2-v3                                                                  210.2708   56.8864  8.3
 36.881 1097 Alaska-slab2-v3                                                                  210.1362   56.9367  9.6
 34.104 1098 Alaska-slab2-v3                                                                  210.0128   56.9950 10.7
 31.142 1099 Alaska-slab2-v3                                                                  209.8978   57.0594 11.5
 28.920 1100 Alaska-slab2-v3                                                                  209.7823   57.1238 12.1
 27.180 1101 Alaska-slab2-v3                                                                  209.6663   57.1881 12.6
 25.698 1102 Alaska-slab2-v3                                                                  209.5498   57.2524 13.0
 24.180 1103 Alaska-slab2-v3                                                                  209.4329   57.3166 13.4
 22.366 1104 Alaska-slab2-v3                                                                  209.3157   57.3806 13.9
 19.959 1105 Alaska-slab2-v3                                                                  209.1981   57.4444 14.5
 36.881 1126 Alaska-slab2-v3                                                                  209.8744   56.8602  9.1
 35.521 1127 Alaska-slab2-v3                                                                  209.7519   56.9196 10.1
 32.573 1128 Alaska-slab2-v3                                                                  209.6341   56.9823 10.9
 30.268 1129 Alaska-slab2-v3                                                                  209.5161   57.0452 11.5
 28.303 1130 Alaska-slab2-v3                                                                  209.3976   57.1080 12.0
 26.490 1131 Alaska-slab2-v3                                                                  209.2787   57.1707 12.5
 24.487 1132 Alaska-slab2-v3                                                                  209.1594   57.2333 13.0
 22.031 1133 Alaska-slab2-v3                                                                  209.0398   57.2957 13.7
 18.894 1134 Alaska-slab2-v3                                                                  208.9194   57.3575 14.5
 29.966 1155 Alaska-slab2-v3                                                                  209.6138   56.7850  8.6
 29.966 1156 Alaska-slab2-v3                                                                  209.4968   56.8478  9.5
 27.541 1157 Alaska-slab2-v3                                                                  209.3777   56.9096 10.4
 25.350 1158 Alaska-slab2-v3                                                                  209.2553   56.9697 11.1
 23.253 1159 Alaska-slab2-v3                                                                  209.1314   57.0291 11.7
 21.156 1160 Alaska-slab2-v3                                                                  209.0072   57.0883 12.4
 18.809 1161 Alaska-slab2-v3                                                                  208.8826   57.1474 13.1
 16.024 1162 Alaska-slab2-v3                                                                  208.7578   57.2063 14.0
 23.051 1183 Alaska-slab2-v3                                                                  209.3362   56.6985  8.4
 23.051 1184 Alaska-slab2-v3                                                                  209.2227   56.7631  9.3
 21.136 1185 Alaska-slab2-v3                                                                  209.1047   56.8252 10.2
 19.000 1186 Alaska-slab2-v3                                                                  208.9805   56.8838 11.0
 16.865 1187 Alaska-slab2-v3                                                                  208.8540   56.9412 11.9
 14.606 1188 Alaska-slab2-v3                                                                  208.7273   56.9984 12.8
 12.176 1189 Alaska-slab2-v3                                                                  208.6002   57.0555 13.8
  9.451 1190 Alaska-slab2-v3                                                                  208.4722   57.1118 14.9
 16.136 1210 Alaska-slab2-v3                                                                  209.0493   56.6043  8.6
 16.136 1211 Alaska-slab2-v3                                                                  208.9339   56.6675  9.7
 14.606 1212 Alaska-slab2-v3                                                                  208.8140   56.7282 10.7
 12.951 1213 Alaska-slab2-v3                                                                  208.6901   56.7867 11.7
 11.264 1214 Alaska-slab2-v3                                                                  208.5650   56.8445 12.7
  9.544 1215 Alaska-slab2-v3                                                                  208.4395   56.9022 13.7
  7.725 1216 Alaska-slab2-v3                                                                  208.3132   56.9594 14.8
  9.220 1236 Alaska-slab2-v3                                                                  208.8802   56.4447  8.1
  9.220 1237 Alaska-slab2-v3                                                                  208.7647   56.5072  9.4
  8.580 1238 Alaska-slab2-v3                                                                  208.6463   56.5684 10.6
  7.578 1239 Alaska-slab2-v3                                                                  208.5248   56.6279 11.7
  6.651 1240 Alaska-slab2-v3                                                                  208.4020   56.6869 12.7
  5.751 1241 Alaska-slab2-v3                                                                  208.2787   56.7458 13.7
  4.851 1242 Alaska-slab2-v3                                                                  208.1550   56.8045 14.6
  9.220 1262 Alaska-slab2-v3                                                                  208.5983   56.3460  8.8
  8.809 1263 Alaska-slab2-v3                                                                  208.4812   56.4069 10.4
  7.635 1264 Alaska-slab2-v3                                                                  208.3622   56.4673 11.7
  6.701 1265 Alaska-slab2-v3                                                                  208.2418   56.5275 12.7
  5.925 1266 Alaska-slab2-v3                                                                  208.1208   56.5876 13.5
  5.213 1267 Alaska-slab2-v3                                                                  207.9993   56.6476 14.3
  9.220 1287 Alaska-slab2-v3                                                                  208.3171   56.2446  9.4
  8.076 1288 Alaska-slab2-v3                                                                  208.2000   56.3048 11.1
  6.904 1289 Alaska-slab2-v3                                                                  208.0836   56.3666 12.4
  6.076 1290 Alaska-slab2-v3                                                                  207.9663   56.4286 13.3
  5.471 1291 Alaska-slab2-v3                                                                  207.8484   56.4905 13.9
  4.950 1292 Alaska-slab2-v3                                                                  207.7301   56.5524 14.5
  9.220 1312 Alaska-slab2-v3                                                                  208.0398   56.1434  9.6
  7.756 1313 Alaska-slab2-v3                                                                  207.9244   56.2042 11.4
  6.573 1314 Alaska-slab2-v3                                                                  207.8116   56.2679 12.6
  5.803 1315 Alaska-slab2-v3                                                                  207.6980   56.3317 13.5
  5.277 1316 Alaska-slab2-v3                                                                  207.5837   56.3957 14.0
  4.864 1317 Alaska-slab2-v3                                                                  207.4690   56.4595 14.5
  4.404 1318 Alaska-slab2-v3                                                                  207.3537   56.5231 14.9
  9.220 1336 Alaska-slab2-v3                                                                  207.7667   56.0430  9.5
  7.833 1337 Alaska-slab2-v3                                                                  207.6526   56.1043 11.3
  6.658 1338 Alaska-slab2-v3                                                                  207.5425   56.1693 12.5
  5.877 1339 Alaska-slab2-v3                                                                  207.4315   56.2344 13.4
  5.351 1340 Alaska-slab2-v3                                                                  207.3199   56.2996 13.9
  4.946 1341 Alaska-slab2-v3                                                                  207.2079   56.3648 14.4
  4.495 1342 Alaska-slab2-v3                                                                  207.0952   56.4297 14.8
  9.220 1360 Alaska-slab2-v3                                                                  207.4972   55.9427  9.3
  8.191 1361 Alaska-slab2-v3                                                                  207.3835   56.0042 11.0
  7.035 1362 Alaska-slab2-v3                                                                  207.2747   56.0698 12.2
  6.225 1363 Alaska-slab2-v3                                                                  207.1652   56.1355 13.1
  5.656 1364 Alaska-slab2-v3                                                                  207.0551   56.2013 13.7
  5.181 1365 Alaska-slab2-v3                                                                  206.9445   56.2670 14.2
  4.668 1366 Alaska-slab2-v3                                                                  206.8334   56.3326 14.8
  9.220 1384 Alaska-slab2-v3                                                                  207.2316   55.8425  9.0
  8.649 1385 Alaska-slab2-v3                                                                  207.1181   55.9043 10.6
  7.515 1386 Alaska-slab2-v3                                                                  207.0097   55.9699 11.9
  6.676 1387 Alaska-slab2-v3                                                                  206.9012   56.0360 12.8
  6.030 1388 Alaska-slab2-v3                                                                  206.7921   56.1021 13.5
  5.458 1389 Alaska-slab2-v3                                                                  206.6826   56.1682 14.1
  4.868 1390 Alaska-slab2-v3                                                                  206.5727   56.2341 14.7
  9.220 1407 Alaska-slab2-v3                                                                  206.9698   55.7423  8.7
  9.045 1408 Alaska-slab2-v3                                                                  206.8571   55.8047 10.2
  7.937 1409 Alaska-slab2-v3                                                                  206.7489   55.8703 11.4
  7.061 1410 Alaska-slab2-v3                                                                  206.6420   55.9370 12.3
  6.350 1411 Alaska-slab2-v3                                                                  206.5345   56.0037 13.1
  5.704 1412 Alaska-slab2-v3                                                                  206.4266   56.0704 13.8
  5.039 1413 Alaska-slab2-v3                                                                  206.3183   56.1369 14.5
  9.220 1430 Alaska-slab2-v3                                                                  206.7109   55.6415  8.3
  9.220 1431 Alaska-slab2-v3                                                                  206.5997   55.7049  9.7
  8.233 1432 Alaska-slab2-v3                                                                  206.4925   55.7709 10.9
  7.341 1433 Alaska-slab2-v3                                                                  206.3880   55.8387 11.8
  6.579 1434 Alaska-slab2-v3                                                                  206.2831   55.9065 12.6
  5.884 1435 Alaska-slab2-v3                                                                  206.1777   55.9743 13.4
  5.169 1436 Alaska-slab2-v3                                                                  206.0720   56.0420 14.1
  4.380 1437 Alaska-slab2-v3                                                                  205.9655   56.1092 15.0
