 53.200 1453 Alaska-slab2-v3                                                                  206.4544   55.5398  8.0
 43.137 1454 Alaska-slab2-v3                                                                  206.3461   55.6049  9.2
 34.147 1455 Alaska-slab2-v3                                                                  206.2403   55.6716 10.3
 26.476 1456 Alaska-slab2-v3                                                                  206.1377   55.7402 11.2
 19.630 1457 Alaska-slab2-v3                                                                  206.0354   55.8091 12.1
 13.279 1458 Alaska-slab2-v3                                                                  205.9326   55.8780 12.8
  6.846 1459 Alaska-slab2-v3                                                                  205.8296   55.9468 13.6
 49.020 1477 Alaska-slab2-v3                                                                  206.0955   55.5043  8.8
 41.090 1478 Alaska-slab2-v3                                                                  205.9916   55.5720  9.8
 33.801 1479 Alaska-slab2-v3                                                                  205.8897   55.6408 10.7
 27.073 1480 Alaska-slab2-v3                                                                  205.7890   55.7103 11.5
 20.665 1481 Alaska-slab2-v3                                                                  205.6879   55.7798 12.3
 14.257 1482 Alaska-slab2-v3                                                                  205.5864   55.8492 13.1
  7.449 1483 Alaska-slab2-v3                                                                  205.4847   55.9185 13.9
 50.526 1500 Alaska-slab2-v3                                                                  205.8458   55.4021  8.3
 43.190 1501 Alaska-slab2-v3                                                                  205.7450   55.4712  9.2
 36.019 1502 Alaska-slab2-v3                                                                  205.6444   55.5406 10.1
 29.178 1503 Alaska-slab2-v3                                                                  205.5441   55.6102 10.9
 22.419 1504 Alaska-slab2-v3                                                                  205.4433   55.6797 11.7
 15.413 1505 Alaska-slab2-v3                                                                  205.3421   55.7491 12.6
  8.078 1506 Alaska-slab2-v3                                                                  205.2407   55.8184 13.5
 45.097 1524 Alaska-slab2-v3                                                                  205.4988   55.3689  8.7
 38.400 1525 Alaska-slab2-v3                                                                  205.4008   55.4394  9.5
 31.534 1526 Alaska-slab2-v3                                                                  205.3016   55.5095 10.3
 24.498 1527 Alaska-slab2-v3                                                                  205.2007   55.5787 11.2
 16.954 1528 Alaska-slab2-v3                                                                  205.0989   55.6477 12.1
  8.901 1529 Alaska-slab2-v3                                                                  204.9969   55.7165 13.0
 47.114 1547 Alaska-slab2-v3                                                                  205.2584   55.2577  8.5
 40.577 1548 Alaska-slab2-v3                                                                  205.1624   55.3289  9.3
 33.616 1549 Alaska-slab2-v3                                                                  205.0641   55.3994 10.1
 26.146 1550 Alaska-slab2-v3                                                                  204.9633   55.4688 11.0
 18.081 1551 Alaska-slab2-v3                                                                  204.8619   55.5377 11.9
  9.423 1552 Alaska-slab2-v3                                                                  204.7602   55.6064 12.9
 48.720 1570 Alaska-slab2-v3                                                                  205.0209   55.1392  8.5
 42.080 1571 Alaska-slab2-v3                                                                  204.9251   55.2105  9.3
 34.693 1572 Alaska-slab2-v3                                                                  204.8280   55.2811 10.2
 26.725 1573 Alaska-slab2-v3                                                                  204.7290   55.3509 11.1
 18.177 1574 Alaska-slab2-v3                                                                  204.6291   55.4202 12.2
  9.213 1575 Alaska-slab2-v3                                                                  204.5289   55.4895 13.2
 49.253 1593 Alaska-slab2-v3                                                                  204.7814   55.0242  8.6
 42.333 1594 Alaska-slab2-v3                                                                  204.6865   55.0957  9.4
 34.681 1595 Alaska-slab2-v3                                                                  204.5900   55.1664 10.4
 26.458 1596 Alaska-slab2-v3                                                                  204.4918   55.2363 11.4
 17.747 1597 Alaska-slab2-v3                                                                  204.3930   55.3061 12.5
  8.874 1598 Alaska-slab2-v3                                                                  204.2939   55.3757 13.6
 55.021 1615 Alaska-slab2-v3                                                                  204.6288   54.8438  8.0
 48.203 1616 Alaska-slab2-v3                                                                  204.5354   54.9157  8.9
 40.985 1617 Alaska-slab2-v3                                                                  204.4412   54.9874  9.8
 33.285 1618 Alaska-slab2-v3                                                                  204.3449   55.0581 10.7
 25.184 1619 Alaska-slab2-v3                                                                  204.2470   55.1280 11.7
 16.763 1620 Alaska-slab2-v3                                                                  204.1487   55.1978 12.8
  8.341 1621 Alaska-slab2-v3                                                                  204.0501   55.2676 13.8
 48.727 1638 Alaska-slab2-v3                                                                  204.3707   54.7446  8.3
 40.832 1639 Alaska-slab2-v3                                                                  204.2784   54.8168  9.2
 32.852 1640 Alaska-slab2-v3                                                                  204.1843   54.8883 10.2
 24.788 1641 Alaska-slab2-v3                                                                  204.0877   54.9587 11.1
 16.553 1642 Alaska-slab2-v3                                                                  203.9900   55.0287 12.1
  8.319 1643 Alaska-slab2-v3                                                                  203.8920   55.0987 13.1
 46.820 1661 Alaska-slab2-v3                                                                  204.0996   54.6557  8.6
 38.444 1662 Alaska-slab2-v3                                                                  204.0074   54.7278  9.6
 30.403 1663 Alaska-slab2-v3                                                                  203.9128   54.7990 10.6
 22.614 1664 Alaska-slab2-v3                                                                  203.8162   54.8693 11.5
 15.076 1665 Alaska-slab2-v3                                                                  203.7191   54.9396 12.4
  7.538 1666 Alaska-slab2-v3                                                                  203.6216   55.0097 13.3
 45.694 1683 Alaska-slab2-v3                                                                  203.8178   54.5758  8.9
 36.951 1684 Alaska-slab2-v3                                                                  203.7246   54.6474 10.0
 28.951 1685 Alaska-slab2-v3                                                                  203.6297   54.7183 10.9
 21.610 1686 Alaska-slab2-v3                                                                  203.5336   54.7888 11.8
 14.434 1687 Alaska-slab2-v3                                                                  203.4371   54.8593 12.7
  7.341 1688 Alaska-slab2-v3                                                                  203.3403   54.9297 13.6
 45.797 1705 Alaska-slab2-v3                                                                  203.5301   54.5031  9.1
 37.058 1706 Alaska-slab2-v3                                                                  203.4363   54.5742 10.1
 29.129 1707 Alaska-slab2-v3                                                                  203.3410   54.6449 11.1
 21.927 1708 Alaska-slab2-v3                                                                  203.2450   54.7154 12.0
 14.888 1709 Alaska-slab2-v3                                                                  203.1487   54.7859 12.9
  7.687 1710 Alaska-slab2-v3                                                                  203.0520   54.8563 13.8
 41.341 1726 Alaska-slab2-v3                                                                  203.2397   54.4355  9.2
 32.003 1727 Alaska-slab2-v3                                                                  203.1452   54.5063 10.3
 23.684 1728 Alaska-slab2-v3                                                                  203.0494   54.5766 11.2
 15.874 1729 Alaska-slab2-v3                                                                  202.9530   54.6469 12.2
  8.234 1730 Alaska-slab2-v3                                                                  202.8563   54.7171 13.1
 42.875 1745 Alaska-slab2-v3                                                                  203.0409   54.3010  8.0
 34.474 1746 Alaska-slab2-v3                                                                  202.9467   54.3715  9.3
 26.948 1747 Alaska-slab2-v3                                                                  202.8513   54.4418 10.4
 20.228 1748 Alaska-slab2-v3                                                                  202.7548   54.5117 11.4
 13.911 1749 Alaska-slab2-v3                                                                  202.6578   54.5816 12.3
  7.325 1750 Alaska-slab2-v3                                                                  202.5605   54.6514 13.3
 33.996 1765 Alaska-slab2-v3                                                                  202.7468   54.2407  8.1
 27.497 1766 Alaska-slab2-v3                                                                  202.6515   54.3106  9.4
 21.747 1767 Alaska-slab2-v3                                                                  202.5552   54.3803 10.6
 16.548 1768 Alaska-slab2-v3                                                                  202.4578   54.4497 11.6
 11.549 1769 Alaska-slab2-v3                                                                  202.3600   54.5191 12.6
  6.149 1770 Alaska-slab2-v3                                                                  202.2619   54.5883 13.7
 21.939 1784 Alaska-slab2-v3                                                                  202.4519   54.1833  8.1
 17.011 1785 Alaska-slab2-v3                                                                  202.3560   54.2528  9.5
 12.526 1786 Alaska-slab2-v3                                                                  202.2587   54.3219 10.7
  8.450 1787 Alaska-slab2-v3                                                                  202.1601   54.3906 11.8
  4.373 1788 Alaska-slab2-v3                                                                  202.0612   54.4592 12.9
 12.914 1803 Alaska-slab2-v3                                                                  202.1571   54.1283  8.2
 10.104 1804 Alaska-slab2-v3                                                                  202.0608   54.1975  9.5
  7.521 1805 Alaska-slab2-v3                                                                  201.9626   54.2661 10.8
  5.104 1806 Alaska-slab2-v3                                                                  201.8628   54.3340 11.9
  2.645 1807 Alaska-slab2-v3                                                                  201.7627   54.4018 13.1
 13.166 1821 Alaska-slab2-v3                                                                  201.8617   54.0745  8.2
 10.371 1822 Alaska-slab2-v3                                                                  201.7650   54.1434  9.6
  7.778 1823 Alaska-slab2-v3                                                                  201.6662   54.2115 10.9
  5.307 1824 Alaska-slab2-v3                                                                  201.5657   54.2789 12.1
  2.795 1825 Alaska-slab2-v3                                                                  201.4649   54.3462 13.3
 11.492 1839 Alaska-slab2-v3                                                                  201.5647   54.0202  8.3
  8.350 1840 Alaska-slab2-v3                                                                  201.4665   54.0882  9.8
  5.515 1841 Alaska-slab2-v3                                                                  201.3671   54.1560 11.1
  2.813 1842 Alaska-slab2-v3                                                                  201.2668   54.2234 12.3
 11.500 1856 Alaska-slab2-v3                                                                  201.2655   53.9641  8.6
  8.251 1857 Alaska-slab2-v3                                                                  201.1650   54.0308 10.1
  5.451 1858 Alaska-slab2-v3                                                                  201.0653   54.0982 11.4
  2.821 1859 Alaska-slab2-v3                                                                  200.9656   54.1659 12.6
 11.503 1873 Alaska-slab2-v3                                                                  200.9652   53.9058  8.9
  8.149 1874 Alaska-slab2-v3                                                                  200.8627   53.9709 10.5
  5.371 1875 Alaska-slab2-v3                                                                  200.7636   54.0385 11.9
  2.799 1876 Alaska-slab2-v3                                                                  200.6643   54.1064 13.1
  9.604 1890 Alaska-slab2-v3                                                                  200.6664   53.8460  9.2
  5.797 1891 Alaska-slab2-v3                                                                  200.5628   53.9102 11.0
  2.756 1892 Alaska-slab2-v3                                                                  200.4644   53.9780 12.4
  9.534 1907 Alaska-slab2-v3                                                                  200.3709   53.7866  9.5
  5.673 1908 Alaska-slab2-v3                                                                  200.2675   53.8503 11.3
  2.687 1909 Alaska-slab2-v3                                                                  200.1695   53.9183 12.7
  9.396 1924 Alaska-slab2-v3                                                                  200.0792   53.7284  9.6
  5.523 1925 Alaska-slab2-v3                                                                  199.9768   53.7924 11.5
  2.603 1926 Alaska-slab2-v3                                                                  199.8801   53.8610 12.9
  9.258 1941 Alaska-slab2-v3                                                                  199.7909   53.6720  9.6
  5.385 1942 Alaska-slab2-v3                                                                  199.6904   53.7369 11.5
  2.533 1943 Alaska-slab2-v3                                                                  199.5958   53.8066 12.8
  9.191 1958 Alaska-slab2-v3                                                                  199.5056   53.6169  9.6
  5.329 1959 Alaska-slab2-v3                                                                  199.4072   53.6831 11.3
  2.503 1960 Alaska-slab2-v3                                                                  199.3153   53.7539 12.6
 10.963 1975 Alaska-slab2-v3                                                                  199.2223   53.5625  9.4
  7.469 1976 Alaska-slab2-v3                                                                  199.1261   53.6299 11.1
  4.819 1977 Alaska-slab2-v3                                                                  199.0365   53.7018 12.4
  2.530 1978 Alaska-slab2-v3                                                                  198.9464   53.7737 13.6
 11.082 1992 Alaska-slab2-v3                                                                  198.9403   53.5080  9.2
  7.612 1993 Alaska-slab2-v3                                                                  198.8460   53.5765 10.9
  4.898 1994 Alaska-slab2-v3                                                                  198.7579   53.6489 12.2
  2.510 1995 Alaska-slab2-v3                                                                  198.6694   53.7215 13.4
 11.318 2008 Alaska-slab2-v3                                                                  198.6587   53.4528  9.0
  7.902 2009 Alaska-slab2-v3                                                                  198.5659   53.5222 10.6
  5.103 2010 Alaska-slab2-v3                                                                  198.4779   53.5946 12.0
  2.593 2011 Alaska-slab2-v3                                                                  198.3898   53.6672 13.2
 11.570 2024 Alaska-slab2-v3                                                                  198.3749   53.3958  8.9
  8.191 2025 Alaska-slab2-v3                                                                  198.2830   53.4657 10.6
  5.365 2026 Alaska-slab2-v3                                                                  198.1946   53.5378 11.9
  2.765 2027 Alaska-slab2-v3                                                                  198.1064   53.6102 13.2
 11.702 2040 Alaska-slab2-v3                                                                  198.0871   53.3362  9.0
  8.336 2041 Alaska-slab2-v3                                                                  197.9952   53.4060 10.7
  5.530 2042 Alaska-slab2-v3                                                                  197.9073   53.4782 12.1
  2.905 2043 Alaska-slab2-v3                                                                  197.8192   53.5506 13.4
  9.554 2056 Alaska-slab2-v3                                                                  197.7964   53.2740  9.4
  5.762 2057 Alaska-slab2-v3                                                                  197.7048   53.3436 11.2
  2.806 2058 Alaska-slab2-v3                                                                  197.6178   53.4162 12.6
  9.102 2071 Alaska-slab2-v3                                                                  197.5054   53.2094 10.1
  5.306 2072 Alaska-slab2-v3                                                                  197.4159   53.2794 12.0
  2.612 2073 Alaska-slab2-v3                                                                  197.3297   53.3524 13.3
  6.536 2086 Alaska-slab2-v3                                                                  197.2162   53.1421 11.0
  2.483 2087 Alaska-slab2-v3                                                                  197.1304   53.2137 12.9
 12.986 2100 Alaska-slab2-v3                                                                  197.0307   53.0183  8.2
  5.787 2101 Alaska-slab2-v3                                                                  196.9324   53.0739 11.7
  1.963 2102 Alaska-slab2-v3                                                                  196.8491   53.1466 13.6
 12.710 2115 Alaska-slab2-v3                                                                  196.7498   52.9534  8.5
  4.939 2116 Alaska-slab2-v3                                                                  196.6541   53.0059 12.4
  1.385 2117 Alaska-slab2-v3                                                                  196.5720   53.0791 14.1
 12.437 2130 Alaska-slab2-v3                                                                  196.4706   52.8875  8.7
  4.265 2131 Alaska-slab2-v3                                                                  196.3781   52.9384 12.8
  0.897 2132 Alaska-slab2-v3                                                                  196.2978   53.0122 14.5
 12.284 2145 Alaska-slab2-v3                                                                  196.1928   52.8211  8.8
  3.916 2146 Alaska-slab2-v3                                                                  196.1029   52.8721 13.0
  0.616 2147 Alaska-slab2-v3                                                                  196.0243   52.9465 14.7
