  5.318 2474 Alaska-slab2-v3                                                                  189.6864   51.7088 14.1
  5.318 2475 Alaska-slab2-v3                                                                  189.6395   51.7924 15.9
  5.318 2476 Alaska-slab2-v3                                                                  189.5966   51.8761 18.1
  4.781 2477 Alaska-slab2-v3                                                                  189.5517   51.9580 20.9
  3.843 2478 Alaska-slab2-v3                                                                  189.5044   52.0377 24.2
  2.731 2479 Alaska-slab2-v3                                                                  189.4593   52.1155 28.2
  1.462 2480 Alaska-slab2-v3                                                                  189.4161   52.1913 32.8
  5.318 2487 Alaska-slab2-v3                                                                  189.4233   51.6486 14.6
  5.318 2488 Alaska-slab2-v3                                                                  189.3786   51.7326 16.5
  5.318 2489 Alaska-slab2-v3                                                                  189.3368   51.8163 18.8
  4.688 2490 Alaska-slab2-v3                                                                  189.2920   51.8981 21.6
  3.763 2491 Alaska-slab2-v3                                                                  189.2457   51.9779 25.0
  2.673 2492 Alaska-slab2-v3                                                                  189.2020   52.0562 28.9
  1.426 2493 Alaska-slab2-v3                                                                  189.1599   52.1321 33.5
  5.318 2500 Alaska-slab2-v3                                                                  189.1606   51.5928 15.2
  5.318 2501 Alaska-slab2-v3                                                                  189.1191   51.6771 17.3
  5.318 2502 Alaska-slab2-v3                                                                  189.0776   51.7604 19.8
  4.537 2503 Alaska-slab2-v3                                                                  189.0325   51.8419 22.7
  3.637 2504 Alaska-slab2-v3                                                                  188.9870   51.9220 26.0
  2.580 2505 Alaska-slab2-v3                                                                  188.9444   52.0005 30.0
  1.363 2506 Alaska-slab2-v3                                                                  188.9029   52.0766 34.5
  5.318 2512 Alaska-slab2-v3                                                                  188.9407   51.4562 14.3
  5.318 2513 Alaska-slab2-v3                                                                  188.8984   51.5409 16.0
  5.318 2514 Alaska-slab2-v3                                                                  188.8598   51.6253 18.3
  5.142 2515 Alaska-slab2-v3                                                                  188.8181   51.7081 21.0
  4.362 2516 Alaska-slab2-v3                                                                  188.7724   51.7893 24.0
  3.489 2517 Alaska-slab2-v3                                                                  188.7279   51.8696 27.3
  2.457 2518 Alaska-slab2-v3                                                                  188.6861   51.9482 31.2
  5.318 2525 Alaska-slab2-v3                                                                  188.6752   51.4069 15.0
  5.318 2526 Alaska-slab2-v3                                                                  188.6360   51.4919 16.9
  5.318 2527 Alaska-slab2-v3                                                                  188.5981   51.5760 19.3
  4.985 2528 Alaska-slab2-v3                                                                  188.5557   51.6584 22.1
  4.212 2529 Alaska-slab2-v3                                                                  188.5107   51.7397 25.1
  3.347 2530 Alaska-slab2-v3                                                                  188.4677   51.8201 28.5
  2.334 2531 Alaska-slab2-v3                                                                  188.4266   51.8989 32.4
  5.318 2537 Alaska-slab2-v3                                                                  188.4488   51.2742 14.3
  5.318 2538 Alaska-slab2-v3                                                                  188.4086   51.3599 15.6
  5.318 2539 Alaska-slab2-v3                                                                  188.3715   51.4450 17.6
  4.946 2540 Alaska-slab2-v3                                                                  188.3330   51.5288 20.1
  4.154 2541 Alaska-slab2-v3                                                                  188.2902   51.6111 22.9
  3.279 2542 Alaska-slab2-v3                                                                  188.2468   51.6924 26.0
  2.297 2543 Alaska-slab2-v3                                                                  188.2057   51.7729 29.5
  1.200 2544 Alaska-slab2-v3                                                                  188.1654   51.8521 33.3
  5.318 2549 Alaska-slab2-v3                                                                  188.1783   51.2288 14.7
  5.318 2550 Alaska-slab2-v3                                                                  188.1402   51.3148 16.0
  5.318 2551 Alaska-slab2-v3                                                                  188.1045   51.3999 18.1
  4.894 2552 Alaska-slab2-v3                                                                  188.0659   51.4837 20.6
  4.118 2553 Alaska-slab2-v3                                                                  188.0232   51.5660 23.4
  3.239 2554 Alaska-slab2-v3                                                                  187.9815   51.6474 26.6
  2.263 2555 Alaska-slab2-v3                                                                  187.9420   51.7281 30.1
  1.196 2556 Alaska-slab2-v3                                                                  187.9027   51.8077 34.0
  5.318 2560 Alaska-slab2-v3                                                                  187.9448   51.0992 14.0
  5.318 2561 Alaska-slab2-v3                                                                  187.9064   51.1856 14.9
  5.318 2562 Alaska-slab2-v3                                                                  187.8701   51.2717 16.3
  5.318 2563 Alaska-slab2-v3                                                                  187.8356   51.3569 18.5
  4.860 2564 Alaska-slab2-v3                                                                  187.7975   51.4407 21.1
  4.106 2565 Alaska-slab2-v3                                                                  187.7555   51.5233 23.8
  3.235 2566 Alaska-slab2-v3                                                                  187.7154   51.6050 27.0
  2.278 2567 Alaska-slab2-v3                                                                  187.6772   51.6860 30.5
  1.217 2568 Alaska-slab2-v3                                                                  187.6391   51.7656 34.4
  5.318 2573 Alaska-slab2-v3                                                                  187.6335   51.1444 15.0
  5.318 2574 Alaska-slab2-v3                                                                  187.5990   51.2306 16.6
  5.318 2575 Alaska-slab2-v3                                                                  187.5659   51.3157 18.9
  4.822 2576 Alaska-slab2-v3                                                                  187.5286   51.3996 21.5
  4.079 2577 Alaska-slab2-v3                                                                  187.4877   51.4824 24.2
  3.244 2578 Alaska-slab2-v3                                                                  187.4489   51.5646 27.3
  2.304 2579 Alaska-slab2-v3                                                                  187.4119   51.6459 30.7
  1.228 2580 Alaska-slab2-v3                                                                  187.3752   51.7253 34.7
  5.318 2585 Alaska-slab2-v3                                                                  187.3605   51.1042 14.9
  5.318 2586 Alaska-slab2-v3                                                                  187.3276   51.1904 16.6
  5.318 2587 Alaska-slab2-v3                                                                  187.2958   51.2756 19.0
  4.778 2588 Alaska-slab2-v3                                                                  187.2596   51.3594 21.7
  4.032 2589 Alaska-slab2-v3                                                                  187.2200   51.4424 24.5
  3.230 2590 Alaska-slab2-v3                                                                  187.1825   51.5252 27.4
  2.296 2591 Alaska-slab2-v3                                                                  187.1467   51.6067 30.9
  1.205 2592 Alaska-slab2-v3                                                                  187.1114   51.6861 34.9
  5.318 2597 Alaska-slab2-v3                                                                  187.0879   51.0642 14.8
  5.318 2598 Alaska-slab2-v3                                                                  187.0563   51.1506 16.5
  5.318 2599 Alaska-slab2-v3                                                                  187.0262   51.2361 18.9
  4.763 2600 Alaska-slab2-v3                                                                  186.9916   51.3201 21.5
  3.991 2601 Alaska-slab2-v3                                                                  186.9531   51.4031 24.4
  3.195 2602 Alaska-slab2-v3                                                                  186.9166   51.4862 27.3
  2.252 2603 Alaska-slab2-v3                                                                  186.8821   51.5678 30.8
  1.161 2604 Alaska-slab2-v3                                                                  186.8482   51.6477 34.8
  5.318 2609 Alaska-slab2-v3                                                                  186.8157   51.0243 14.5
  5.318 2610 Alaska-slab2-v3                                                                  186.7857   51.1111 16.2
  5.318 2611 Alaska-slab2-v3                                                                  186.7578   51.1974 18.3
  4.820 2612 Alaska-slab2-v3                                                                  186.7261   51.2821 20.8
  4.024 2613 Alaska-slab2-v3                                                                  186.6892   51.3653 23.7
  3.177 2614 Alaska-slab2-v3                                                                  186.6529   51.4481 26.7
  2.210 2615 Alaska-slab2-v3                                                                  186.6188   51.5299 30.1
  1.123 2616 Alaska-slab2-v3                                                                  186.5861   51.6103 34.0
  5.318 2621 Alaska-slab2-v3                                                                  186.5444   50.9853 14.0
  5.318 2622 Alaska-slab2-v3                                                                  186.5161   51.0725 15.6
  5.318 2623 Alaska-slab2-v3                                                                  186.4904   51.1595 17.5
  5.318 2624 Alaska-slab2-v3                                                                  186.4633   51.2456 19.7
  4.855 2625 Alaska-slab2-v3                                                                  186.4304   51.3299 22.3
  4.063 2626 Alaska-slab2-v3                                                                  186.3943   51.4126 25.4
  3.152 2627 Alaska-slab2-v3                                                                  186.3589   51.4940 28.9
  2.166 2628 Alaska-slab2-v3                                                                  186.3262   51.5747 32.7
  9.306 2635 Alaska-slab2-v3                                                                  186.2478   51.0353 15.0
  9.306 2636 Alaska-slab2-v3                                                                  186.2236   51.1228 16.6
  9.306 2637 Alaska-slab2-v3                                                                  186.2002   51.2099 18.6
  8.673 2638 Alaska-slab2-v3                                                                  186.1726   51.2958 20.9
  7.363 2639 Alaska-slab2-v3                                                                  186.1398   51.3799 23.6
  5.730 2640 Alaska-slab2-v3                                                                  186.1044   51.4614 27.0
  3.901 2641 Alaska-slab2-v3                                                                  186.0702   51.5418 30.9
  2.062 2642 Alaska-slab2-v3                                                                  186.0397   51.6227 34.8
 13.295 2648 Alaska-slab2-v3                                                                  185.9799   50.9999 14.2
 13.295 2649 Alaska-slab2-v3                                                                  185.9571   51.0878 15.7
 13.295 2650 Alaska-slab2-v3                                                                  185.9348   51.1752 17.6
 12.416 2651 Alaska-slab2-v3                                                                  185.9110   51.2620 19.7
 10.729 2652 Alaska-slab2-v3                                                                  185.8833   51.3478 22.0
  8.568 2653 Alaska-slab2-v3                                                                  185.8515   51.4312 25.0
  5.873 2654 Alaska-slab2-v3                                                                  185.8171   51.5119 28.8
  3.070 2655 Alaska-slab2-v3                                                                  185.7851   51.5923 32.6
 17.283 2662 Alaska-slab2-v3                                                                  185.6891   51.0545 14.9
 17.283 2663 Alaska-slab2-v3                                                                  185.6675   51.1422 16.7
 17.283 2664 Alaska-slab2-v3                                                                  185.6451   51.2292 18.7
 16.338 2665 Alaska-slab2-v3                                                                  185.6203   51.3157 20.9
 14.135 2666 Alaska-slab2-v3                                                                  185.5928   51.4011 23.5
 11.235 2667 Alaska-slab2-v3                                                                  185.5617   51.4836 26.8
  7.934 2668 Alaska-slab2-v3                                                                  185.5297   51.5645 30.6
  4.294 2669 Alaska-slab2-v3                                                                  185.4992   51.6439 34.8
 21.272 2676 Alaska-slab2-v3                                                                  185.4172   51.0229 14.4
 21.272 2677 Alaska-slab2-v3                                                                  185.3969   51.1109 16.0
 21.272 2678 Alaska-slab2-v3                                                                  185.3752   51.1980 18.0
 19.785 2679 Alaska-slab2-v3                                                                  185.3522   51.2847 20.2
 17.105 2680 Alaska-slab2-v3                                                                  185.3272   51.3708 22.6
 13.873 2681 Alaska-slab2-v3                                                                  185.2999   51.4552 25.5
  9.977 2682 Alaska-slab2-v3                                                                  185.2705   51.5377 28.9
  5.450 2683 Alaska-slab2-v3                                                                  185.2410   51.6181 32.9
 21.272 2690 Alaska-slab2-v3                                                                  185.1420   50.9925 14.2
 21.272 2691 Alaska-slab2-v3                                                                  185.1230   51.0809 15.6
 21.272 2692 Alaska-slab2-v3                                                                  185.1026   51.1684 17.5
 21.272 2693 Alaska-slab2-v3                                                                  185.0813   51.2553 19.7
 19.973 2694 Alaska-slab2-v3                                                                  185.0579   51.3416 22.1
 17.242 2695 Alaska-slab2-v3                                                                  185.0325   51.4269 24.7
 14.052 2696 Alaska-slab2-v3                                                                  185.0058   51.5108 27.9
 10.186 2697 Alaska-slab2-v3                                                                  184.9782   51.5924 31.6
 21.272 2705 Alaska-slab2-v3                                                                  184.8668   50.9635 14.4
 21.272 2706 Alaska-slab2-v3                                                                  184.8487   51.0521 15.7
 21.272 2707 Alaska-slab2-v3                                                                  184.8291   51.1401 17.3
 21.272 2708 Alaska-slab2-v3                                                                  184.8091   51.2274 19.3
 19.770 2709 Alaska-slab2-v3                                                                  184.7869   51.3139 21.7
 17.009 2710 Alaska-slab2-v3                                                                  184.7628   51.3995 24.3
 13.912 2711 Alaska-slab2-v3                                                                  184.7379   51.4841 27.3
 10.132 2712 Alaska-slab2-v3                                                                  184.7119   51.5665 30.9
 21.272 2720 Alaska-slab2-v3                                                                  184.5923   50.9359 14.6
 21.272 2721 Alaska-slab2-v3                                                                  184.5748   51.0247 15.8
 21.272 2722 Alaska-slab2-v3                                                                  184.5556   51.1130 17.3
 21.272 2723 Alaska-slab2-v3                                                                  184.5363   51.2007 19.1
 19.780 2724 Alaska-slab2-v3                                                                  184.5152   51.2874 21.4
 16.990 2725 Alaska-slab2-v3                                                                  184.4923   51.3732 24.0
 13.847 2726 Alaska-slab2-v3                                                                  184.4686   51.4580 26.9
 10.066 2727 Alaska-slab2-v3                                                                  184.4439   51.5407 30.5
  5.390 2728 Alaska-slab2-v3                                                                  184.4180   51.6199 34.9
 21.272 2735 Alaska-slab2-v3                                                                  184.3167   50.9099 14.7
 21.272 2736 Alaska-slab2-v3                                                                  184.2999   50.9987 15.9
 21.272 2737 Alaska-slab2-v3                                                                  184.2813   51.0871 17.3
 21.272 2738 Alaska-slab2-v3                                                                  184.2627   51.1751 19.0
 19.892 2739 Alaska-slab2-v3                                                                  184.2425   51.2621 21.2
 17.144 2740 Alaska-slab2-v3                                                                  184.2209   51.3481 23.8
 13.914 2741 Alaska-slab2-v3                                                                  184.1985   51.4328 26.8
 10.042 2742 Alaska-slab2-v3                                                                  184.1751   51.5155 30.4
  5.390 2743 Alaska-slab2-v3                                                                  184.1508   51.5951 34.7
 21.272 2750 Alaska-slab2-v3                                                                  184.0402   50.8858 14.6
 21.272 2751 Alaska-slab2-v3                                                                  184.0244   50.9747 15.9
 21.272 2752 Alaska-slab2-v3                                                                  184.0065   51.0631 17.3
 21.272 2753 Alaska-slab2-v3                                                                  183.9887   51.1511 19.1
 20.026 2754 Alaska-slab2-v3                                                                  183.9695   51.2384 21.1
 17.343 2755 Alaska-slab2-v3                                                                  183.9490   51.3246 23.7
 14.043 2756 Alaska-slab2-v3                                                                  183.9278   51.4091 26.8
 10.061 2757 Alaska-slab2-v3                                                                  183.9058   51.4915 30.5
  5.419 2758 Alaska-slab2-v3                                                                  183.8829   51.5713 34.9
 21.272 2765 Alaska-slab2-v3                                                                  183.7633   50.8640 14.5
 21.272 2766 Alaska-slab2-v3                                                                  183.7487   50.9529 15.8
 21.272 2767 Alaska-slab2-v3                                                                  183.7317   51.0412 17.4
 21.272 2768 Alaska-slab2-v3                                                                  183.7146   51.1291 19.2
 20.086 2769 Alaska-slab2-v3                                                                  183.6962   51.2164 21.3
 17.430 2770 Alaska-slab2-v3                                                                  183.6768   51.3027 23.8
 14.111 2771 Alaska-slab2-v3                                                                  183.6569   51.3872 27.0
 10.096 2772 Alaska-slab2-v3                                                                  183.6363   51.4695 30.8
 21.272 2780 Alaska-slab2-v3                                                                  183.4859   50.8448 14.3
 21.272 2781 Alaska-slab2-v3                                                                  183.4725   50.9336 15.6
 21.272 2782 Alaska-slab2-v3                                                                  183.4566   51.0218 17.4
 21.272 2783 Alaska-slab2-v3                                                                  183.4403   51.1095 19.4
 20.039 2784 Alaska-slab2-v3                                                                  183.4229   51.1966 21.6
 17.344 2785 Alaska-slab2-v3                                                                  183.4046   51.2828 24.2
 14.067 2786 Alaska-slab2-v3                                                                  183.3859   51.3675 27.4
 10.092 2787 Alaska-slab2-v3                                                                  183.3666   51.4498 31.2
 21.272 2795 Alaska-slab2-v3                                                                  183.2078   50.8284 14.2
 21.272 2796 Alaska-slab2-v3                                                                  183.1956   50.9172 15.6
 21.272 2797 Alaska-slab2-v3                                                                  183.1809   51.0053 17.4
 21.272 2798 Alaska-slab2-v3                                                                  183.1656   51.0928 19.6
 19.973 2799 Alaska-slab2-v3                                                                  183.1494   51.1796 22.0
 17.200 2800 Alaska-slab2-v3                                                                  183.1322   51.2657 24.7
 13.965 2801 Alaska-slab2-v3                                                                  183.1146   51.3504 27.8
 10.063 2802 Alaska-slab2-v3                                                                  183.0966   51.4329 31.6
 21.272 2810 Alaska-slab2-v3                                                                  182.9294   50.8151 14.2
 21.272 2811 Alaska-slab2-v3                                                                  182.9181   50.9039 15.6
 21.272 2812 Alaska-slab2-v3                                                                  182.9046   50.9921 17.5
 21.272 2813 Alaska-slab2-v3                                                                  182.8905   51.0794 19.7
 19.973 2814 Alaska-slab2-v3                                                                  182.8754   51.1660 22.2
 17.111 2815 Alaska-slab2-v3                                                                  182.8595   51.2518 25.1
 13.883 2816 Alaska-slab2-v3                                                                  182.8429   51.3366 28.2
  9.976 2817 Alaska-slab2-v3                                                                  182.8264   51.4190 32.1
 21.272 2825 Alaska-slab2-v3                                                                  182.6507   50.8052 14.2
 21.272 2826 Alaska-slab2-v3                                                                  182.6403   50.8941 15.6
 21.272 2827 Alaska-slab2-v3                                                                  182.6279   50.9823 17.4
 20.024 2828 Alaska-slab2-v3                                                                  182.6151   51.0698 19.7
 16.981 2829 Alaska-slab2-v3                                                                  182.6012   51.1562 22.3
 13.605 2830 Alaska-slab2-v3                                                                  182.5864   51.2417 25.3
  9.829 2831 Alaska-slab2-v3                                                                  182.5711   51.3262 28.6
  5.298 2832 Alaska-slab2-v3                                                                  182.5560   51.4083 32.5
 21.272 2839 Alaska-slab2-v3                                                                  182.3720   50.7989 14.1
 21.272 2840 Alaska-slab2-v3                                                                  182.3624   50.8878 15.6
 21.272 2841 Alaska-slab2-v3                                                                  182.3512   50.9762 17.4
 20.305 2842 Alaska-slab2-v3                                                                  182.3395   51.0636 19.7
 17.264 2843 Alaska-slab2-v3                                                                  182.3269   51.1500 22.4
 13.793 2844 Alaska-slab2-v3                                                                  182.3132   51.2353 25.4
  9.847 2845 Alaska-slab2-v3                                                                  182.2992   51.3193 28.9
  5.246 2846 Alaska-slab2-v3                                                                  182.2854   51.4011 33.0
 21.272 2853 Alaska-slab2-v3                                                                  182.0936   50.7965 14.0
 21.272 2854 Alaska-slab2-v3                                                                  182.0847   50.8853 15.6
 21.272 2855 Alaska-slab2-v3                                                                  182.0745   50.9736 17.5
 20.588 2856 Alaska-slab2-v3                                                                  182.0637   51.0610 19.7
 17.573 2857 Alaska-slab2-v3                                                                  182.0522   51.1474 22.5
 14.036 2858 Alaska-slab2-v3                                                                  182.0399   51.2325 25.6
  9.955 2859 Alaska-slab2-v3                                                                  182.0271   51.3159 29.3
  5.294 2860 Alaska-slab2-v3                                                                  182.0147   51.3972 33.5
 21.272 2868 Alaska-slab2-v3                                                                  181.8068   50.8865 15.6
 21.272 2869 Alaska-slab2-v3                                                                  181.7974   50.9745 17.6
 20.854 2870 Alaska-slab2-v3                                                                  181.7875   51.0618 20.0
 17.836 2871 Alaska-slab2-v3                                                                  181.7772   51.1481 22.8
 14.275 2872 Alaska-slab2-v3                                                                  181.7661   51.2329 26.0
 10.128 2873 Alaska-slab2-v3                                                                  181.7548   51.3158 29.9
  5.395 2874 Alaska-slab2-v3                                                                  181.7439   51.3965 34.2
 21.272 2882 Alaska-slab2-v3                                                                  181.5284   50.8914 15.7
 21.272 2883 Alaska-slab2-v3                                                                  181.5199   50.9791 17.9
 21.114 2884 Alaska-slab2-v3                                                                  181.5111   51.0661 20.4
 18.041 2885 Alaska-slab2-v3                                                                  181.5020   51.1520 23.4
 14.464 2886 Alaska-slab2-v3                                                                  181.4924   51.2365 26.8
 10.290 2887 Alaska-slab2-v3                                                                  181.4828   51.3188 30.8
 21.272 2895 Alaska-slab2-v3                                                                  181.2558   50.8118 14.1
 21.272 2896 Alaska-slab2-v3                                                                  181.2495   50.9001 16.0
 21.272 2897 Alaska-slab2-v3                                                                  181.2423   50.9875 18.4
 18.203 2898 Alaska-slab2-v3                                                                  181.2349   51.0739 21.1
 14.581 2899 Alaska-slab2-v3                                                                  181.2272   51.1593 24.2
 10.417 2900 Alaska-slab2-v3                                                                  181.2192   51.2432 27.9
  5.560 2901 Alaska-slab2-v3                                                                  181.2114   51.3246 32.1
 21.272 2908 Alaska-slab2-v3                                                                  180.9758   50.8239 14.5
 21.272 2909 Alaska-slab2-v3                                                                  180.9708   50.9120 16.5
 21.272 2910 Alaska-slab2-v3                                                                  180.9650   50.9992 19.0
 18.396 2911 Alaska-slab2-v3                                                                  180.9593   51.0852 21.9
 14.662 2912 Alaska-slab2-v3                                                                  180.9532   51.1699 25.3
 10.355 2913 Alaska-slab2-v3                                                                  180.9469   51.2527 29.2
  5.475 2914 Alaska-slab2-v3                                                                  180.9410   51.3333 33.7
 21.272 2921 Alaska-slab2-v3                                                                  180.6963   50.8386 15.0
 21.272 2922 Alaska-slab2-v3                                                                  180.6925   50.9266 17.1
 21.272 2923 Alaska-slab2-v3                                                                  180.6884   51.0136 19.7
 18.519 2924 Alaska-slab2-v3                                                                  180.6843   51.0991 22.8
 14.638 2925 Alaska-slab2-v3                                                                  180.6799   51.1828 26.5
 10.219 2926 Alaska-slab2-v3                                                                  180.6755   51.2646 30.6
 17.283 2934 Alaska-slab2-v3                                                                  180.4175   50.8551 15.4
 17.283 2935 Alaska-slab2-v3                                                                  180.4150   50.9429 17.7
 15.292 2936 Alaska-slab2-v3                                                                  180.4124   51.0295 20.4
 12.228 2937 Alaska-slab2-v3                                                                  180.4099   51.1147 23.6
  8.559 2938 Alaska-slab2-v3                                                                  180.4073   51.1977 27.5
  4.445 2939 Alaska-slab2-v3                                                                  180.4047   51.2788 31.9
 13.295 2946 Alaska-slab2-v3                                                                  180.1393   50.8723 15.8
 13.295 2947 Alaska-slab2-v3                                                                  180.1382   50.9596 18.2
 11.746 2948 Alaska-slab2-v3                                                                  180.1372   51.0460 21.1
  9.417 2949 Alaska-slab2-v3                                                                  180.1364   51.1309 24.4
  6.651 2950 Alaska-slab2-v3                                                                  180.1355   51.2137 28.3
  3.519 2951 Alaska-slab2-v3                                                                  180.1347   51.2944 32.8
  9.306 2957 Alaska-slab2-v3                                                                  179.8646   50.7983 14.0
  9.306 2958 Alaska-slab2-v3                                                                  179.8659   50.8866 16.0
  9.306 2959 Alaska-slab2-v3                                                                  179.8669   50.9737 18.5
  8.283 2960 Alaska-slab2-v3                                                                  179.8678   51.0595 21.6
  6.621 2961 Alaska-slab2-v3                                                                  179.8689   51.1440 25.0
  4.738 2962 Alaska-slab2-v3                                                                  179.8700   51.2268 29.0
  2.539 2963 Alaska-slab2-v3                                                                  179.8713   51.3067 33.5
  5.318 2969 Alaska-slab2-v3                                                                  179.5922   50.8098 14.2
  5.318 2970 Alaska-slab2-v3                                                                  179.5964   50.8983 16.1
  5.318 2971 Alaska-slab2-v3                                                                  179.6002   50.9854 18.6
  4.790 2972 Alaska-slab2-v3                                                                  179.6037   51.0706 21.8
  3.808 2973 Alaska-slab2-v3                                                                  179.6070   51.1544 25.5
  2.730 2974 Alaska-slab2-v3                                                                  179.6105   51.2369 29.5
  1.451 2975 Alaska-slab2-v3                                                                  179.6141   51.3158 34.2
  5.318 2981 Alaska-slab2-v3                                                                  179.3204   50.8244 14.3
  5.318 2982 Alaska-slab2-v3                                                                  179.3273   50.9128 16.2
  5.318 2983 Alaska-slab2-v3                                                                  179.3340   50.9997 18.7
  4.819 2984 Alaska-slab2-v3                                                                  179.3400   51.0846 22.0
  3.823 2985 Alaska-slab2-v3                                                                  179.3457   51.1680 25.8
  2.720 2986 Alaska-slab2-v3                                                                  179.3516   51.2497 30.0
  1.428 2987 Alaska-slab2-v3                                                                  179.3576   51.3281 34.9
  5.318 2993 Alaska-slab2-v3                                                                  179.0494   50.8442 14.4
  5.318 2994 Alaska-slab2-v3                                                                  179.0591   50.9323 16.4
  5.318 2995 Alaska-slab2-v3                                                                  179.0686   51.0190 19.0
  4.831 2996 Alaska-slab2-v3                                                                  179.0772   51.1038 22.3
  3.831 2997 Alaska-slab2-v3                                                                  179.0853   51.1868 26.1
  2.693 2998 Alaska-slab2-v3                                                                  179.0935   51.2676 30.5
  5.318 3005 Alaska-slab2-v3                                                                  178.7798   50.8697 14.5
  5.318 3006 Alaska-slab2-v3                                                                  178.7922   50.9575 16.5
  5.318 3007 Alaska-slab2-v3                                                                  178.8044   51.0439 19.3
  4.842 3008 Alaska-slab2-v3                                                                  178.8155   51.1285 22.6
  3.835 3009 Alaska-slab2-v3                                                                  178.8259   51.2111 26.5
  2.670 3010 Alaska-slab2-v3                                                                  178.8365   51.2910 31.0
  5.318 3017 Alaska-slab2-v3                                                                  178.5114   50.9004 14.6
  5.318 3018 Alaska-slab2-v3                                                                  178.5266   50.9878 16.7
  4.942 3019 Alaska-slab2-v3                                                                  178.5414   51.0738 19.5
  3.970 3020 Alaska-slab2-v3                                                                  178.5549   51.1583 22.9
  2.800 3021 Alaska-slab2-v3                                                                  178.5678   51.2404 26.9
  1.447 3022 Alaska-slab2-v3                                                                  178.5809   51.3197 31.5
  5.318 3028 Alaska-slab2-v3                                                                  178.2445   50.9354 14.6
  5.318 3029 Alaska-slab2-v3                                                                  178.2624   51.0224 16.9
  4.952 3030 Alaska-slab2-v3                                                                  178.2798   51.1081 19.7
  3.981 3031 Alaska-slab2-v3                                                                  178.2957   51.1922 23.1
  2.805 3032 Alaska-slab2-v3                                                                  178.3111   51.2738 27.2
  1.456 3033 Alaska-slab2-v3                                                                  178.3268   51.3528 31.9
  5.318 3039 Alaska-slab2-v3                                                                  177.9788   50.9738 14.6
  5.318 3040 Alaska-slab2-v3                                                                  177.9995   51.0605 16.9
  4.970 3041 Alaska-slab2-v3                                                                  178.0197   51.1457 19.8
  3.990 3042 Alaska-slab2-v3                                                                  178.0379   51.2295 23.2
  2.817 3043 Alaska-slab2-v3                                                                  178.0559   51.3108 27.3
  1.481 3044 Alaska-slab2-v3                                                                  178.0743   51.3896 32.0
  5.318 3050 Alaska-slab2-v3                                                                  177.7145   51.0150 14.5
  5.318 3051 Alaska-slab2-v3                                                                  177.7381   51.1013 16.8
  4.985 3052 Alaska-slab2-v3                                                                  177.7610   51.1862 19.8
  3.997 3053 Alaska-slab2-v3                                                                  177.7817   51.2696 23.2
  2.831 3054 Alaska-slab2-v3                                                                  177.8022   51.3508 27.3
  1.500 3055 Alaska-slab2-v3                                                                  177.8232   51.4294 32.0
  5.318 3061 Alaska-slab2-v3                                                                  177.4512   51.0587 14.4
  5.318 3062 Alaska-slab2-v3                                                                  177.4776   51.1447 16.7
  4.999 3063 Alaska-slab2-v3                                                                  177.5036   51.2292 19.6
  4.003 3064 Alaska-slab2-v3                                                                  177.5268   51.3124 23.1
  2.843 3065 Alaska-slab2-v3                                                                  177.5498   51.3935 27.1
  1.513 3066 Alaska-slab2-v3                                                                  177.5734   51.4719 31.8
  5.318 3072 Alaska-slab2-v3                                                                  177.1886   51.1048 14.2
  5.318 3073 Alaska-slab2-v3                                                                  177.2180   51.1905 16.5
  5.011 3074 Alaska-slab2-v3                                                                  177.2470   51.2746 19.4
  4.009 3075 Alaska-slab2-v3                                                                  177.2728   51.3575 22.9
  2.850 3076 Alaska-slab2-v3                                                                  177.2983   51.4385 26.9
  1.526 3077 Alaska-slab2-v3                                                                  177.3246   51.5169 31.5
  5.318 3083 Alaska-slab2-v3                                                                  176.9263   51.1531 14.0
  5.318 3084 Alaska-slab2-v3                                                                  176.9587   51.2385 16.3
  5.032 3085 Alaska-slab2-v3                                                                  176.9909   51.3222 19.2
  4.015 3086 Alaska-slab2-v3                                                                  177.0194   51.4047 22.7
  2.859 3087 Alaska-slab2-v3                                                                  177.0473   51.4855 26.6
  1.542 3088 Alaska-slab2-v3                                                                  177.0763   51.5638 31.1
  5.318 3095 Alaska-slab2-v3                                                                  176.6995   51.2885 16.1
  5.069 3096 Alaska-slab2-v3                                                                  176.7350   51.3718 19.0
  4.035 3097 Alaska-slab2-v3                                                                  176.7662   51.4537 22.5
  2.873 3098 Alaska-slab2-v3                                                                  176.7963   51.5342 26.5
  1.561 3099 Alaska-slab2-v3                                                                  176.8278   51.6123 31.0
  5.318 3107 Alaska-slab2-v3                                                                  176.4402   51.3404 16.1
  5.120 3108 Alaska-slab2-v3                                                                  176.4791   51.4232 18.9
  4.074 3109 Alaska-slab2-v3                                                                  176.5128   51.5045 22.5
  2.898 3110 Alaska-slab2-v3                                                                  176.5453   51.5844 26.6
  1.570 3111 Alaska-slab2-v3                                                                  176.5792   51.6616 31.1
