  1.096 1452 Alaska-slab2-v3                                                                  206.5623   55.4747  6.7
  1.096 1453 Alaska-slab2-v3                                                                  206.4544   55.5398  8.0
  1.096 1454 Alaska-slab2-v3                                                                  206.3461   55.6049  9.2
  1.005 1455 Alaska-slab2-v3                                                                  206.2403   55.6716 10.3
  0.898 1456 Alaska-slab2-v3                                                                  206.1377   55.7402 11.2
  0.803 1457 Alaska-slab2-v3                                                                  206.0354   55.8091 12.1
  0.714 1458 Alaska-slab2-v3                                                                  205.9326   55.8780 12.8
  0.624 1459 Alaska-slab2-v3                                                                  205.8296   55.9468 13.6
  0.529 1460 Alaska-slab2-v3                                                                  205.7260   56.0154 14.4
  1.096 1475 Alaska-slab2-v3                                                                  206.3037   55.3696  6.6
  1.096 1476 Alaska-slab2-v3                                                                  206.1998   55.4370  7.7
  1.096 1477 Alaska-slab2-v3                                                                  206.0955   55.5043  8.8
  1.096 1478 Alaska-slab2-v3                                                                  205.9916   55.5720  9.8
  1.023 1479 Alaska-slab2-v3                                                                  205.8897   55.6408 10.7
  0.931 1480 Alaska-slab2-v3                                                                  205.7890   55.7103 11.5
  0.843 1481 Alaska-slab2-v3                                                                  205.6879   55.7798 12.3
  0.755 1482 Alaska-slab2-v3                                                                  205.5864   55.8492 13.1
  0.662 1483 Alaska-slab2-v3                                                                  205.4847   55.9185 13.9
  0.560 1484 Alaska-slab2-v3                                                                  205.3819   55.9873 14.9
  1.096 1498 Alaska-slab2-v3                                                                  206.0464   55.2637  6.5
  1.096 1499 Alaska-slab2-v3                                                                  205.9463   55.3329  7.4
  1.096 1500 Alaska-slab2-v3                                                                  205.8458   55.4021  8.3
  1.096 1501 Alaska-slab2-v3                                                                  205.7450   55.4712  9.2
  1.067 1502 Alaska-slab2-v3                                                                  205.6444   55.5406 10.1
  0.974 1503 Alaska-slab2-v3                                                                  205.5441   55.6102 10.9
  0.883 1504 Alaska-slab2-v3                                                                  205.4433   55.6797 11.7
  0.788 1505 Alaska-slab2-v3                                                                  205.3421   55.7491 12.6
  0.689 1506 Alaska-slab2-v3                                                                  205.2407   55.8184 13.5
  0.579 1507 Alaska-slab2-v3                                                                  205.1389   55.8874 14.5
  1.096 1521 Alaska-slab2-v3                                                                  205.7905   55.1568  6.4
  1.096 1522 Alaska-slab2-v3                                                                  205.6936   55.2276  7.2
  1.096 1523 Alaska-slab2-v3                                                                  205.5963   55.2983  7.9
  1.096 1524 Alaska-slab2-v3                                                                  205.4988   55.3689  8.7
  1.096 1525 Alaska-slab2-v3                                                                  205.4008   55.4394  9.5
  1.032 1526 Alaska-slab2-v3                                                                  205.3016   55.5095 10.3
  0.939 1527 Alaska-slab2-v3                                                                  205.2007   55.5787 11.2
  0.839 1528 Alaska-slab2-v3                                                                  205.0989   55.6477 12.1
  0.732 1529 Alaska-slab2-v3                                                                  204.9969   55.7165 13.0
  0.614 1530 Alaska-slab2-v3                                                                  204.8945   55.7851 14.1
  1.096 1544 Alaska-slab2-v3                                                                  205.5445   55.0436  6.3
  1.096 1545 Alaska-slab2-v3                                                                  205.4491   55.1150  7.0
  1.096 1546 Alaska-slab2-v3                                                                  205.3538   55.1864  7.8
  1.096 1547 Alaska-slab2-v3                                                                  205.2584   55.2577  8.5
  1.096 1548 Alaska-slab2-v3                                                                  205.1624   55.3289  9.3
  1.057 1549 Alaska-slab2-v3                                                                  205.0641   55.3994 10.1
  0.958 1550 Alaska-slab2-v3                                                                  204.9633   55.4688 11.0
  0.851 1551 Alaska-slab2-v3                                                                  204.8619   55.5377 11.9
  0.736 1552 Alaska-slab2-v3                                                                  204.7602   55.6064 12.9
  0.611 1553 Alaska-slab2-v3                                                                  204.6582   55.6750 14.0
  1.096 1567 Alaska-slab2-v3                                                                  205.3062   54.9248  6.3
  1.096 1568 Alaska-slab2-v3                                                                  205.2114   54.9964  7.0
  1.096 1569 Alaska-slab2-v3                                                                  205.1163   55.0678  7.7
  1.096 1570 Alaska-slab2-v3                                                                  205.0209   55.1392  8.5
  1.096 1571 Alaska-slab2-v3                                                                  204.9251   55.2105  9.3
  1.040 1572 Alaska-slab2-v3                                                                  204.8280   55.2811 10.2
  0.932 1573 Alaska-slab2-v3                                                                  204.7290   55.3509 11.1
  0.815 1574 Alaska-slab2-v3                                                                  204.6291   55.4202 12.2
  0.693 1575 Alaska-slab2-v3                                                                  204.5289   55.4895 13.2
  0.567 1576 Alaska-slab2-v3                                                                  204.4284   55.5586 14.4
  1.096 1590 Alaska-slab2-v3                                                                  205.0642   54.8092  6.4
  1.096 1591 Alaska-slab2-v3                                                                  204.9702   54.8809  7.1
  1.096 1592 Alaska-slab2-v3                                                                  204.8759   54.9526  7.8
  1.096 1593 Alaska-slab2-v3                                                                  204.7814   55.0242  8.6
  1.096 1594 Alaska-slab2-v3                                                                  204.6865   55.0957  9.4
  1.015 1595 Alaska-slab2-v3                                                                  204.5900   55.1664 10.4
  0.900 1596 Alaska-slab2-v3                                                                  204.4918   55.2363 11.4
  0.779 1597 Alaska-slab2-v3                                                                  204.3930   55.3061 12.5
  0.655 1598 Alaska-slab2-v3                                                                  204.2939   55.3757 13.6
  0.531 1599 Alaska-slab2-v3                                                                  204.1944   55.4452 14.6
  1.096 1613 Alaska-slab2-v3                                                                  204.8147   54.6997  6.4
  1.096 1614 Alaska-slab2-v3                                                                  204.7219   54.7718  7.2
  1.096 1615 Alaska-slab2-v3                                                                  204.6288   54.8438  8.0
  1.096 1616 Alaska-slab2-v3                                                                  204.5354   54.9157  8.9
  1.087 1617 Alaska-slab2-v3                                                                  204.4412   54.9874  9.8
  0.978 1618 Alaska-slab2-v3                                                                  204.3449   55.0581 10.7
  0.863 1619 Alaska-slab2-v3                                                                  204.2470   55.1280 11.7
  0.744 1620 Alaska-slab2-v3                                                                  204.1487   55.1978 12.8
  0.625 1621 Alaska-slab2-v3                                                                  204.0501   55.2676 13.8
  0.507 1622 Alaska-slab2-v3                                                                  203.9512   55.3373 14.9
  1.096 1636 Alaska-slab2-v3                                                                  204.5543   54.5999  6.5
  1.096 1637 Alaska-slab2-v3                                                                  204.4627   54.6723  7.4
  1.096 1638 Alaska-slab2-v3                                                                  204.3707   54.7446  8.3
  1.096 1639 Alaska-slab2-v3                                                                  204.2784   54.8168  9.2
  1.046 1640 Alaska-slab2-v3                                                                  204.1843   54.8883 10.2
  0.939 1641 Alaska-slab2-v3                                                                  204.0877   54.9587 11.1
  0.830 1642 Alaska-slab2-v3                                                                  203.9900   55.0287 12.1
  0.720 1643 Alaska-slab2-v3                                                                  203.8920   55.0987 13.1
  0.610 1644 Alaska-slab2-v3                                                                  203.7936   55.1685 14.0
  1.096 1659 Alaska-slab2-v3                                                                  204.2824   54.5112  6.5
  1.096 1660 Alaska-slab2-v3                                                                  204.1912   54.5835  7.6
  1.096 1661 Alaska-slab2-v3                                                                  204.0996   54.6557  8.6
  1.096 1662 Alaska-slab2-v3                                                                  204.0074   54.7278  9.6
  1.019 1663 Alaska-slab2-v3                                                                  203.9128   54.7990 10.6
  0.917 1664 Alaska-slab2-v3                                                                  203.8162   54.8693 11.5
  0.817 1665 Alaska-slab2-v3                                                                  203.7191   54.9396 12.4
  0.717 1666 Alaska-slab2-v3                                                                  203.6216   55.0097 13.3
  0.618 1667 Alaska-slab2-v3                                                                  203.5239   55.0798 14.2
  1.096 1681 Alaska-slab2-v3                                                                  204.0016   54.4321  6.6
  1.096 1682 Alaska-slab2-v3                                                                  203.9099   54.5040  7.8
  1.096 1683 Alaska-slab2-v3                                                                  203.8178   54.5758  8.9
  1.042 1684 Alaska-slab2-v3                                                                  203.7246   54.6474 10.0
  0.930 1685 Alaska-slab2-v3                                                                  203.6297   54.7183 10.9
  0.827 1686 Alaska-slab2-v3                                                                  203.5336   54.7888 11.8
  0.727 1687 Alaska-slab2-v3                                                                  203.4371   54.8593 12.7
  0.628 1688 Alaska-slab2-v3                                                                  203.3403   54.9297 13.6
  0.525 1689 Alaska-slab2-v3                                                                  203.2432   55.0001 14.4
  1.096 1703 Alaska-slab2-v3                                                                  203.7153   54.3603  6.6
  1.096 1704 Alaska-slab2-v3                                                                  203.6229   54.4317  7.9
  1.096 1705 Alaska-slab2-v3                                                                  203.5301   54.5031  9.1
  0.984 1706 Alaska-slab2-v3                                                                  203.4363   54.5742 10.1
  0.867 1707 Alaska-slab2-v3                                                                  203.3410   54.6449 11.1
  0.761 1708 Alaska-slab2-v3                                                                  203.2450   54.7154 12.0
  0.657 1709 Alaska-slab2-v3                                                                  203.1487   54.7859 12.9
  0.551 1710 Alaska-slab2-v3                                                                  203.0520   54.8563 13.8
  0.438 1711 Alaska-slab2-v3                                                                  202.9552   54.9266 14.7
  1.096 1724 Alaska-slab2-v3                                                                  203.4260   54.2934  6.7
  1.096 1725 Alaska-slab2-v3                                                                  203.3330   54.3645  7.9
  1.096 1726 Alaska-slab2-v3                                                                  203.2397   54.4355  9.2
  1.042 1727 Alaska-slab2-v3                                                                  203.1452   54.5063 10.3
  0.932 1728 Alaska-slab2-v3                                                                  203.0494   54.5766 11.2
  0.829 1729 Alaska-slab2-v3                                                                  202.9530   54.6469 12.2
  0.728 1730 Alaska-slab2-v3                                                                  202.8563   54.7171 13.1
  0.620 1731 Alaska-slab2-v3                                                                  202.7593   54.7871 14.0
  1.096 1744 Alaska-slab2-v3                                                                  203.1346   54.2305  6.7
  1.096 1745 Alaska-slab2-v3                                                                  203.0409   54.3010  8.0
  1.096 1746 Alaska-slab2-v3                                                                  202.9467   54.3715  9.3
  0.991 1747 Alaska-slab2-v3                                                                  202.8513   54.4418 10.4
  0.876 1748 Alaska-slab2-v3                                                                  202.7548   54.5117 11.4
  0.767 1749 Alaska-slab2-v3                                                                  202.6578   54.5816 12.3
  0.654 1750 Alaska-slab2-v3                                                                  202.5605   54.6514 13.3
  0.528 1751 Alaska-slab2-v3                                                                  202.4631   54.7210 14.4
  1.096 1764 Alaska-slab2-v3                                                                  202.8416   54.1708  6.7
  1.096 1765 Alaska-slab2-v3                                                                  202.7468   54.2407  8.1
  1.053 1766 Alaska-slab2-v3                                                                  202.6515   54.3106  9.4
  0.914 1767 Alaska-slab2-v3                                                                  202.5552   54.3803 10.6
  0.788 1768 Alaska-slab2-v3                                                                  202.4578   54.4497 11.6
  0.667 1769 Alaska-slab2-v3                                                                  202.3600   54.5191 12.6
  0.536 1770 Alaska-slab2-v3                                                                  202.2619   54.5883 13.7
  0.387 1771 Alaska-slab2-v3                                                                  202.1648   54.6578 14.9
  1.096 1783 Alaska-slab2-v3                                                                  202.5474   54.1138  6.7
  1.096 1784 Alaska-slab2-v3                                                                  202.4519   54.1833  8.1
  1.089 1785 Alaska-slab2-v3                                                                  202.3560   54.2528  9.5
  0.948 1786 Alaska-slab2-v3                                                                  202.2587   54.3219 10.7
  0.820 1787 Alaska-slab2-v3                                                                  202.1601   54.3906 11.8
  0.692 1788 Alaska-slab2-v3                                                                  202.0612   54.4592 12.9
  0.554 1789 Alaska-slab2-v3                                                                  201.9621   54.5277 14.1
  1.096 1802 Alaska-slab2-v3                                                                  202.2527   54.0590  6.7
  1.096 1803 Alaska-slab2-v3                                                                  202.1571   54.1283  8.2
  1.096 1804 Alaska-slab2-v3                                                                  202.0608   54.1975  9.5
  0.977 1805 Alaska-slab2-v3                                                                  201.9626   54.2661 10.8
  0.845 1806 Alaska-slab2-v3                                                                  201.8628   54.3340 11.9
  0.711 1807 Alaska-slab2-v3                                                                  201.7627   54.4018 13.1
  0.566 1808 Alaska-slab2-v3                                                                  201.6629   54.4697 14.4
  1.096 1820 Alaska-slab2-v3                                                                  201.9577   54.0054  6.8
  1.096 1821 Alaska-slab2-v3                                                                  201.8617   54.0745  8.2
  1.031 1822 Alaska-slab2-v3                                                                  201.7650   54.1434  9.6
  0.876 1823 Alaska-slab2-v3                                                                  201.6662   54.2115 10.9
  0.728 1824 Alaska-slab2-v3                                                                  201.5657   54.2789 12.1
  0.578 1825 Alaska-slab2-v3                                                                  201.4649   54.3462 13.3
  0.411 1826 Alaska-slab2-v3                                                                  201.3653   54.4140 14.7
  1.096 1838 Alaska-slab2-v3                                                                  201.6623   53.9521  6.8
  1.096 1839 Alaska-slab2-v3                                                                  201.5647   54.0202  8.3
  1.052 1840 Alaska-slab2-v3                                                                  201.4665   54.0882  9.8
  0.901 1841 Alaska-slab2-v3                                                                  201.3671   54.1560 11.1
  0.757 1842 Alaska-slab2-v3                                                                  201.2668   54.2234 12.3
  0.608 1843 Alaska-slab2-v3                                                                  201.1661   54.2907 13.6
  1.096 1855 Alaska-slab2-v3                                                                  201.3664   53.8981  6.9
  1.096 1856 Alaska-slab2-v3                                                                  201.2655   53.9641  8.6
  1.061 1857 Alaska-slab2-v3                                                                  201.1650   54.0308 10.1
  0.914 1858 Alaska-slab2-v3                                                                  201.0653   54.0982 11.4
  0.776 1859 Alaska-slab2-v3                                                                  200.9656   54.1659 12.6
  0.628 1860 Alaska-slab2-v3                                                                  200.8656   54.2334 13.9
  1.096 1872 Alaska-slab2-v3                                                                  201.0706   53.8428  7.0
  1.096 1873 Alaska-slab2-v3                                                                  200.9652   53.9058  8.9
  0.918 1874 Alaska-slab2-v3                                                                  200.8627   53.9709 10.5
  0.754 1875 Alaska-slab2-v3                                                                  200.7636   54.0385 11.9
  0.602 1876 Alaska-slab2-v3                                                                  200.6643   54.1064 13.1
  0.438 1877 Alaska-slab2-v3                                                                  200.5657   54.1744 14.5
  1.096 1889 Alaska-slab2-v3                                                                  200.7756   53.7862  7.1
  1.096 1890 Alaska-slab2-v3                                                                  200.6664   53.8460  9.2
  0.906 1891 Alaska-slab2-v3                                                                  200.5628   53.9102 11.0
  0.743 1892 Alaska-slab2-v3                                                                  200.4644   53.9780 12.4
  0.596 1893 Alaska-slab2-v3                                                                  200.3654   54.0459 13.6
  1.919 1906 Alaska-slab2-v3                                                                  200.4822   53.7288  7.2
  1.919 1907 Alaska-slab2-v3                                                                  200.3709   53.7866  9.5
  1.563 1908 Alaska-slab2-v3                                                                  200.2675   53.8503 11.3
  1.281 1909 Alaska-slab2-v3                                                                  200.1695   53.9183 12.7
  1.028 1910 Alaska-slab2-v3                                                                  200.0710   53.9863 14.0
  2.741 1923 Alaska-slab2-v3                                                                  200.1907   53.6713  7.3
  2.730 1924 Alaska-slab2-v3                                                                  200.0792   53.7284  9.6
  2.207 1925 Alaska-slab2-v3                                                                  199.9768   53.7924 11.5
  1.813 1926 Alaska-slab2-v3                                                                  199.8801   53.8610 12.9
  1.462 1927 Alaska-slab2-v3                                                                  199.7829   53.9297 14.1
  3.563 1940 Alaska-slab2-v3                                                                  199.9012   53.6142  7.3
  3.522 1941 Alaska-slab2-v3                                                                  199.7909   53.6720  9.6
  2.842 1942 Alaska-slab2-v3                                                                  199.6904   53.7369 11.5
  2.342 1943 Alaska-slab2-v3                                                                  199.5958   53.8066 12.8
  1.897 1944 Alaska-slab2-v3                                                                  199.5008   53.8763 14.0
  4.386 1957 Alaska-slab2-v3                                                                  199.6135   53.5574  7.3
  4.306 1958 Alaska-slab2-v3                                                                  199.5056   53.6169  9.6
  3.469 1959 Alaska-slab2-v3                                                                  199.4072   53.6831 11.3
  2.857 1960 Alaska-slab2-v3                                                                  199.3153   53.7539 12.6
  2.314 1961 Alaska-slab2-v3                                                                  199.2228   53.8248 13.8
  4.386 1974 Alaska-slab2-v3                                                                  199.3270   53.5006  7.2
  4.283 1975 Alaska-slab2-v3                                                                  199.2223   53.5625  9.4
  3.450 1976 Alaska-slab2-v3                                                                  199.1261   53.6299 11.1
  2.818 1977 Alaska-slab2-v3                                                                  199.0365   53.7018 12.4
  2.273 1978 Alaska-slab2-v3                                                                  198.9464   53.7737 13.6
  1.670 1979 Alaska-slab2-v3                                                                  198.8576   53.8460 14.8
  4.386 1991 Alaska-slab2-v3                                                                  199.0414   53.4436  7.1
  4.386 1992 Alaska-slab2-v3                                                                  198.9403   53.5080  9.2
  3.999 1993 Alaska-slab2-v3                                                                  198.8460   53.5765 10.9
  3.415 1994 Alaska-slab2-v3                                                                  198.7579   53.6489 12.2
  2.902 1995 Alaska-slab2-v3                                                                  198.6694   53.7215 13.4
  2.362 1996 Alaska-slab2-v3                                                                  198.5814   53.7941 14.6
  4.386 2007 Alaska-slab2-v3                                                                  198.7560   53.3861  7.0
  4.386 2008 Alaska-slab2-v3                                                                  198.6587   53.4528  9.0
  4.048 2009 Alaska-slab2-v3                                                                  198.5659   53.5222 10.6
  3.444 2010 Alaska-slab2-v3                                                                  198.4779   53.5946 12.0
  2.903 2011 Alaska-slab2-v3                                                                  198.3898   53.6672 13.2
  2.344 2012 Alaska-slab2-v3                                                                  198.3020   53.7399 14.5
  4.386 2023 Alaska-slab2-v3                                                                  198.4700   53.3279  7.0
  4.386 2024 Alaska-slab2-v3                                                                  198.3749   53.3958  8.9
  4.142 2025 Alaska-slab2-v3                                                                  198.2830   53.4657 10.6
  3.536 2026 Alaska-slab2-v3                                                                  198.1946   53.5378 11.9
  2.979 2027 Alaska-slab2-v3                                                                  198.1064   53.6102 13.2
  2.387 2028 Alaska-slab2-v3                                                                  198.0189   53.6829 14.6
  4.386 2039 Alaska-slab2-v3                                                                  198.1828   53.2689  7.1
  4.386 2040 Alaska-slab2-v3                                                                  198.0871   53.3362  9.0
  3.723 2041 Alaska-slab2-v3                                                                  197.9952   53.4060 10.7
  3.063 2042 Alaska-slab2-v3                                                                  197.9073   53.4782 12.1
  2.446 2043 Alaska-slab2-v3                                                                  197.8192   53.5506 13.4
  1.763 2044 Alaska-slab2-v3                                                                  197.7333   53.6236 14.9
  4.386 2055 Alaska-slab2-v3                                                                  197.8943   53.2088  7.2
  4.386 2056 Alaska-slab2-v3                                                                  197.7964   53.2740  9.4
  3.740 2057 Alaska-slab2-v3                                                                  197.7048   53.3436 11.2
  3.121 2058 Alaska-slab2-v3                                                                  197.6178   53.4162 12.6
  2.534 2059 Alaska-slab2-v3                                                                  197.5304   53.4887 13.9
  4.386 2070 Alaska-slab2-v3                                                                  197.6050   53.1470  7.5
  3.919 2071 Alaska-slab2-v3                                                                  197.5054   53.2094 10.1
  3.029 2072 Alaska-slab2-v3                                                                  197.4159   53.2794 12.0
  2.397 2073 Alaska-slab2-v3                                                                  197.3297   53.3524 13.3
  1.785 2074 Alaska-slab2-v3                                                                  197.2445   53.4258 14.6
  4.386 2085 Alaska-slab2-v3                                                                  197.3160   53.0831  7.9
  3.730 2086 Alaska-slab2-v3                                                                  197.2162   53.1421 11.0
  2.852 2087 Alaska-slab2-v3                                                                  197.1304   53.2137 12.9
  2.313 2088 Alaska-slab2-v3                                                                  197.0449   53.2870 14.0
  4.386 2100 Alaska-slab2-v3                                                                  197.0307   53.0183  8.2
  3.496 2101 Alaska-slab2-v3                                                                  196.9324   53.0739 11.7
  2.656 2102 Alaska-slab2-v3                                                                  196.8491   53.1466 13.6
  2.224 2103 Alaska-slab2-v3                                                                  196.7645   53.2206 14.6
  4.386 2115 Alaska-slab2-v3                                                                  196.7498   52.9534  8.5
  3.273 2116 Alaska-slab2-v3                                                                  196.6541   53.0059 12.4
  2.487 2117 Alaska-slab2-v3                                                                  196.5720   53.0791 14.1
  2.181 2118 Alaska-slab2-v3                                                                  196.4889   53.1538 14.8
  4.386 2130 Alaska-slab2-v3                                                                  196.4706   52.8875  8.7
  3.111 2131 Alaska-slab2-v3                                                                  196.3781   52.9384 12.8
  2.364 2132 Alaska-slab2-v3                                                                  196.2978   53.0122 14.5
  2.165 2133 Alaska-slab2-v3                                                                  196.2163   53.0876 14.9
  4.386 2145 Alaska-slab2-v3                                                                  196.1928   52.8211  8.8
  3.030 2146 Alaska-slab2-v3                                                                  196.1029   52.8721 13.0
  2.297 2147 Alaska-slab2-v3                                                                  196.0243   52.9465 14.7
  2.161 2148 Alaska-slab2-v3                                                                  195.9443   53.0225 15.0
