  4.090 0769 Alaska-slab2-v3                                                                  212.8435   58.0761  7.3
  2.949 0770 Alaska-slab2-v3                                                                  212.7037   58.1232  9.6
  1.917 0771 Alaska-slab2-v3                                                                  212.5640   58.1721 11.5
  1.163 0772 Alaska-slab2-v3                                                                  212.4241   58.2223 12.9
  0.650 0773 Alaska-slab2-v3                                                                  212.2830   58.2726 13.8
  0.328 0774 Alaska-slab2-v3                                                                  212.1411   58.3229 14.4
  0.147 0775 Alaska-slab2-v3                                                                  211.9987   58.3731 14.7
  0.055 0776 Alaska-slab2-v3                                                                  211.8558   58.4231 14.9
  4.090 0803 Alaska-slab2-v3                                                                  212.6419   57.9286  7.2
  3.060 0804 Alaska-slab2-v3                                                                  212.5018   57.9757  9.3
  2.077 0805 Alaska-slab2-v3                                                                  212.3630   58.0250 11.1
  1.335 0806 Alaska-slab2-v3                                                                  212.2250   58.0764 12.5
  0.808 0807 Alaska-slab2-v3                                                                  212.0860   58.1278 13.4
  0.461 0808 Alaska-slab2-v3                                                                  211.9461   58.1791 14.1
  0.236 0809 Alaska-slab2-v3                                                                  211.8057   58.2304 14.5
  0.104 0810 Alaska-slab2-v3                                                                  211.6649   58.2816 14.7
  4.090 0837 Alaska-slab2-v3                                                                  212.4328   57.7855  7.0
  3.235 0838 Alaska-slab2-v3                                                                  212.2938   57.8339  8.9
  2.333 0839 Alaska-slab2-v3                                                                  212.1557   57.8839 10.5
  1.620 0840 Alaska-slab2-v3                                                                  212.0188   57.9358 11.8
  1.080 0841 Alaska-slab2-v3                                                                  211.8814   57.9880 12.8
  0.685 0842 Alaska-slab2-v3                                                                  211.7432   58.0402 13.5
  0.395 0843 Alaska-slab2-v3                                                                  211.6045   58.0922 14.0
  0.184 0844 Alaska-slab2-v3                                                                  211.4652   58.1442 14.4
  4.090 0871 Alaska-slab2-v3                                                                  212.2148   57.6471  6.8
  3.547 0872 Alaska-slab2-v3                                                                  212.0783   57.6978  8.4
  2.758 0873 Alaska-slab2-v3                                                                  211.9416   57.7490  9.9
  2.094 0874 Alaska-slab2-v3                                                                  211.8053   57.8010 11.1
  1.563 0875 Alaska-slab2-v3                                                                  211.6687   57.8535 12.1
  1.140 0876 Alaska-slab2-v3                                                                  211.5314   57.9059 12.8
  0.800 0877 Alaska-slab2-v3                                                                  211.3937   57.9582 13.5
  0.510 0878 Alaska-slab2-v3                                                                  211.2554   58.0104 14.0
  0.258 0879 Alaska-slab2-v3                                                                  211.1167   58.0625 14.4
  4.090 0904 Alaska-slab2-v3                                                                  211.9868   57.5137  6.7
  3.722 0905 Alaska-slab2-v3                                                                  211.8526   57.5663  8.1
  3.008 0906 Alaska-slab2-v3                                                                  211.7178   57.6189  9.4
  2.383 0907 Alaska-slab2-v3                                                                  211.5824   57.6714 10.6
  1.845 0908 Alaska-slab2-v3                                                                  211.4462   57.7238 11.5
  1.389 0909 Alaska-slab2-v3                                                                  211.3094   57.7761 12.4
  0.999 0910 Alaska-slab2-v3                                                                  211.1721   57.8283 13.1
  0.648 0911 Alaska-slab2-v3                                                                  211.0343   57.8803 13.7
  0.318 0912 Alaska-slab2-v3                                                                  210.8961   57.9322 14.3
  4.090 0937 Alaska-slab2-v3                                                                  211.7476   57.3859  6.7
  3.668 0938 Alaska-slab2-v3                                                                  211.6147   57.4395  7.9
  2.979 0939 Alaska-slab2-v3                                                                  211.4814   57.4929  9.1
  2.347 0940 Alaska-slab2-v3                                                                  211.3469   57.5459 10.2
  1.783 0941 Alaska-slab2-v3                                                                  211.2112   57.5983 11.2
  1.276 0942 Alaska-slab2-v3                                                                  211.0747   57.6504 12.1
  0.820 0943 Alaska-slab2-v3                                                                  210.9378   57.7023 12.9
  0.399 0944 Alaska-slab2-v3                                                                  210.8003   57.7542 13.7
  4.090 0970 Alaska-slab2-v3                                                                  211.4967   57.2642  6.6
  3.748 0971 Alaska-slab2-v3                                                                  211.3640   57.3176  7.8
  3.082 0972 Alaska-slab2-v3                                                                  211.2308   57.3710  9.0
  2.456 0973 Alaska-slab2-v3                                                                  211.0969   57.4240 10.1
  1.885 0974 Alaska-slab2-v3                                                                  210.9619   57.4765 11.1
  1.360 0975 Alaska-slab2-v3                                                                  210.8263   57.5288 12.1
  0.875 0976 Alaska-slab2-v3                                                                  210.6901   57.5810 12.9
  0.423 0977 Alaska-slab2-v3                                                                  210.5535   57.6331 13.7
  4.090 1002 Alaska-slab2-v3                                                                  211.2352   57.1486  6.7
  3.688 1003 Alaska-slab2-v3                                                                  211.1013   57.2007  7.9
  2.998 1004 Alaska-slab2-v3                                                                  210.9669   57.2526  9.2
  2.365 1005 Alaska-slab2-v3                                                                  210.8334   57.3056 10.3
  1.799 1006 Alaska-slab2-v3                                                                  210.7011   57.3598 11.3
  1.295 1007 Alaska-slab2-v3                                                                  210.5684   57.4139 12.2
  0.832 1008 Alaska-slab2-v3                                                                  210.4353   57.4680 13.0
  0.407 1009 Alaska-slab2-v3                                                                  210.3017   57.5220 13.7
  4.090 1034 Alaska-slab2-v3                                                                  210.9648   57.0387  6.8
  3.659 1035 Alaska-slab2-v3                                                                  210.8281   57.0879  8.2
  2.935 1036 Alaska-slab2-v3                                                                  210.6921   57.1379  9.5
  2.310 1037 Alaska-slab2-v3                                                                  210.5617   57.1925 10.6
  1.791 1038 Alaska-slab2-v3                                                                  210.4359   57.2507 11.6
  1.360 1039 Alaska-slab2-v3                                                                  210.3097   57.3090 12.3
  0.989 1040 Alaska-slab2-v3                                                                  210.1830   57.3673 13.0
  0.652 1041 Alaska-slab2-v3                                                                  210.0559   57.4255 13.6
  0.332 1042 Alaska-slab2-v3                                                                  209.9283   57.4835 14.2
  7.157 1065 Alaska-slab2-v3                                                                  210.6874   56.9346  6.8
  6.291 1066 Alaska-slab2-v3                                                                  210.5480   56.9808  8.4
  4.960 1067 Alaska-slab2-v3                                                                  210.4119   57.0299  9.8
  3.878 1068 Alaska-slab2-v3                                                                  210.2868   57.0872 10.9
  3.054 1069 Alaska-slab2-v3                                                                  210.1685   57.1498 11.8
  2.413 1070 Alaska-slab2-v3                                                                  210.0496   57.2125 12.4
  1.915 1071 Alaska-slab2-v3                                                                  209.9302   57.2750 12.9
  1.484 1072 Alaska-slab2-v3                                                                  209.8103   57.3375 13.4
  1.063 1073 Alaska-slab2-v3                                                                  209.6901   57.3999 13.8
  0.584 1074 Alaska-slab2-v3                                                                  209.5694   57.4622 14.3
 10.225 1095 Alaska-slab2-v3                                                                  210.4074   56.8380  6.8
  8.768 1096 Alaska-slab2-v3                                                                  210.2708   56.8864  8.3
  6.896 1097 Alaska-slab2-v3                                                                  210.1362   56.9367  9.6
  5.376 1098 Alaska-slab2-v3                                                                  210.0128   56.9950 10.7
  4.250 1099 Alaska-slab2-v3                                                                  209.8978   57.0594 11.5
  3.406 1100 Alaska-slab2-v3                                                                  209.7823   57.1238 12.1
  2.744 1101 Alaska-slab2-v3                                                                  209.6663   57.1881 12.6
  2.181 1102 Alaska-slab2-v3                                                                  209.5498   57.2524 13.0
  1.604 1103 Alaska-slab2-v3                                                                  209.4329   57.3166 13.4
  0.915 1104 Alaska-slab2-v3                                                                  209.3157   57.3806 13.9
 13.292 1124 Alaska-slab2-v3                                                                  210.1278   56.7480  6.7
 12.011 1125 Alaska-slab2-v3                                                                  210.0014   56.8041  8.0
  9.868 1126 Alaska-slab2-v3                                                                  209.8744   56.8602  9.1
  8.056 1127 Alaska-slab2-v3                                                                  209.7519   56.9196 10.1
  6.628 1128 Alaska-slab2-v3                                                                  209.6341   56.9823 10.9
  5.511 1129 Alaska-slab2-v3                                                                  209.5161   57.0452 11.5
  4.559 1130 Alaska-slab2-v3                                                                  209.3976   57.1080 12.0
  3.680 1131 Alaska-slab2-v3                                                                  209.2787   57.1707 12.5
  2.710 1132 Alaska-slab2-v3                                                                  209.1594   57.2333 13.0
  1.520 1133 Alaska-slab2-v3                                                                  209.0398   57.2957 13.7
 16.360 1153 Alaska-slab2-v3                                                                  209.8466   56.6594  6.6
 14.972 1154 Alaska-slab2-v3                                                                  209.7304   56.7223  7.6
 12.617 1155 Alaska-slab2-v3                                                                  209.6138   56.7850  8.6
 10.471 1156 Alaska-slab2-v3                                                                  209.4968   56.8478  9.5
  8.582 1157 Alaska-slab2-v3                                                                  209.3777   56.9096 10.4
  6.950 1158 Alaska-slab2-v3                                                                  209.2553   56.9697 11.1
  5.387 1159 Alaska-slab2-v3                                                                  209.1314   57.0291 11.7
  3.825 1160 Alaska-slab2-v3                                                                  209.0072   57.0883 12.4
  2.076 1161 Alaska-slab2-v3                                                                  208.8826   57.1474 13.1
 16.360 1181 Alaska-slab2-v3                                                                  209.5620   56.5690  6.5
 16.360 1182 Alaska-slab2-v3                                                                  209.4493   56.6338  7.4
 14.376 1183 Alaska-slab2-v3                                                                  209.3362   56.6985  8.4
 12.360 1184 Alaska-slab2-v3                                                                  209.2227   56.7631  9.3
 10.432 1185 Alaska-slab2-v3                                                                  209.1047   56.8252 10.2
  8.525 1186 Alaska-slab2-v3                                                                  208.9805   56.8838 11.0
  6.618 1187 Alaska-slab2-v3                                                                  208.8540   56.9412 11.9
  4.602 1188 Alaska-slab2-v3                                                                  208.7273   56.9984 12.8
  2.433 1189 Alaska-slab2-v3                                                                  208.6002   57.0555 13.8
 16.360 1208 Alaska-slab2-v3                                                                  209.2769   56.4763  6.5
 15.985 1209 Alaska-slab2-v3                                                                  209.1633   56.5403  7.6
 13.670 1210 Alaska-slab2-v3                                                                  209.0493   56.6043  8.6
 11.399 1211 Alaska-slab2-v3                                                                  208.9339   56.6675  9.7
  9.172 1212 Alaska-slab2-v3                                                                  208.8140   56.7282 10.7
  6.967 1213 Alaska-slab2-v3                                                                  208.6901   56.7867 11.7
  4.718 1214 Alaska-slab2-v3                                                                  208.5650   56.8445 12.7
  2.425 1215 Alaska-slab2-v3                                                                  208.4395   56.9022 13.7
 16.360 1235 Alaska-slab2-v3                                                                  208.9945   56.3819  6.7
 14.584 1236 Alaska-slab2-v3                                                                  208.8802   56.4447  8.1
 11.636 1237 Alaska-slab2-v3                                                                  208.7647   56.5072  9.4
  8.978 1238 Alaska-slab2-v3                                                                  208.6463   56.5684 10.6
  6.566 1239 Alaska-slab2-v3                                                                  208.5248   56.6279 11.7
  4.333 1240 Alaska-slab2-v3                                                                  208.4020   56.6869 12.7
  2.166 1241 Alaska-slab2-v3                                                                  208.2787   56.7458 13.7
 16.360 1261 Alaska-slab2-v3                                                                  208.7142   56.2852  7.0
 12.530 1262 Alaska-slab2-v3                                                                  208.5983   56.3460  8.8
  8.894 1263 Alaska-slab2-v3                                                                  208.4812   56.4069 10.4
  5.991 1264 Alaska-slab2-v3                                                                  208.3622   56.4673 11.7
  3.681 1265 Alaska-slab2-v3                                                                  208.2418   56.5275 12.7
  1.761 1266 Alaska-slab2-v3                                                                  208.1208   56.5876 13.5
 16.360 1286 Alaska-slab2-v3                                                                  208.4356   56.1865  7.2
 11.553 1287 Alaska-slab2-v3                                                                  208.3171   56.2446  9.4
  7.582 1288 Alaska-slab2-v3                                                                  208.2000   56.3048 11.1
  4.739 1289 Alaska-slab2-v3                                                                  208.0836   56.3666 12.4
  2.730 1290 Alaska-slab2-v3                                                                  207.9663   56.4286 13.3
  1.264 1291 Alaska-slab2-v3                                                                  207.8484   56.4905 13.9
 16.360 1311 Alaska-slab2-v3                                                                  208.1595   56.0867  7.3
 11.775 1312 Alaska-slab2-v3                                                                  208.0398   56.1434  9.6
  7.813 1313 Alaska-slab2-v3                                                                  207.9244   56.2042 11.4
  5.056 1314 Alaska-slab2-v3                                                                  207.8116   56.2679 12.6
  3.261 1315 Alaska-slab2-v3                                                                  207.6980   56.3317 13.5
  2.035 1316 Alaska-slab2-v3                                                                  207.5837   56.3957 14.0
  1.072 1317 Alaska-slab2-v3                                                                  207.4690   56.4595 14.5
 16.360 1335 Alaska-slab2-v3                                                                  207.8868   55.9865  7.2
 11.760 1336 Alaska-slab2-v3                                                                  207.7667   56.0430  9.5
  7.832 1337 Alaska-slab2-v3                                                                  207.6526   56.1043 11.3
  5.074 1338 Alaska-slab2-v3                                                                  207.5425   56.1693 12.5
  3.243 1339 Alaska-slab2-v3                                                                  207.4315   56.2344 13.4
  2.008 1340 Alaska-slab2-v3                                                                  207.3199   56.2996 13.9
  1.059 1341 Alaska-slab2-v3                                                                  207.2079   56.3648 14.4
 16.360 1359 Alaska-slab2-v3                                                                  207.6171   55.8859  7.2
 12.176 1360 Alaska-slab2-v3                                                                  207.4972   55.9427  9.3
  8.368 1361 Alaska-slab2-v3                                                                  207.3835   56.0042 11.0
  5.623 1362 Alaska-slab2-v3                                                                  207.2747   56.0698 12.2
  3.697 1363 Alaska-slab2-v3                                                                  207.1652   56.1355 13.1
  2.347 1364 Alaska-slab2-v3                                                                  207.0551   56.2013 13.7
  1.218 1365 Alaska-slab2-v3                                                                  206.9445   56.2670 14.2
 16.360 1383 Alaska-slab2-v3                                                                  207.3500   55.7844  7.0
 12.737 1384 Alaska-slab2-v3                                                                  207.2316   55.8425  9.0
  9.113 1385 Alaska-slab2-v3                                                                  207.1181   55.9043 10.6
  6.379 1386 Alaska-slab2-v3                                                                  207.0097   55.9699 11.9
  4.357 1387 Alaska-slab2-v3                                                                  206.9012   56.0360 12.8
  2.801 1388 Alaska-slab2-v3                                                                  206.7921   56.1021 13.5
  1.423 1389 Alaska-slab2-v3                                                                  206.6826   56.1682 14.1
 16.360 1406 Alaska-slab2-v3                                                                  207.0854   55.6821  6.9
 13.205 1407 Alaska-slab2-v3                                                                  206.9698   55.7423  8.7
  9.780 1408 Alaska-slab2-v3                                                                  206.8571   55.8047 10.2
  7.076 1409 Alaska-slab2-v3                                                                  206.7489   55.8703 11.4
  4.935 1410 Alaska-slab2-v3                                                                  206.6420   55.9370 12.3
  3.200 1411 Alaska-slab2-v3                                                                  206.5345   56.0037 13.1
  1.622 1412 Alaska-slab2-v3                                                                  206.4266   56.0704 13.8
 16.360 1429 Alaska-slab2-v3                                                                  206.8228   55.5788  6.8
 14.501 1430 Alaska-slab2-v3                                                                  206.7109   55.6415  8.3
 11.504 1431 Alaska-slab2-v3                                                                  206.5997   55.7049  9.7
  8.967 1432 Alaska-slab2-v3                                                                  206.4925   55.7709 10.9
  6.889 1433 Alaska-slab2-v3                                                                  206.3880   55.8387 11.8
  5.118 1434 Alaska-slab2-v3                                                                  206.2831   55.9065 12.6
  3.499 1435 Alaska-slab2-v3                                                                  206.1777   55.9743 13.4
  1.837 1436 Alaska-slab2-v3                                                                  206.0720   56.0420 14.1
 16.360 1452 Alaska-slab2-v3                                                                  206.5623   55.4747  6.7
 14.605 1453 Alaska-slab2-v3                                                                  206.4544   55.5398  8.0
 11.842 1454 Alaska-slab2-v3                                                                  206.3461   55.6049  9.2
  9.374 1455 Alaska-slab2-v3                                                                  206.2403   55.6716 10.3
  7.268 1456 Alaska-slab2-v3                                                                  206.1377   55.7402 11.2
  5.389 1457 Alaska-slab2-v3                                                                  206.0354   55.8091 12.1
  3.646 1458 Alaska-slab2-v3                                                                  205.9326   55.8780 12.8
  1.879 1459 Alaska-slab2-v3                                                                  205.8296   55.9468 13.6
 16.360 1475 Alaska-slab2-v3                                                                  206.3037   55.3696  6.6
 15.810 1476 Alaska-slab2-v3                                                                  206.1998   55.4370  7.7
 13.457 1477 Alaska-slab2-v3                                                                  206.0955   55.5043  8.8
 11.280 1478 Alaska-slab2-v3                                                                  205.9916   55.5720  9.8
  9.279 1479 Alaska-slab2-v3                                                                  205.8897   55.6408 10.7
  7.432 1480 Alaska-slab2-v3                                                                  205.7890   55.7103 11.5
  5.673 1481 Alaska-slab2-v3                                                                  205.6879   55.7798 12.3
  3.914 1482 Alaska-slab2-v3                                                                  205.5864   55.8492 13.1
  2.045 1483 Alaska-slab2-v3                                                                  205.4847   55.9185 13.9
 13.292 1498 Alaska-slab2-v3                                                                  206.0464   55.2637  6.5
 12.961 1499 Alaska-slab2-v3                                                                  205.9463   55.3329  7.4
 11.270 1500 Alaska-slab2-v3                                                                  205.8458   55.4021  8.3
  9.634 1501 Alaska-slab2-v3                                                                  205.7450   55.4712  9.2
  8.034 1502 Alaska-slab2-v3                                                                  205.6444   55.5406 10.1
  6.508 1503 Alaska-slab2-v3                                                                  205.5441   55.6102 10.9
  5.001 1504 Alaska-slab2-v3                                                                  205.4433   55.6797 11.7
  3.438 1505 Alaska-slab2-v3                                                                  205.3421   55.7491 12.6
  1.802 1506 Alaska-slab2-v3                                                                  205.2407   55.8184 13.5
 10.225 1521 Alaska-slab2-v3                                                                  205.7905   55.1568  6.4
 10.021 1522 Alaska-slab2-v3                                                                  205.6936   55.2276  7.2
  8.887 1523 Alaska-slab2-v3                                                                  205.5963   55.2983  7.9
  7.738 1524 Alaska-slab2-v3                                                                  205.4988   55.3689  8.7
  6.589 1525 Alaska-slab2-v3                                                                  205.4008   55.4394  9.5
  5.411 1526 Alaska-slab2-v3                                                                  205.3016   55.5095 10.3
  4.203 1527 Alaska-slab2-v3                                                                  205.2007   55.5787 11.2
  2.909 1528 Alaska-slab2-v3                                                                  205.0989   55.6477 12.1
  1.527 1529 Alaska-slab2-v3                                                                  204.9969   55.7165 13.0
  7.157 1544 Alaska-slab2-v3                                                                  205.5445   55.0436  6.3
  7.137 1545 Alaska-slab2-v3                                                                  205.4491   55.1150  7.0
  6.413 1546 Alaska-slab2-v3                                                                  205.3538   55.1864  7.8
  5.659 1547 Alaska-slab2-v3                                                                  205.2584   55.2577  8.5
  4.874 1548 Alaska-slab2-v3                                                                  205.1624   55.3289  9.3
  4.037 1549 Alaska-slab2-v3                                                                  205.0641   55.3994 10.1
  3.140 1550 Alaska-slab2-v3                                                                  204.9633   55.4688 11.0
  2.172 1551 Alaska-slab2-v3                                                                  204.8619   55.5377 11.9
  1.132 1552 Alaska-slab2-v3                                                                  204.7602   55.6064 12.9
  4.090 1567 Alaska-slab2-v3                                                                  205.3062   54.9248  6.3
  4.090 1568 Alaska-slab2-v3                                                                  205.2114   54.9964  7.0
  3.771 1569 Alaska-slab2-v3                                                                  205.1163   55.0678  7.7
  3.344 1570 Alaska-slab2-v3                                                                  205.0209   55.1392  8.5
  2.888 1571 Alaska-slab2-v3                                                                  204.9251   55.2105  9.3
  2.381 1572 Alaska-slab2-v3                                                                  204.8280   55.2811 10.2
  1.834 1573 Alaska-slab2-v3                                                                  204.7290   55.3509 11.1
  1.247 1574 Alaska-slab2-v3                                                                  204.6291   55.4202 12.2
  0.632 1575 Alaska-slab2-v3                                                                  204.5289   55.4895 13.2
  4.090 1590 Alaska-slab2-v3                                                                  205.0642   54.8092  6.4
  4.090 1591 Alaska-slab2-v3                                                                  204.9702   54.8809  7.1
  3.816 1592 Alaska-slab2-v3                                                                  204.8759   54.9526  7.8
  3.380 1593 Alaska-slab2-v3                                                                  204.7814   55.0242  8.6
  2.905 1594 Alaska-slab2-v3                                                                  204.6865   55.0957  9.4
  2.380 1595 Alaska-slab2-v3                                                                  204.5900   55.1664 10.4
  1.816 1596 Alaska-slab2-v3                                                                  204.4918   55.2363 11.4
  1.218 1597 Alaska-slab2-v3                                                                  204.3930   55.3061 12.5
  0.609 1598 Alaska-slab2-v3                                                                  204.2939   55.3757 13.6
  4.090 1613 Alaska-slab2-v3                                                                  204.8147   54.6997  6.4
  4.090 1614 Alaska-slab2-v3                                                                  204.7219   54.7718  7.2
  3.776 1615 Alaska-slab2-v3                                                                  204.6288   54.8438  8.0
  3.308 1616 Alaska-slab2-v3                                                                  204.5354   54.9157  8.9
  2.813 1617 Alaska-slab2-v3                                                                  204.4412   54.9874  9.8
  2.284 1618 Alaska-slab2-v3                                                                  204.3449   55.0581 10.7
  1.728 1619 Alaska-slab2-v3                                                                  204.2470   55.1280 11.7
  1.150 1620 Alaska-slab2-v3                                                                  204.1487   55.1978 12.8
  0.572 1621 Alaska-slab2-v3                                                                  204.0501   55.2676 13.8
  4.090 1636 Alaska-slab2-v3                                                                  204.5543   54.5999  6.5
  3.880 1637 Alaska-slab2-v3                                                                  204.4627   54.6723  7.4
  3.344 1638 Alaska-slab2-v3                                                                  204.3707   54.7446  8.3
  2.802 1639 Alaska-slab2-v3                                                                  204.2784   54.8168  9.2
  2.255 1640 Alaska-slab2-v3                                                                  204.1843   54.8883 10.2
  1.701 1641 Alaska-slab2-v3                                                                  204.0877   54.9587 11.1
  1.136 1642 Alaska-slab2-v3                                                                  203.9900   55.0287 12.1
  0.571 1643 Alaska-slab2-v3                                                                  203.8920   55.0987 13.1
  4.090 1659 Alaska-slab2-v3                                                                  204.2824   54.5112  6.5
  3.811 1660 Alaska-slab2-v3                                                                  204.1912   54.5835  7.6
  3.213 1661 Alaska-slab2-v3                                                                  204.0996   54.6557  8.6
  2.638 1662 Alaska-slab2-v3                                                                  204.0074   54.7278  9.6
  2.087 1663 Alaska-slab2-v3                                                                  203.9128   54.7990 10.6
  1.552 1664 Alaska-slab2-v3                                                                  203.8162   54.8693 11.5
  1.035 1665 Alaska-slab2-v3                                                                  203.7191   54.9396 12.4
  0.517 1666 Alaska-slab2-v3                                                                  203.6216   55.0097 13.3
  4.090 1681 Alaska-slab2-v3                                                                  204.0016   54.4321  6.6
  3.776 1682 Alaska-slab2-v3                                                                  203.9099   54.5040  7.8
  3.136 1683 Alaska-slab2-v3                                                                  203.8178   54.5758  8.9
  2.536 1684 Alaska-slab2-v3                                                                  203.7246   54.6474 10.0
  1.987 1685 Alaska-slab2-v3                                                                  203.6297   54.7183 10.9
  1.483 1686 Alaska-slab2-v3                                                                  203.5336   54.7888 11.8
  0.991 1687 Alaska-slab2-v3                                                                  203.4371   54.8593 12.7
  0.504 1688 Alaska-slab2-v3                                                                  203.3403   54.9297 13.6
  4.090 1703 Alaska-slab2-v3                                                                  203.7153   54.3603  6.6
  3.798 1704 Alaska-slab2-v3                                                                  203.6229   54.4317  7.9
  3.143 1705 Alaska-slab2-v3                                                                  203.5301   54.5031  9.1
  2.543 1706 Alaska-slab2-v3                                                                  203.4363   54.5742 10.1
  1.999 1707 Alaska-slab2-v3                                                                  203.3410   54.6449 11.1
  1.505 1708 Alaska-slab2-v3                                                                  203.2450   54.7154 12.0
  1.022 1709 Alaska-slab2-v3                                                                  203.1487   54.7859 12.9
  0.528 1710 Alaska-slab2-v3                                                                  203.0520   54.8563 13.8
  4.090 1724 Alaska-slab2-v3                                                                  203.4260   54.2934  6.7
  3.548 1725 Alaska-slab2-v3                                                                  203.3330   54.3645  7.9
  2.837 1726 Alaska-slab2-v3                                                                  203.2397   54.4355  9.2
  2.196 1727 Alaska-slab2-v3                                                                  203.1452   54.5063 10.3
  1.625 1728 Alaska-slab2-v3                                                                  203.0494   54.5766 11.2
  1.089 1729 Alaska-slab2-v3                                                                  202.9530   54.6469 12.2
  0.565 1730 Alaska-slab2-v3                                                                  202.8563   54.7171 13.1
  4.090 1744 Alaska-slab2-v3                                                                  203.1346   54.2305  6.7
  3.622 1745 Alaska-slab2-v3                                                                  203.0409   54.3010  8.0
  2.912 1746 Alaska-slab2-v3                                                                  202.9467   54.3715  9.3
  2.276 1747 Alaska-slab2-v3                                                                  202.8513   54.4418 10.4
  1.709 1748 Alaska-slab2-v3                                                                  202.7548   54.5117 11.4
  1.175 1749 Alaska-slab2-v3                                                                  202.6578   54.5816 12.3
  0.619 1750 Alaska-slab2-v3                                                                  202.5605   54.6514 13.3
