 59.849 0228 Alaska-slab2-v3                                                                  216.5462   60.1055  1.4
 59.849 0229 Alaska-slab2-v3                                                                  216.4789   60.1854  4.1
 59.849 0230 Alaska-slab2-v3                                                                  216.4121   60.2658  6.7
 59.849 0231 Alaska-slab2-v3                                                                  216.3398   60.3457  8.9
 59.849 0232 Alaska-slab2-v3                                                                  216.2532   60.4228 10.7
 59.849 0233 Alaska-slab2-v3                                                                  216.1527   60.4968 11.9
 57.800 0234 Alaska-slab2-v3                                                                  216.0465   60.5698 12.8
 54.378 0235 Alaska-slab2-v3                                                                  215.9396   60.6428 13.6
 50.810 0236 Alaska-slab2-v3                                                                  215.8326   60.7157 14.3
 46.424 0237 Alaska-slab2-v3                                                                  215.7265   60.7889 15.2
 40.880 0238 Alaska-slab2-v3                                                                  215.6225   60.8627 16.4
 34.516 0239 Alaska-slab2-v3                                                                  215.5197   60.9366 17.7
 28.105 0240 Alaska-slab2-v3                                                                  215.4164   61.0105 19.0
 59.849 0252 Alaska-slab2-v3                                                                  216.2342   60.0034  1.6
 59.849 0253 Alaska-slab2-v3                                                                  216.1579   60.0796  4.9
 59.849 0254 Alaska-slab2-v3                                                                  216.0843   60.1571  7.9
 59.849 0255 Alaska-slab2-v3                                                                  216.0024   60.2336 10.4
 59.653 0256 Alaska-slab2-v3                                                                  215.9029   60.3067 12.2
 54.056 0257 Alaska-slab2-v3                                                                  215.7964   60.3790 13.4
 50.619 0258 Alaska-slab2-v3                                                                  215.6890   60.4516 14.1
 48.213 0259 Alaska-slab2-v3                                                                  215.5810   60.5242 14.6
 45.660 0260 Alaska-slab2-v3                                                                  215.4741   60.5972 15.1
 42.322 0261 Alaska-slab2-v3                                                                  215.3691   60.6708 15.8
 38.148 0262 Alaska-slab2-v3                                                                  215.2643   60.7445 16.6
 33.582 0263 Alaska-slab2-v3                                                                  215.1591   60.8181 17.5
 28.820 0264 Alaska-slab2-v3                                                                  215.0535   60.8915 18.5
 24.303 0265 Alaska-slab2-v3                                                                  214.9475   60.9650 19.4
104.736 0279 Alaska-slab2-v3                                                                  215.9496   59.8812  1.8
104.736 0280 Alaska-slab2-v3                                                                  215.8586   59.9519  5.4
104.736 0281 Alaska-slab2-v3                                                                  215.7667   60.0238  8.5
104.736 0282 Alaska-slab2-v3                                                                  215.6685   60.0957 10.9
101.083 0283 Alaska-slab2-v3                                                                  215.5633   60.1673 12.6
 91.714 0284 Alaska-slab2-v3                                                                  215.4567   60.2395 13.7
 85.869 0285 Alaska-slab2-v3                                                                  215.3492   60.3119 14.4
 81.743 0286 Alaska-slab2-v3                                                                  215.2419   60.3845 14.9
 77.617 0287 Alaska-slab2-v3                                                                  215.1390   60.4588 15.3
 72.804 0288 Alaska-slab2-v3                                                                  215.0397   60.5342 15.9
 67.389 0289 Alaska-slab2-v3                                                                  214.9400   60.6096 16.5
 61.630 0290 Alaska-slab2-v3                                                                  214.8399   60.6849 17.2
 55.613 0291 Alaska-slab2-v3                                                                  214.7393   60.7600 17.9
 49.682 0292 Alaska-slab2-v3                                                                  214.6382   60.8351 18.6
 44.009 0293 Alaska-slab2-v3                                                                  214.5375   60.9104 19.2
 38.766 0294 Alaska-slab2-v3                                                                  214.4431   60.9876 19.9
149.623 0309 Alaska-slab2-v3                                                                  215.6867   59.7457  1.9
149.623 0310 Alaska-slab2-v3                                                                  215.5774   59.8092  5.5
149.623 0311 Alaska-slab2-v3                                                                  215.4642   59.8739  8.3
149.623 0312 Alaska-slab2-v3                                                                  215.3509   59.9410 10.4
149.623 0313 Alaska-slab2-v3                                                                  215.2419   60.0111 11.9
140.256 0314 Alaska-slab2-v3                                                                  215.1347   60.0828 13.1
129.065 0315 Alaska-slab2-v3                                                                  215.0267   60.1546 14.0
119.942 0316 Alaska-slab2-v3                                                                  214.9191   60.2267 14.7
111.913 0317 Alaska-slab2-v3                                                                  214.8202   60.3019 15.4
104.371 0318 Alaska-slab2-v3                                                                  214.7293   60.3797 16.0
 97.437 0319 Alaska-slab2-v3                                                                  214.6379   60.4575 16.6
 90.869 0320 Alaska-slab2-v3                                                                  214.5461   60.5352 17.1
 84.665 0321 Alaska-slab2-v3                                                                  214.4538   60.6129 17.6
 78.826 0322 Alaska-slab2-v3                                                                  214.3610   60.6905 18.1
 73.230 0323 Alaska-slab2-v3                                                                  214.2678   60.7681 18.6
 67.999 0324 Alaska-slab2-v3                                                                  214.1741   60.8456 19.0
 62.890 0325 Alaska-slab2-v3                                                                  214.0807   60.9232 19.4
 58.025 0326 Alaska-slab2-v3                                                                  213.9935   61.0025 19.8
194.510 0343 Alaska-slab2-v3                                                                  215.2307   59.7091  7.2
194.510 0344 Alaska-slab2-v3                                                                  215.1063   59.7707  9.3
194.510 0345 Alaska-slab2-v3                                                                  214.9901   59.8370 11.1
193.964 0346 Alaska-slab2-v3                                                                  214.8804   59.9071 12.5
178.060 0347 Alaska-slab2-v3                                                                  214.7697   59.9775 13.5
166.210 0348 Alaska-slab2-v3                                                                  214.6583   60.0480 14.3
157.011 0349 Alaska-slab2-v3                                                                  214.5502   60.1198 14.9
149.371 0350 Alaska-slab2-v3                                                                  214.4495   60.1941 15.4
142.199 0351 Alaska-slab2-v3                                                                  214.3549   60.2707 15.8
135.494 0352 Alaska-slab2-v3                                                                  214.2625   60.3481 16.3
128.790 0353 Alaska-slab2-v3                                                                  214.1698   60.4256 16.7
122.397 0354 Alaska-slab2-v3                                                                  214.0765   60.5029 17.1
116.004 0355 Alaska-slab2-v3                                                                  213.9828   60.5802 17.5
109.456 0356 Alaska-slab2-v3                                                                  213.8887   60.6575 17.9
102.907 0357 Alaska-slab2-v3                                                                  213.7941   60.7346 18.4
 96.202 0358 Alaska-slab2-v3                                                                  213.6991   60.8117 18.8
 89.342 0359 Alaska-slab2-v3                                                                  213.6036   60.8887 19.2
 82.014 0360 Alaska-slab2-v3                                                                  213.5085   60.9659 19.7
239.397 0385 Alaska-slab2-v3                                                                  214.9690   59.5755  7.2
239.397 0386 Alaska-slab2-v3                                                                  214.8431   59.6356  9.5
239.397 0387 Alaska-slab2-v3                                                                  214.7243   59.7004 11.4
234.201 0388 Alaska-slab2-v3                                                                  214.6103   59.7687 12.7
216.304 0389 Alaska-slab2-v3                                                                  214.4953   59.8373 13.6
204.565 0390 Alaska-slab2-v3                                                                  214.3795   59.9059 14.2
197.060 0391 Alaska-slab2-v3                                                                  214.2631   59.9745 14.6
191.864 0392 Alaska-slab2-v3                                                                  214.1482   60.0437 14.9
187.053 0393 Alaska-slab2-v3                                                                  214.0383   60.1149 15.2
181.664 0394 Alaska-slab2-v3                                                                  213.9339   60.1883 15.4
175.314 0395 Alaska-slab2-v3                                                                  213.8315   60.2625 15.8
167.809 0396 Alaska-slab2-v3                                                                  213.7286   60.3367 16.2
159.534 0397 Alaska-slab2-v3                                                                  213.6253   60.4108 16.6
150.489 0398 Alaska-slab2-v3                                                                  213.5216   60.4848 17.1
140.674 0399 Alaska-slab2-v3                                                                  213.4174   60.5587 17.6
130.283 0400 Alaska-slab2-v3                                                                  213.3127   60.6325 18.1
119.313 0401 Alaska-slab2-v3                                                                  213.2076   60.7062 18.7
107.767 0402 Alaska-slab2-v3                                                                  213.1020   60.7798 19.3
 95.836 0403 Alaska-slab2-v3                                                                  212.9988   60.8542 19.9
239.397 0427 Alaska-slab2-v3                                                                  214.7141   59.4391  7.3
239.397 0428 Alaska-slab2-v3                                                                  214.5858   59.4974  9.6
239.397 0429 Alaska-slab2-v3                                                                  214.4641   59.5605 11.5
231.817 0430 Alaska-slab2-v3                                                                  214.3463   59.6269 12.9
213.970 0431 Alaska-slab2-v3                                                                  214.2275   59.6935 13.8
203.032 0432 Alaska-slab2-v3                                                                  214.1078   59.7602 14.4
196.891 0433 Alaska-slab2-v3                                                                  213.9875   59.8269 14.7
194.012 0434 Alaska-slab2-v3                                                                  213.8667   59.8935 14.8
191.901 0435 Alaska-slab2-v3                                                                  213.7462   59.9604 14.9
189.215 0436 Alaska-slab2-v3                                                                  213.6291   60.0286 15.1
184.801 0437 Alaska-slab2-v3                                                                  213.5162   60.0988 15.3
178.276 0438 Alaska-slab2-v3                                                                  213.4044   60.1695 15.7
170.024 0439 Alaska-slab2-v3                                                                  213.2921   60.2401 16.1
160.238 0440 Alaska-slab2-v3                                                                  213.1795   60.3106 16.6
149.107 0441 Alaska-slab2-v3                                                                  213.0664   60.3810 17.2
136.826 0442 Alaska-slab2-v3                                                                  212.9528   60.4512 17.8
123.968 0443 Alaska-slab2-v3                                                                  212.8388   60.5214 18.5
110.151 0444 Alaska-slab2-v3                                                                  212.7243   60.5914 19.2
 96.143 0445 Alaska-slab2-v3                                                                  212.6148   60.6632 19.9
239.397 0468 Alaska-slab2-v3                                                                  214.4693   59.2986  7.2
239.397 0469 Alaska-slab2-v3                                                                  214.3377   59.3548  9.5
239.397 0470 Alaska-slab2-v3                                                                  214.2120   59.4156 11.4
231.462 0471 Alaska-slab2-v3                                                                  214.0899   59.4797 12.8
213.270 0472 Alaska-slab2-v3                                                                  213.9667   59.5441 13.7
202.045 0473 Alaska-slab2-v3                                                                  213.8427   59.6084 14.3
195.853 0474 Alaska-slab2-v3                                                                  213.7181   59.6728 14.6
192.950 0475 Alaska-slab2-v3                                                                  213.5930   59.7370 14.8
191.401 0476 Alaska-slab2-v3                                                                  213.4673   59.8012 14.9
189.660 0477 Alaska-slab2-v3                                                                  213.3418   59.8654 14.9
185.789 0478 Alaska-slab2-v3                                                                  213.2188   59.9310 15.1
179.402 0479 Alaska-slab2-v3                                                                  213.0983   59.9978 15.5
170.500 0480 Alaska-slab2-v3                                                                  212.9777   60.0646 15.9
159.469 0481 Alaska-slab2-v3                                                                  212.8566   60.1312 16.5
146.889 0482 Alaska-slab2-v3                                                                  212.7351   60.1977 17.1
132.955 0483 Alaska-slab2-v3                                                                  212.6132   60.2641 17.9
118.440 0484 Alaska-slab2-v3                                                                  212.4909   60.3303 18.6
103.345 0485 Alaska-slab2-v3                                                                  212.3680   60.3965 19.4
239.397 0509 Alaska-slab2-v3                                                                  214.2376   59.1532  7.1
239.397 0510 Alaska-slab2-v3                                                                  214.1024   59.2073  9.3
239.397 0511 Alaska-slab2-v3                                                                  213.9719   59.2655 11.1
236.957 0512 Alaska-slab2-v3                                                                  213.8453   59.3270 12.4
218.414 0513 Alaska-slab2-v3                                                                  213.7176   59.3887 13.3
206.313 0514 Alaska-slab2-v3                                                                  213.5892   59.4504 14.0
198.700 0515 Alaska-slab2-v3                                                                  213.4601   59.5121 14.4
194.211 0516 Alaska-slab2-v3                                                                  213.3304   59.5737 14.6
191.478 0517 Alaska-slab2-v3                                                                  213.2003   59.6352 14.7
188.355 0518 Alaska-slab2-v3                                                                  213.0697   59.6965 14.9
183.866 0519 Alaska-slab2-v3                                                                  212.9395   59.7582 15.1
177.035 0520 Alaska-slab2-v3                                                                  212.8102   59.8204 15.5
167.861 0521 Alaska-slab2-v3                                                                  212.6808   59.8826 15.9
156.735 0522 Alaska-slab2-v3                                                                  212.5511   59.9446 16.5
144.243 0523 Alaska-slab2-v3                                                                  212.4208   60.0065 17.1
130.580 0524 Alaska-slab2-v3                                                                  212.2902   60.0682 17.8
116.136 0525 Alaska-slab2-v3                                                                  212.1591   60.1298 18.6
101.497 0526 Alaska-slab2-v3                                                                  212.0275   60.1912 19.3
239.397 0550 Alaska-slab2-v3                                                                  214.0194   59.0030  7.0
239.397 0551 Alaska-slab2-v3                                                                  213.8813   59.0556  8.9
239.397 0552 Alaska-slab2-v3                                                                  213.7467   59.1112 10.6
239.397 0553 Alaska-slab2-v3                                                                  213.6158   59.1701 11.9
230.215 0554 Alaska-slab2-v3                                                                  213.4846   59.2294 12.9
216.491 0555 Alaska-slab2-v3                                                                  213.3527   59.2888 13.6
207.020 0556 Alaska-slab2-v3                                                                  213.2201   59.3481 14.1
200.254 0557 Alaska-slab2-v3                                                                  213.0869   59.4073 14.4
195.035 0558 Alaska-slab2-v3                                                                  212.9532   59.4664 14.7
190.203 0559 Alaska-slab2-v3                                                                  212.8188   59.5252 14.9
184.791 0560 Alaska-slab2-v3                                                                  212.6833   59.5834 15.2
178.219 0561 Alaska-slab2-v3                                                                  212.5469   59.6413 15.6
170.487 0562 Alaska-slab2-v3                                                                  212.4101   59.6990 15.9
161.402 0563 Alaska-slab2-v3                                                                  212.2729   59.7565 16.4
151.544 0564 Alaska-slab2-v3                                                                  212.1353   59.8139 16.9
140.526 0565 Alaska-slab2-v3                                                                  211.9972   59.8711 17.5
128.735 0566 Alaska-slab2-v3                                                                  211.8586   59.9281 18.1
116.171 0567 Alaska-slab2-v3                                                                  211.7197   59.9850 18.8
102.833 0568 Alaska-slab2-v3                                                                  211.5820   60.0426 19.5
239.397 0590 Alaska-slab2-v3                                                                  213.8124   58.8490  6.9
239.397 0591 Alaska-slab2-v3                                                                  213.6725   58.9003  8.7
239.397 0592 Alaska-slab2-v3                                                                  213.5347   58.9537 10.2
239.397 0593 Alaska-slab2-v3                                                                  213.4001   59.0099 11.5
236.690 0594 Alaska-slab2-v3                                                                  213.2660   59.0671 12.5
221.413 0595 Alaska-slab2-v3                                                                  213.1312   59.1243 13.3
209.617 0596 Alaska-slab2-v3                                                                  212.9957   59.1814 13.9
200.722 0597 Alaska-slab2-v3                                                                  212.8597   59.2385 14.4
193.374 0598 Alaska-slab2-v3                                                                  212.7232   59.2954 14.8
186.992 0599 Alaska-slab2-v3                                                                  212.5850   59.3514 15.1
180.998 0600 Alaska-slab2-v3                                                                  212.4447   59.4062 15.4
174.810 0601 Alaska-slab2-v3                                                                  212.3036   59.4606 15.7
168.429 0602 Alaska-slab2-v3                                                                  212.1621   59.5148 16.0
161.854 0603 Alaska-slab2-v3                                                                  212.0201   59.5689 16.4
154.506 0604 Alaska-slab2-v3                                                                  211.8777   59.6228 16.8
146.771 0605 Alaska-slab2-v3                                                                  211.7348   59.6766 17.2
138.069 0606 Alaska-slab2-v3                                                                  211.5915   59.7302 17.6
128.594 0607 Alaska-slab2-v3                                                                  211.4478   59.7836 18.1
117.958 0608 Alaska-slab2-v3                                                                  211.3036   59.8369 18.7
105.969 0609 Alaska-slab2-v3                                                                  211.1594   59.8901 19.3
 92.626 0610 Alaska-slab2-v3                                                                  211.0186   59.9454 20.0
194.510 0628 Alaska-slab2-v3                                                                  213.6139   58.6921  6.9
194.510 0629 Alaska-slab2-v3                                                                  213.4727   58.7421  8.6
194.510 0630 Alaska-slab2-v3                                                                  213.3324   58.7934 10.1
194.510 0631 Alaska-slab2-v3                                                                  213.1942   58.8468 11.4
193.489 0632 Alaska-slab2-v3                                                                  213.0564   58.9011 12.4
180.454 0633 Alaska-slab2-v3                                                                  212.9178   58.9554 13.3
170.088 0634 Alaska-slab2-v3                                                                  212.7787   59.0096 13.9
161.921 0635 Alaska-slab2-v3                                                                  212.6390   59.0637 14.5
155.325 0636 Alaska-slab2-v3                                                                  212.4985   59.1175 14.9
149.514 0637 Alaska-slab2-v3                                                                  212.3560   59.1700 15.2
144.332 0638 Alaska-slab2-v3                                                                  212.2117   59.2214 15.6
139.463 0639 Alaska-slab2-v3                                                                  212.0669   59.2727 15.9
134.908 0640 Alaska-slab2-v3                                                                  211.9217   59.3238 16.2
130.354 0641 Alaska-slab2-v3                                                                  211.7760   59.3747 16.5
125.642 0642 Alaska-slab2-v3                                                                  211.6299   59.4255 16.8
120.774 0643 Alaska-slab2-v3                                                                  211.4834   59.4761 17.1
115.434 0644 Alaska-slab2-v3                                                                  211.3364   59.5265 17.4
109.466 0645 Alaska-slab2-v3                                                                  211.1891   59.5768 17.8
102.713 0646 Alaska-slab2-v3                                                                  211.0413   59.6269 18.2
 95.174 0647 Alaska-slab2-v3                                                                  210.8931   59.6768 18.7
 86.379 0648 Alaska-slab2-v3                                                                  210.7446   59.7265 19.3
 76.328 0649 Alaska-slab2-v3                                                                  210.5969   59.7769 19.9
149.623 0664 Alaska-slab2-v3                                                                  213.4216   58.5336  6.9
149.623 0665 Alaska-slab2-v3                                                                  213.2794   58.5822  8.7
149.623 0666 Alaska-slab2-v3                                                                  213.1372   58.6314 10.3
149.623 0667 Alaska-slab2-v3                                                                  212.9951   58.6814 11.6
147.828 0668 Alaska-slab2-v3                                                                  212.8525   58.7318 12.6
138.012 0669 Alaska-slab2-v3                                                                  212.7092   58.7822 13.5
130.471 0670 Alaska-slab2-v3                                                                  212.5653   58.8324 14.1
124.606 0671 Alaska-slab2-v3                                                                  212.4209   58.8826 14.6
120.057 0672 Alaska-slab2-v3                                                                  212.2756   58.9323 15.0
116.107 0673 Alaska-slab2-v3                                                                  212.1287   58.9809 15.3
112.876 0674 Alaska-slab2-v3                                                                  211.9807   59.0289 15.6
109.883 0675 Alaska-slab2-v3                                                                  211.8323   59.0767 15.8
107.010 0676 Alaska-slab2-v3                                                                  211.6835   59.1244 16.1
104.377 0677 Alaska-slab2-v3                                                                  211.5343   59.1719 16.3
101.504 0678 Alaska-slab2-v3                                                                  211.3847   59.2192 16.5
 98.392 0679 Alaska-slab2-v3                                                                  211.2346   59.2663 16.8
 94.801 0680 Alaska-slab2-v3                                                                  211.0842   59.3133 17.1
 90.731 0681 Alaska-slab2-v3                                                                  210.9334   59.3600 17.4
 85.943 0682 Alaska-slab2-v3                                                                  210.7821   59.4066 17.8
 80.198 0683 Alaska-slab2-v3                                                                  210.6306   59.4530 18.3
 73.375 0684 Alaska-slab2-v3                                                                  210.4786   59.4992 18.9
 65.475 0685 Alaska-slab2-v3                                                                  210.3264   59.5452 19.5
104.736 0699 Alaska-slab2-v3                                                                  213.2312   58.3782  7.1
104.736 0700 Alaska-slab2-v3                                                                  213.0897   58.4261  9.1
104.736 0701 Alaska-slab2-v3                                                                  212.9473   58.4744 10.8
104.736 0702 Alaska-slab2-v3                                                                  212.8039   58.5229 12.1
 98.793 0703 Alaska-slab2-v3                                                                  212.6595   58.5714 13.1
 92.556 0704 Alaska-slab2-v3                                                                  212.5144   58.6199 13.9
 88.256 0705 Alaska-slab2-v3                                                                  212.3686   58.6683 14.4
 85.222 0706 Alaska-slab2-v3                                                                  212.2224   58.7166 14.7
 82.946 0707 Alaska-slab2-v3                                                                  212.0755   58.7646 15.0
 81.091 0708 Alaska-slab2-v3                                                                  211.9278   58.8121 15.2
 79.406 0709 Alaska-slab2-v3                                                                  211.7795   58.8593 15.4
 77.804 0710 Alaska-slab2-v3                                                                  211.6308   58.9063 15.6
 76.202 0711 Alaska-slab2-v3                                                                  211.4817   58.9531 15.8
 74.432 0712 Alaska-slab2-v3                                                                  211.3322   58.9998 16.0
 72.493 0713 Alaska-slab2-v3                                                                  211.1823   59.0462 16.2
 70.133 0714 Alaska-slab2-v3                                                                  211.0320   59.0925 16.5
 67.267 0715 Alaska-slab2-v3                                                                  210.8814   59.1387 16.9
 63.895 0716 Alaska-slab2-v3                                                                  210.7304   59.1846 17.3
 59.849 0717 Alaska-slab2-v3                                                                  210.5790   59.2303 17.8
 54.960 0718 Alaska-slab2-v3                                                                  210.4273   59.2759 18.3
 49.312 0719 Alaska-slab2-v3                                                                  210.2753   59.3212 19.0
 42.569 0720 Alaska-slab2-v3                                                                  210.1228   59.3662 19.8
 59.849 0734 Alaska-slab2-v3                                                                  213.0391   58.2265  7.2
 59.849 0735 Alaska-slab2-v3                                                                  212.8990   58.2742  9.5
 59.849 0736 Alaska-slab2-v3                                                                  212.7582   58.3227 11.3
 57.676 0737 Alaska-slab2-v3                                                                  212.6163   58.3719 12.7
 52.988 0738 Alaska-slab2-v3                                                                  212.4734   58.4212 13.7
 49.911 0739 Alaska-slab2-v3                                                                  212.3297   58.4705 14.3
 48.104 0740 Alaska-slab2-v3                                                                  212.1853   58.5196 14.7
 47.078 0741 Alaska-slab2-v3                                                                  212.0405   58.5687 14.9
 46.395 0742 Alaska-slab2-v3                                                                  211.8955   58.6177 15.0
 45.711 0743 Alaska-slab2-v3                                                                  211.7504   58.6668 15.1
 44.930 0744 Alaska-slab2-v3                                                                  211.6051   58.7160 15.3
 44.002 0745 Alaska-slab2-v3                                                                  211.4594   58.7650 15.5
 42.878 0746 Alaska-slab2-v3                                                                  211.3134   58.8138 15.7
 41.560 0747 Alaska-slab2-v3                                                                  211.1669   58.8624 16.0
 39.948 0748 Alaska-slab2-v3                                                                  211.0201   58.9109 16.3
 38.044 0749 Alaska-slab2-v3                                                                  210.8729   58.9592 16.7
 35.846 0750 Alaska-slab2-v3                                                                  210.7253   59.0073 17.2
 33.307 0751 Alaska-slab2-v3                                                                  210.5773   59.0553 17.7
 30.376 0752 Alaska-slab2-v3                                                                  210.4290   59.1030 18.3
 27.055 0753 Alaska-slab2-v3                                                                  210.2804   59.1506 19.0
 23.295 0754 Alaska-slab2-v3                                                                  210.1307   59.1973 19.7
