  0.957 0231 Alaska-slab2-v3                                                                  216.3398   60.3457  8.9
  0.837 0232 Alaska-slab2-v3                                                                  216.2532   60.4228 10.7
  0.710 0233 Alaska-slab2-v3                                                                  216.1527   60.4968 11.9
  0.621 0234 Alaska-slab2-v3                                                                  216.0465   60.5698 12.8
  0.549 0235 Alaska-slab2-v3                                                                  215.9396   60.6428 13.6
  0.474 0236 Alaska-slab2-v3                                                                  215.8326   60.7157 14.3
  0.383 0237 Alaska-slab2-v3                                                                  215.7265   60.7889 15.2
  0.267 0238 Alaska-slab2-v3                                                                  215.6225   60.8627 16.4
  0.134 0239 Alaska-slab2-v3                                                                  215.5197   60.9366 17.7
  0.887 0255 Alaska-slab2-v3                                                                  216.0024   60.2336 10.4
  0.709 0256 Alaska-slab2-v3                                                                  215.9029   60.3067 12.2
  0.597 0257 Alaska-slab2-v3                                                                  215.7964   60.3790 13.4
  0.528 0258 Alaska-slab2-v3                                                                  215.6890   60.4516 14.1
  0.480 0259 Alaska-slab2-v3                                                                  215.5810   60.5242 14.6
  0.429 0260 Alaska-slab2-v3                                                                  215.4741   60.5972 15.1
  0.362 0261 Alaska-slab2-v3                                                                  215.3691   60.6708 15.8
  0.278 0262 Alaska-slab2-v3                                                                  215.2643   60.7445 16.6
  0.186 0263 Alaska-slab2-v3                                                                  215.1591   60.8181 17.5
  0.091 0264 Alaska-slab2-v3                                                                  215.0535   60.8915 18.5
  1.675 0281 Alaska-slab2-v3                                                                  215.7667   60.0238  8.5
  1.510 0282 Alaska-slab2-v3                                                                  215.6685   60.0957 10.9
  1.223 0283 Alaska-slab2-v3                                                                  215.5633   60.1673 12.6
  1.039 0284 Alaska-slab2-v3                                                                  215.4567   60.2395 13.7
  0.924 0285 Alaska-slab2-v3                                                                  215.3492   60.3119 14.4
  0.843 0286 Alaska-slab2-v3                                                                  215.2419   60.3845 14.9
  0.762 0287 Alaska-slab2-v3                                                                  215.1390   60.4588 15.3
  0.668 0288 Alaska-slab2-v3                                                                  215.0397   60.5342 15.9
  0.562 0289 Alaska-slab2-v3                                                                  214.9400   60.6096 16.5
  0.449 0290 Alaska-slab2-v3                                                                  214.8399   60.6849 17.2
  0.331 0291 Alaska-slab2-v3                                                                  214.7393   60.7600 17.9
  0.214 0292 Alaska-slab2-v3                                                                  214.6382   60.8351 18.6
  0.103 0293 Alaska-slab2-v3                                                                  214.5375   60.9104 19.2
  2.393 0311 Alaska-slab2-v3                                                                  215.4642   59.8739  8.3
  2.288 0312 Alaska-slab2-v3                                                                  215.3509   59.9410 10.4
  1.916 0313 Alaska-slab2-v3                                                                  215.2419   60.0111 11.9
  1.631 0314 Alaska-slab2-v3                                                                  215.1347   60.0828 13.1
  1.409 0315 Alaska-slab2-v3                                                                  215.0267   60.1546 14.0
  1.228 0316 Alaska-slab2-v3                                                                  214.9191   60.2267 14.7
  1.069 0317 Alaska-slab2-v3                                                                  214.8202   60.3019 15.4
  0.919 0318 Alaska-slab2-v3                                                                  214.7293   60.3797 16.0
  0.782 0319 Alaska-slab2-v3                                                                  214.6379   60.4575 16.6
  0.652 0320 Alaska-slab2-v3                                                                  214.5461   60.5352 17.1
  0.528 0321 Alaska-slab2-v3                                                                  214.4538   60.6129 17.6
  0.413 0322 Alaska-slab2-v3                                                                  214.3610   60.6905 18.1
  0.302 0323 Alaska-slab2-v3                                                                  214.2678   60.7681 18.6
  0.198 0324 Alaska-slab2-v3                                                                  214.1741   60.8456 19.0
  0.097 0325 Alaska-slab2-v3                                                                  214.0807   60.9232 19.4
  3.110 0344 Alaska-slab2-v3                                                                  215.1063   59.7707  9.3
  2.708 0345 Alaska-slab2-v3                                                                  214.9901   59.8370 11.1
  2.268 0346 Alaska-slab2-v3                                                                  214.8804   59.9071 12.5
  1.946 0347 Alaska-slab2-v3                                                                  214.7697   59.9775 13.5
  1.706 0348 Alaska-slab2-v3                                                                  214.6583   60.0480 14.3
  1.520 0349 Alaska-slab2-v3                                                                  214.5502   60.1198 14.9
  1.365 0350 Alaska-slab2-v3                                                                  214.4495   60.1941 15.4
  1.220 0351 Alaska-slab2-v3                                                                  214.3549   60.2707 15.8
  1.084 0352 Alaska-slab2-v3                                                                  214.2625   60.3481 16.3
  0.948 0353 Alaska-slab2-v3                                                                  214.1698   60.4256 16.7
  0.818 0354 Alaska-slab2-v3                                                                  214.0765   60.5029 17.1
  0.689 0355 Alaska-slab2-v3                                                                  213.9828   60.5802 17.5
  0.556 0356 Alaska-slab2-v3                                                                  213.8887   60.6575 17.9
  0.423 0357 Alaska-slab2-v3                                                                  213.7941   60.7346 18.4
  0.288 0358 Alaska-slab2-v3                                                                  213.6991   60.8117 18.8
  0.148 0359 Alaska-slab2-v3                                                                  213.6036   60.8887 19.2
  3.828 0386 Alaska-slab2-v3                                                                  214.8431   59.6356  9.5
  3.286 0387 Alaska-slab2-v3                                                                  214.7243   59.7004 11.4
  2.766 0388 Alaska-slab2-v3                                                                  214.6103   59.7687 12.7
  2.409 0389 Alaska-slab2-v3                                                                  214.4953   59.8373 13.6
  2.174 0390 Alaska-slab2-v3                                                                  214.3795   59.9059 14.2
  2.024 0391 Alaska-slab2-v3                                                                  214.2631   59.9745 14.6
  1.920 0392 Alaska-slab2-v3                                                                  214.1482   60.0437 14.9
  1.824 0393 Alaska-slab2-v3                                                                  214.0383   60.1149 15.2
  1.716 0394 Alaska-slab2-v3                                                                  213.9339   60.1883 15.4
  1.589 0395 Alaska-slab2-v3                                                                  213.8315   60.2625 15.8
  1.439 0396 Alaska-slab2-v3                                                                  213.7286   60.3367 16.2
  1.274 0397 Alaska-slab2-v3                                                                  213.6253   60.4108 16.6
  1.093 0398 Alaska-slab2-v3                                                                  213.5216   60.4848 17.1
  0.896 0399 Alaska-slab2-v3                                                                  213.4174   60.5587 17.6
  0.689 0400 Alaska-slab2-v3                                                                  213.3127   60.6325 18.1
  0.469 0401 Alaska-slab2-v3                                                                  213.2076   60.7062 18.7
  0.239 0402 Alaska-slab2-v3                                                                  213.1020   60.7798 19.3
  3.828 0428 Alaska-slab2-v3                                                                  214.5858   59.4974  9.6
  3.241 0429 Alaska-slab2-v3                                                                  214.4641   59.5605 11.5
  2.715 0430 Alaska-slab2-v3                                                                  214.3463   59.6269 12.9
  2.358 0431 Alaska-slab2-v3                                                                  214.2275   59.6935 13.8
  2.139 0432 Alaska-slab2-v3                                                                  214.1078   59.7602 14.4
  2.016 0433 Alaska-slab2-v3                                                                  213.9875   59.8269 14.7
  1.958 0434 Alaska-slab2-v3                                                                  213.8667   59.8935 14.8
  1.916 0435 Alaska-slab2-v3                                                                  213.7462   59.9604 14.9
  1.862 0436 Alaska-slab2-v3                                                                  213.6291   60.0286 15.1
  1.774 0437 Alaska-slab2-v3                                                                  213.5162   60.0988 15.3
  1.643 0438 Alaska-slab2-v3                                                                  213.4044   60.1695 15.7
  1.478 0439 Alaska-slab2-v3                                                                  213.2921   60.2401 16.1
  1.282 0440 Alaska-slab2-v3                                                                  213.1795   60.3106 16.6
  1.060 0441 Alaska-slab2-v3                                                                  213.0664   60.3810 17.2
  0.814 0442 Alaska-slab2-v3                                                                  212.9528   60.4512 17.8
  0.557 0443 Alaska-slab2-v3                                                                  212.8388   60.5214 18.5
  0.280 0444 Alaska-slab2-v3                                                                  212.7243   60.5914 19.2
  3.828 0469 Alaska-slab2-v3                                                                  214.3377   59.3548  9.5
  3.153 0470 Alaska-slab2-v3                                                                  214.2120   59.4156 11.4
  2.613 0471 Alaska-slab2-v3                                                                  214.0899   59.4797 12.8
  2.242 0472 Alaska-slab2-v3                                                                  213.9667   59.5441 13.7
  2.013 0473 Alaska-slab2-v3                                                                  213.8427   59.6084 14.3
  1.886 0474 Alaska-slab2-v3                                                                  213.7181   59.6728 14.6
  1.827 0475 Alaska-slab2-v3                                                                  213.5930   59.7370 14.8
  1.796 0476 Alaska-slab2-v3                                                                  213.4673   59.8012 14.9
  1.760 0477 Alaska-slab2-v3                                                                  213.3418   59.8654 14.9
  1.681 0478 Alaska-slab2-v3                                                                  213.2188   59.9310 15.1
  1.551 0479 Alaska-slab2-v3                                                                  213.0983   59.9978 15.5
  1.369 0480 Alaska-slab2-v3                                                                  212.9777   60.0646 15.9
  1.145 0481 Alaska-slab2-v3                                                                  212.8566   60.1312 16.5
  0.888 0482 Alaska-slab2-v3                                                                  212.7351   60.1977 17.1
  0.604 0483 Alaska-slab2-v3                                                                  212.6132   60.2641 17.9
  0.308 0484 Alaska-slab2-v3                                                                  212.4909   60.3303 18.6
  3.828 0510 Alaska-slab2-v3                                                                  214.1024   59.2073  9.3
  3.276 0511 Alaska-slab2-v3                                                                  213.9719   59.2655 11.1
  2.749 0512 Alaska-slab2-v3                                                                  213.8453   59.3270 12.4
  2.373 0513 Alaska-slab2-v3                                                                  213.7176   59.3887 13.3
  2.127 0514 Alaska-slab2-v3                                                                  213.5892   59.4504 14.0
  1.973 0515 Alaska-slab2-v3                                                                  213.4601   59.5121 14.4
  1.881 0516 Alaska-slab2-v3                                                                  213.3304   59.5737 14.6
  1.826 0517 Alaska-slab2-v3                                                                  213.2003   59.6352 14.7
  1.763 0518 Alaska-slab2-v3                                                                  213.0697   59.6965 14.9
  1.672 0519 Alaska-slab2-v3                                                                  212.9395   59.7582 15.1
  1.533 0520 Alaska-slab2-v3                                                                  212.8102   59.8204 15.5
  1.347 0521 Alaska-slab2-v3                                                                  212.6808   59.8826 15.9
  1.121 0522 Alaska-slab2-v3                                                                  212.5511   59.9446 16.5
  0.867 0523 Alaska-slab2-v3                                                                  212.4208   60.0065 17.1
  0.590 0524 Alaska-slab2-v3                                                                  212.2902   60.0682 17.8
  0.297 0525 Alaska-slab2-v3                                                                  212.1591   60.1298 18.6
  3.828 0551 Alaska-slab2-v3                                                                  213.8813   59.0556  8.9
  3.488 0552 Alaska-slab2-v3                                                                  213.7467   59.1112 10.6
  2.976 0553 Alaska-slab2-v3                                                                  213.6158   59.1701 11.9
  2.594 0554 Alaska-slab2-v3                                                                  213.4846   59.2294 12.9
  2.315 0555 Alaska-slab2-v3                                                                  213.3527   59.2888 13.6
  2.122 0556 Alaska-slab2-v3                                                                  213.2201   59.3481 14.1
  1.984 0557 Alaska-slab2-v3                                                                  213.0869   59.4073 14.4
  1.878 0558 Alaska-slab2-v3                                                                  212.9532   59.4664 14.7
  1.779 0559 Alaska-slab2-v3                                                                  212.8188   59.5252 14.9
  1.669 0560 Alaska-slab2-v3                                                                  212.6833   59.5834 15.2
  1.535 0561 Alaska-slab2-v3                                                                  212.5469   59.6413 15.6
  1.378 0562 Alaska-slab2-v3                                                                  212.4101   59.6990 15.9
  1.193 0563 Alaska-slab2-v3                                                                  212.2729   59.7565 16.4
  0.992 0564 Alaska-slab2-v3                                                                  212.1353   59.8139 16.9
  0.768 0565 Alaska-slab2-v3                                                                  211.9972   59.8711 17.5
  0.527 0566 Alaska-slab2-v3                                                                  211.8586   59.9281 18.1
  0.272 0567 Alaska-slab2-v3                                                                  211.7197   59.9850 18.8
  3.828 0591 Alaska-slab2-v3                                                                  213.6725   58.9003  8.7
  3.734 0592 Alaska-slab2-v3                                                                  213.5347   58.9537 10.2
  3.244 0593 Alaska-slab2-v3                                                                  213.4001   59.0099 11.5
  2.856 0594 Alaska-slab2-v3                                                                  213.2660   59.0671 12.5
  2.553 0595 Alaska-slab2-v3                                                                  213.1312   59.1243 13.3
  2.320 0596 Alaska-slab2-v3                                                                  212.9957   59.1814 13.9
  2.143 0597 Alaska-slab2-v3                                                                  212.8597   59.2385 14.4
  1.997 0598 Alaska-slab2-v3                                                                  212.7232   59.2954 14.8
  1.871 0599 Alaska-slab2-v3                                                                  212.5850   59.3514 15.1
  1.752 0600 Alaska-slab2-v3                                                                  212.4447   59.4062 15.4
  1.629 0601 Alaska-slab2-v3                                                                  212.3036   59.4606 15.7
  1.503 0602 Alaska-slab2-v3                                                                  212.1621   59.5148 16.0
  1.373 0603 Alaska-slab2-v3                                                                  212.0201   59.5689 16.4
  1.227 0604 Alaska-slab2-v3                                                                  211.8777   59.6228 16.8
  1.074 0605 Alaska-slab2-v3                                                                  211.7348   59.6766 17.2
  0.901 0606 Alaska-slab2-v3                                                                  211.5915   59.7302 17.6
  0.713 0607 Alaska-slab2-v3                                                                  211.4478   59.7836 18.1
  0.502 0608 Alaska-slab2-v3                                                                  211.3036   59.8369 18.7
  0.265 0609 Alaska-slab2-v3                                                                  211.1594   59.8901 19.3
  3.110 0629 Alaska-slab2-v3                                                                  213.4727   58.7421  8.6
  3.056 0630 Alaska-slab2-v3                                                                  213.3324   58.7934 10.1
  2.656 0631 Alaska-slab2-v3                                                                  213.1942   58.8468 11.4
  2.331 0632 Alaska-slab2-v3                                                                  213.0564   58.9011 12.4
  2.072 0633 Alaska-slab2-v3                                                                  212.9178   58.9554 13.3
  1.865 0634 Alaska-slab2-v3                                                                  212.7787   59.0096 13.9
  1.703 0635 Alaska-slab2-v3                                                                  212.6390   59.0637 14.5
  1.572 0636 Alaska-slab2-v3                                                                  212.4985   59.1175 14.9
  1.456 0637 Alaska-slab2-v3                                                                  212.3560   59.1700 15.2
  1.353 0638 Alaska-slab2-v3                                                                  212.2117   59.2214 15.6
  1.256 0639 Alaska-slab2-v3                                                                  212.0669   59.2727 15.9
  1.165 0640 Alaska-slab2-v3                                                                  211.9217   59.3238 16.2
  1.075 0641 Alaska-slab2-v3                                                                  211.7760   59.3747 16.5
  0.981 0642 Alaska-slab2-v3                                                                  211.6299   59.4255 16.8
  0.884 0643 Alaska-slab2-v3                                                                  211.4834   59.4761 17.1
  0.778 0644 Alaska-slab2-v3                                                                  211.3364   59.5265 17.4
  0.659 0645 Alaska-slab2-v3                                                                  211.1891   59.5768 17.8
  0.525 0646 Alaska-slab2-v3                                                                  211.0413   59.6269 18.2
  0.375 0647 Alaska-slab2-v3                                                                  210.8931   59.6768 18.7
  0.200 0648 Alaska-slab2-v3                                                                  210.7446   59.7265 19.3
  2.393 0665 Alaska-slab2-v3                                                                  213.2794   58.5822  8.7
  2.262 0666 Alaska-slab2-v3                                                                  213.1372   58.6314 10.3
  1.941 0667 Alaska-slab2-v3                                                                  212.9951   58.6814 11.6
  1.686 0668 Alaska-slab2-v3                                                                  212.8525   58.7318 12.6
  1.485 0669 Alaska-slab2-v3                                                                  212.7092   58.7822 13.5
  1.330 0670 Alaska-slab2-v3                                                                  212.5653   58.8324 14.1
  1.210 0671 Alaska-slab2-v3                                                                  212.4209   58.8826 14.6
  1.117 0672 Alaska-slab2-v3                                                                  212.2756   58.9323 15.0
  1.036 0673 Alaska-slab2-v3                                                                  212.1287   58.9809 15.3
  0.970 0674 Alaska-slab2-v3                                                                  211.9807   59.0289 15.6
  0.909 0675 Alaska-slab2-v3                                                                  211.8323   59.0767 15.8
  0.850 0676 Alaska-slab2-v3                                                                  211.6835   59.1244 16.1
  0.796 0677 Alaska-slab2-v3                                                                  211.5343   59.1719 16.3
  0.738 0678 Alaska-slab2-v3                                                                  211.3847   59.2192 16.5
  0.674 0679 Alaska-slab2-v3                                                                  211.2346   59.2663 16.8
  0.600 0680 Alaska-slab2-v3                                                                  211.0842   59.3133 17.1
  0.517 0681 Alaska-slab2-v3                                                                  210.9334   59.3600 17.4
  0.419 0682 Alaska-slab2-v3                                                                  210.7821   59.4066 17.8
  0.301 0683 Alaska-slab2-v3                                                                  210.6306   59.4530 18.3
  0.162 0684 Alaska-slab2-v3                                                                  210.4786   59.4992 18.9
  1.675 0700 Alaska-slab2-v3                                                                  213.0897   58.4261  9.1
  1.528 0701 Alaska-slab2-v3                                                                  212.9473   58.4744 10.8
  1.299 0702 Alaska-slab2-v3                                                                  212.8039   58.5229 12.1
  1.128 0703 Alaska-slab2-v3                                                                  212.6595   58.5714 13.1
  1.003 0704 Alaska-slab2-v3                                                                  212.5144   58.6199 13.9
  0.917 0705 Alaska-slab2-v3                                                                  212.3686   58.6683 14.4
  0.856 0706 Alaska-slab2-v3                                                                  212.2224   58.7166 14.7
  0.810 0707 Alaska-slab2-v3                                                                  212.0755   58.7646 15.0
  0.773 0708 Alaska-slab2-v3                                                                  211.9278   58.8121 15.2
  0.739 0709 Alaska-slab2-v3                                                                  211.7795   58.8593 15.4
  0.707 0710 Alaska-slab2-v3                                                                  211.6308   58.9063 15.6
  0.675 0711 Alaska-slab2-v3                                                                  211.4817   58.9531 15.8
  0.639 0712 Alaska-slab2-v3                                                                  211.3322   58.9998 16.0
  0.601 0713 Alaska-slab2-v3                                                                  211.1823   59.0462 16.2
  0.553 0714 Alaska-slab2-v3                                                                  211.0320   59.0925 16.5
  0.496 0715 Alaska-slab2-v3                                                                  210.8814   59.1387 16.9
  0.428 0716 Alaska-slab2-v3                                                                  210.7304   59.1846 17.3
  0.347 0717 Alaska-slab2-v3                                                                  210.5790   59.2303 17.8
  0.249 0718 Alaska-slab2-v3                                                                  210.4273   59.2759 18.3
  0.135 0719 Alaska-slab2-v3                                                                  210.2753   59.3212 19.0
  0.957 0735 Alaska-slab2-v3                                                                  212.8990   58.2742  9.5
  0.816 0736 Alaska-slab2-v3                                                                  212.7582   58.3227 11.3
  0.683 0737 Alaska-slab2-v3                                                                  212.6163   58.3719 12.7
  0.590 0738 Alaska-slab2-v3                                                                  212.4734   58.4212 13.7
  0.528 0739 Alaska-slab2-v3                                                                  212.3297   58.4705 14.3
  0.493 0740 Alaska-slab2-v3                                                                  212.1853   58.5196 14.7
  0.472 0741 Alaska-slab2-v3                                                                  212.0405   58.5687 14.9
  0.459 0742 Alaska-slab2-v3                                                                  211.8955   58.6177 15.0
  0.445 0743 Alaska-slab2-v3                                                                  211.7504   58.6668 15.1
  0.430 0744 Alaska-slab2-v3                                                                  211.6051   58.7160 15.3
  0.411 0745 Alaska-slab2-v3                                                                  211.4594   58.7650 15.5
  0.389 0746 Alaska-slab2-v3                                                                  211.3134   58.8138 15.7
  0.363 0747 Alaska-slab2-v3                                                                  211.1669   58.8624 16.0
  0.331 0748 Alaska-slab2-v3                                                                  211.0201   58.9109 16.3
  0.293 0749 Alaska-slab2-v3                                                                  210.8729   58.9592 16.7
  0.249 0750 Alaska-slab2-v3                                                                  210.7253   59.0073 17.2
  0.199 0751 Alaska-slab2-v3                                                                  210.5773   59.0553 17.7
  0.141 0752 Alaska-slab2-v3                                                                  210.4290   59.1030 18.3
  0.075 0753 Alaska-slab2-v3                                                                  210.2804   59.1506 19.0
