  1.010 0904 Alaska-slab2-v3                                                                  211.9868   57.5137  6.7
  0.919 0905 Alaska-slab2-v3                                                                  211.8526   57.5663  8.1
  0.743 0906 Alaska-slab2-v3                                                                  211.7178   57.6189  9.4
  0.588 0907 Alaska-slab2-v3                                                                  211.5824   57.6714 10.6
  0.456 0908 Alaska-slab2-v3                                                                  211.4462   57.7238 11.5
  0.343 0909 Alaska-slab2-v3                                                                  211.3094   57.7761 12.4
  0.247 0910 Alaska-slab2-v3                                                                  211.1721   57.8283 13.1
  0.160 0911 Alaska-slab2-v3                                                                  211.0343   57.8803 13.7
  0.079 0912 Alaska-slab2-v3                                                                  210.8961   57.9322 14.3
  1.010 0937 Alaska-slab2-v3                                                                  211.7476   57.3859  6.7
  0.906 0938 Alaska-slab2-v3                                                                  211.6147   57.4395  7.9
  0.736 0939 Alaska-slab2-v3                                                                  211.4814   57.4929  9.1
  0.580 0940 Alaska-slab2-v3                                                                  211.3469   57.5459 10.2
  0.440 0941 Alaska-slab2-v3                                                                  211.2112   57.5983 11.2
  0.315 0942 Alaska-slab2-v3                                                                  211.0747   57.6504 12.1
  0.203 0943 Alaska-slab2-v3                                                                  210.9378   57.7023 12.9
  0.098 0944 Alaska-slab2-v3                                                                  210.8003   57.7542 13.7
  1.010 0970 Alaska-slab2-v3                                                                  211.4967   57.2642  6.6
  0.926 0971 Alaska-slab2-v3                                                                  211.3640   57.3176  7.8
  0.761 0972 Alaska-slab2-v3                                                                  211.2308   57.3710  9.0
  0.606 0973 Alaska-slab2-v3                                                                  211.0969   57.4240 10.1
  0.466 0974 Alaska-slab2-v3                                                                  210.9619   57.4765 11.1
  0.336 0975 Alaska-slab2-v3                                                                  210.8263   57.5288 12.1
  0.216 0976 Alaska-slab2-v3                                                                  210.6901   57.5810 12.9
  0.105 0977 Alaska-slab2-v3                                                                  210.5535   57.6331 13.7
  1.010 1002 Alaska-slab2-v3                                                                  211.2352   57.1486  6.7
  0.911 1003 Alaska-slab2-v3                                                                  211.1013   57.2007  7.9
  0.740 1004 Alaska-slab2-v3                                                                  210.9669   57.2526  9.2
  0.584 1005 Alaska-slab2-v3                                                                  210.8334   57.3056 10.3
  0.444 1006 Alaska-slab2-v3                                                                  210.7011   57.3598 11.3
  0.320 1007 Alaska-slab2-v3                                                                  210.5684   57.4139 12.2
  0.205 1008 Alaska-slab2-v3                                                                  210.4353   57.4680 13.0
  0.101 1009 Alaska-slab2-v3                                                                  210.3017   57.5220 13.7
  1.010 1034 Alaska-slab2-v3                                                                  210.9648   57.0387  6.8
  0.904 1035 Alaska-slab2-v3                                                                  210.8281   57.0879  8.2
  0.725 1036 Alaska-slab2-v3                                                                  210.6921   57.1379  9.5
  0.571 1037 Alaska-slab2-v3                                                                  210.5617   57.1925 10.6
  0.442 1038 Alaska-slab2-v3                                                                  210.4359   57.2507 11.6
  0.336 1039 Alaska-slab2-v3                                                                  210.3097   57.3090 12.3
  0.244 1040 Alaska-slab2-v3                                                                  210.1830   57.3673 13.0
  0.161 1041 Alaska-slab2-v3                                                                  210.0559   57.4255 13.6
  0.082 1042 Alaska-slab2-v3                                                                  209.9283   57.4835 14.2
  1.010 1065 Alaska-slab2-v3                                                                  210.6874   56.9346  6.8
  0.888 1066 Alaska-slab2-v3                                                                  210.5480   56.9808  8.4
  0.700 1067 Alaska-slab2-v3                                                                  210.4119   57.0299  9.8
  0.547 1068 Alaska-slab2-v3                                                                  210.2868   57.0872 10.9
  0.431 1069 Alaska-slab2-v3                                                                  210.1685   57.1498 11.8
  0.341 1070 Alaska-slab2-v3                                                                  210.0496   57.2125 12.4
  0.270 1071 Alaska-slab2-v3                                                                  209.9302   57.2750 12.9
  0.209 1072 Alaska-slab2-v3                                                                  209.8103   57.3375 13.4
  0.150 1073 Alaska-slab2-v3                                                                  209.6901   57.3999 13.8
  0.082 1074 Alaska-slab2-v3                                                                  209.5694   57.4622 14.3
  1.010 1095 Alaska-slab2-v3                                                                  210.4074   56.8380  6.8
  0.866 1096 Alaska-slab2-v3                                                                  210.2708   56.8864  8.3
  0.681 1097 Alaska-slab2-v3                                                                  210.1362   56.9367  9.6
  0.531 1098 Alaska-slab2-v3                                                                  210.0128   56.9950 10.7
  0.420 1099 Alaska-slab2-v3                                                                  209.8978   57.0594 11.5
  0.336 1100 Alaska-slab2-v3                                                                  209.7823   57.1238 12.1
  0.271 1101 Alaska-slab2-v3                                                                  209.6663   57.1881 12.6
  0.216 1102 Alaska-slab2-v3                                                                  209.5498   57.2524 13.0
  0.159 1103 Alaska-slab2-v3                                                                  209.4329   57.3166 13.4
  0.090 1104 Alaska-slab2-v3                                                                  209.3157   57.3806 13.9
  1.010 1124 Alaska-slab2-v3                                                                  210.1278   56.7480  6.7
  0.913 1125 Alaska-slab2-v3                                                                  210.0014   56.8041  8.0
  0.750 1126 Alaska-slab2-v3                                                                  209.8744   56.8602  9.1
  0.612 1127 Alaska-slab2-v3                                                                  209.7519   56.9196 10.1
  0.504 1128 Alaska-slab2-v3                                                                  209.6341   56.9823 10.9
  0.419 1129 Alaska-slab2-v3                                                                  209.5161   57.0452 11.5
  0.346 1130 Alaska-slab2-v3                                                                  209.3976   57.1080 12.0
  0.280 1131 Alaska-slab2-v3                                                                  209.2787   57.1707 12.5
  0.206 1132 Alaska-slab2-v3                                                                  209.1594   57.2333 13.0
  0.115 1133 Alaska-slab2-v3                                                                  209.0398   57.2957 13.7
  1.010 1153 Alaska-slab2-v3                                                                  209.8466   56.6594  6.6
  0.924 1154 Alaska-slab2-v3                                                                  209.7304   56.7223  7.6
  0.779 1155 Alaska-slab2-v3                                                                  209.6138   56.7850  8.6
  0.647 1156 Alaska-slab2-v3                                                                  209.4968   56.8478  9.5
  0.530 1157 Alaska-slab2-v3                                                                  209.3777   56.9096 10.4
  0.429 1158 Alaska-slab2-v3                                                                  209.2553   56.9697 11.1
  0.333 1159 Alaska-slab2-v3                                                                  209.1314   57.0291 11.7
  0.236 1160 Alaska-slab2-v3                                                                  209.0072   57.0883 12.4
  0.128 1161 Alaska-slab2-v3                                                                  208.8826   57.1474 13.1
  1.010 1181 Alaska-slab2-v3                                                                  209.5620   56.5690  6.5
  1.010 1182 Alaska-slab2-v3                                                                  209.4493   56.6338  7.4
  0.888 1183 Alaska-slab2-v3                                                                  209.3362   56.6985  8.4
  0.763 1184 Alaska-slab2-v3                                                                  209.2227   56.7631  9.3
  0.644 1185 Alaska-slab2-v3                                                                  209.1047   56.8252 10.2
  0.526 1186 Alaska-slab2-v3                                                                  208.9805   56.8838 11.0
  0.409 1187 Alaska-slab2-v3                                                                  208.8540   56.9412 11.9
  0.284 1188 Alaska-slab2-v3                                                                  208.7273   56.9984 12.8
  0.150 1189 Alaska-slab2-v3                                                                  208.6002   57.0555 13.8
  1.010 1208 Alaska-slab2-v3                                                                  209.2769   56.4763  6.5
  0.987 1209 Alaska-slab2-v3                                                                  209.1633   56.5403  7.6
  0.844 1210 Alaska-slab2-v3                                                                  209.0493   56.6043  8.6
  0.704 1211 Alaska-slab2-v3                                                                  208.9339   56.6675  9.7
  0.566 1212 Alaska-slab2-v3                                                                  208.8140   56.7282 10.7
  0.430 1213 Alaska-slab2-v3                                                                  208.6901   56.7867 11.7
  0.291 1214 Alaska-slab2-v3                                                                  208.5650   56.8445 12.7
  0.150 1215 Alaska-slab2-v3                                                                  208.4395   56.9022 13.7
  1.010 1235 Alaska-slab2-v3                                                                  208.9945   56.3819  6.7
  0.900 1236 Alaska-slab2-v3                                                                  208.8802   56.4447  8.1
  0.718 1237 Alaska-slab2-v3                                                                  208.7647   56.5072  9.4
  0.554 1238 Alaska-slab2-v3                                                                  208.6463   56.5684 10.6
  0.405 1239 Alaska-slab2-v3                                                                  208.5248   56.6279 11.7
  0.268 1240 Alaska-slab2-v3                                                                  208.4020   56.6869 12.7
  0.134 1241 Alaska-slab2-v3                                                                  208.2787   56.7458 13.7
  1.010 1261 Alaska-slab2-v3                                                                  208.7142   56.2852  7.0
  0.774 1262 Alaska-slab2-v3                                                                  208.5983   56.3460  8.8
  0.549 1263 Alaska-slab2-v3                                                                  208.4812   56.4069 10.4
  0.370 1264 Alaska-slab2-v3                                                                  208.3622   56.4673 11.7
  0.227 1265 Alaska-slab2-v3                                                                  208.2418   56.5275 12.7
  0.109 1266 Alaska-slab2-v3                                                                  208.1208   56.5876 13.5
  1.010 1286 Alaska-slab2-v3                                                                  208.4356   56.1865  7.2
  0.713 1287 Alaska-slab2-v3                                                                  208.3171   56.2446  9.4
  0.468 1288 Alaska-slab2-v3                                                                  208.2000   56.3048 11.1
  0.293 1289 Alaska-slab2-v3                                                                  208.0836   56.3666 12.4
  0.169 1290 Alaska-slab2-v3                                                                  207.9663   56.4286 13.3
  0.078 1291 Alaska-slab2-v3                                                                  207.8484   56.4905 13.9
  1.010 1311 Alaska-slab2-v3                                                                  208.1595   56.0867  7.3
  0.727 1312 Alaska-slab2-v3                                                                  208.0398   56.1434  9.6
  0.482 1313 Alaska-slab2-v3                                                                  207.9244   56.2042 11.4
  0.312 1314 Alaska-slab2-v3                                                                  207.8116   56.2679 12.6
  0.201 1315 Alaska-slab2-v3                                                                  207.6980   56.3317 13.5
  0.126 1316 Alaska-slab2-v3                                                                  207.5837   56.3957 14.0
  0.066 1317 Alaska-slab2-v3                                                                  207.4690   56.4595 14.5
  1.010 1335 Alaska-slab2-v3                                                                  207.8868   55.9865  7.2
  0.726 1336 Alaska-slab2-v3                                                                  207.7667   56.0430  9.5
  0.484 1337 Alaska-slab2-v3                                                                  207.6526   56.1043 11.3
  0.313 1338 Alaska-slab2-v3                                                                  207.5425   56.1693 12.5
  0.200 1339 Alaska-slab2-v3                                                                  207.4315   56.2344 13.4
  0.124 1340 Alaska-slab2-v3                                                                  207.3199   56.2996 13.9
  0.065 1341 Alaska-slab2-v3                                                                  207.2079   56.3648 14.4
  1.768 1359 Alaska-slab2-v3                                                                  207.6171   55.8859  7.2
  1.316 1360 Alaska-slab2-v3                                                                  207.4972   55.9427  9.3
  0.904 1361 Alaska-slab2-v3                                                                  207.3835   56.0042 11.0
  0.608 1362 Alaska-slab2-v3                                                                  207.2747   56.0698 12.2
  0.399 1363 Alaska-slab2-v3                                                                  207.1652   56.1355 13.1
  0.254 1364 Alaska-slab2-v3                                                                  207.0551   56.2013 13.7
  0.132 1365 Alaska-slab2-v3                                                                  206.9445   56.2670 14.2
  2.525 1383 Alaska-slab2-v3                                                                  207.3500   55.7844  7.0
  1.966 1384 Alaska-slab2-v3                                                                  207.2316   55.8425  9.0
  1.407 1385 Alaska-slab2-v3                                                                  207.1181   55.9043 10.6
  0.985 1386 Alaska-slab2-v3                                                                  207.0097   55.9699 11.9
  0.672 1387 Alaska-slab2-v3                                                                  206.9012   56.0360 12.8
  0.432 1388 Alaska-slab2-v3                                                                  206.7921   56.1021 13.5
  0.220 1389 Alaska-slab2-v3                                                                  206.6826   56.1682 14.1
  3.283 1406 Alaska-slab2-v3                                                                  207.0854   55.6821  6.9
  2.650 1407 Alaska-slab2-v3                                                                  206.9698   55.7423  8.7
  1.962 1408 Alaska-slab2-v3                                                                  206.8571   55.8047 10.2
  1.420 1409 Alaska-slab2-v3                                                                  206.7489   55.8703 11.4
  0.990 1410 Alaska-slab2-v3                                                                  206.6420   55.9370 12.3
  0.642 1411 Alaska-slab2-v3                                                                  206.5345   56.0037 13.1
  0.326 1412 Alaska-slab2-v3                                                                  206.4266   56.0704 13.8
  4.040 1429 Alaska-slab2-v3                                                                  206.8228   55.5788  6.8
  3.581 1430 Alaska-slab2-v3                                                                  206.7109   55.6415  8.3
  2.841 1431 Alaska-slab2-v3                                                                  206.5997   55.7049  9.7
  2.215 1432 Alaska-slab2-v3                                                                  206.4925   55.7709 10.9
  1.702 1433 Alaska-slab2-v3                                                                  206.3880   55.8387 11.8
  1.264 1434 Alaska-slab2-v3                                                                  206.2831   55.9065 12.6
  0.864 1435 Alaska-slab2-v3                                                                  206.1777   55.9743 13.4
  0.454 1436 Alaska-slab2-v3                                                                  206.0720   56.0420 14.1
  4.040 1452 Alaska-slab2-v3                                                                  206.5623   55.4747  6.7
  3.607 1453 Alaska-slab2-v3                                                                  206.4544   55.5398  8.0
  2.925 1454 Alaska-slab2-v3                                                                  206.3461   55.6049  9.2
  2.315 1455 Alaska-slab2-v3                                                                  206.2403   55.6716 10.3
  1.795 1456 Alaska-slab2-v3                                                                  206.1377   55.7402 11.2
  1.331 1457 Alaska-slab2-v3                                                                  206.0354   55.8091 12.1
  0.900 1458 Alaska-slab2-v3                                                                  205.9326   55.8780 12.8
  0.464 1459 Alaska-slab2-v3                                                                  205.8296   55.9468 13.6
  4.040 1475 Alaska-slab2-v3                                                                  206.3037   55.3696  6.6
  3.905 1476 Alaska-slab2-v3                                                                  206.1998   55.4370  7.7
  3.324 1477 Alaska-slab2-v3                                                                  206.0955   55.5043  8.8
  2.786 1478 Alaska-slab2-v3                                                                  205.9916   55.5720  9.8
  2.292 1479 Alaska-slab2-v3                                                                  205.8897   55.6408 10.7
  1.836 1480 Alaska-slab2-v3                                                                  205.7890   55.7103 11.5
  1.401 1481 Alaska-slab2-v3                                                                  205.6879   55.7798 12.3
  0.967 1482 Alaska-slab2-v3                                                                  205.5864   55.8492 13.1
  0.505 1483 Alaska-slab2-v3                                                                  205.4847   55.9185 13.9
  4.040 1498 Alaska-slab2-v3                                                                  206.0464   55.2637  6.5
  3.940 1499 Alaska-slab2-v3                                                                  205.9463   55.3329  7.4
  3.426 1500 Alaska-slab2-v3                                                                  205.8458   55.4021  8.3
  2.928 1501 Alaska-slab2-v3                                                                  205.7450   55.4712  9.2
  2.442 1502 Alaska-slab2-v3                                                                  205.6444   55.5406 10.1
  1.978 1503 Alaska-slab2-v3                                                                  205.5441   55.6102 10.9
  1.520 1504 Alaska-slab2-v3                                                                  205.4433   55.6797 11.7
  1.045 1505 Alaska-slab2-v3                                                                  205.3421   55.7491 12.6
  0.548 1506 Alaska-slab2-v3                                                                  205.2407   55.8184 13.5
  4.040 1521 Alaska-slab2-v3                                                                  205.7905   55.1568  6.4
  3.960 1522 Alaska-slab2-v3                                                                  205.6936   55.2276  7.2
  3.512 1523 Alaska-slab2-v3                                                                  205.5963   55.2983  7.9
  3.058 1524 Alaska-slab2-v3                                                                  205.4988   55.3689  8.7
  2.604 1525 Alaska-slab2-v3                                                                  205.4008   55.4394  9.5
  2.138 1526 Alaska-slab2-v3                                                                  205.3016   55.5095 10.3
  1.661 1527 Alaska-slab2-v3                                                                  205.2007   55.5787 11.2
  1.149 1528 Alaska-slab2-v3                                                                  205.0989   55.6477 12.1
  0.603 1529 Alaska-slab2-v3                                                                  204.9969   55.7165 13.0
  4.040 1544 Alaska-slab2-v3                                                                  205.5445   55.0436  6.3
  4.029 1545 Alaska-slab2-v3                                                                  205.4491   55.1150  7.0
  3.620 1546 Alaska-slab2-v3                                                                  205.3538   55.1864  7.8
  3.194 1547 Alaska-slab2-v3                                                                  205.2584   55.2577  8.5
  2.751 1548 Alaska-slab2-v3                                                                  205.1624   55.3289  9.3
  2.279 1549 Alaska-slab2-v3                                                                  205.0641   55.3994 10.1
  1.773 1550 Alaska-slab2-v3                                                                  204.9633   55.4688 11.0
  1.226 1551 Alaska-slab2-v3                                                                  204.8619   55.5377 11.9
  0.639 1552 Alaska-slab2-v3                                                                  204.7602   55.6064 12.9
  4.040 1567 Alaska-slab2-v3                                                                  205.3062   54.9248  6.3
  4.040 1568 Alaska-slab2-v3                                                                  205.2114   54.9964  7.0
  3.725 1569 Alaska-slab2-v3                                                                  205.1163   55.0678  7.7
  3.303 1570 Alaska-slab2-v3                                                                  205.0209   55.1392  8.5
  2.853 1571 Alaska-slab2-v3                                                                  204.9251   55.2105  9.3
  2.352 1572 Alaska-slab2-v3                                                                  204.8280   55.2811 10.2
  1.812 1573 Alaska-slab2-v3                                                                  204.7290   55.3509 11.1
  1.232 1574 Alaska-slab2-v3                                                                  204.6291   55.4202 12.2
  0.625 1575 Alaska-slab2-v3                                                                  204.5289   55.4895 13.2
  4.040 1590 Alaska-slab2-v3                                                                  205.0642   54.8092  6.4
  4.040 1591 Alaska-slab2-v3                                                                  204.9702   54.8809  7.1
  3.770 1592 Alaska-slab2-v3                                                                  204.8759   54.9526  7.8
  3.339 1593 Alaska-slab2-v3                                                                  204.7814   55.0242  8.6
  2.870 1594 Alaska-slab2-v3                                                                  204.6865   55.0957  9.4
  2.351 1595 Alaska-slab2-v3                                                                  204.5900   55.1664 10.4
  1.794 1596 Alaska-slab2-v3                                                                  204.4918   55.2363 11.4
  1.203 1597 Alaska-slab2-v3                                                                  204.3930   55.3061 12.5
  0.602 1598 Alaska-slab2-v3                                                                  204.2939   55.3757 13.6
  4.040 1613 Alaska-slab2-v3                                                                  204.8147   54.6997  6.4
  4.040 1614 Alaska-slab2-v3                                                                  204.7219   54.7718  7.2
  3.730 1615 Alaska-slab2-v3                                                                  204.6288   54.8438  8.0
  3.268 1616 Alaska-slab2-v3                                                                  204.5354   54.9157  8.9
  2.779 1617 Alaska-slab2-v3                                                                  204.4412   54.9874  9.8
  2.257 1618 Alaska-slab2-v3                                                                  204.3449   55.0581 10.7
  1.708 1619 Alaska-slab2-v3                                                                  204.2470   55.1280 11.7
  1.137 1620 Alaska-slab2-v3                                                                  204.1487   55.1978 12.8
  0.566 1621 Alaska-slab2-v3                                                                  204.0501   55.2676 13.8
  4.040 1636 Alaska-slab2-v3                                                                  204.5543   54.5999  6.5
  3.833 1637 Alaska-slab2-v3                                                                  204.4627   54.6723  7.4
  3.304 1638 Alaska-slab2-v3                                                                  204.3707   54.7446  8.3
  2.768 1639 Alaska-slab2-v3                                                                  204.2784   54.8168  9.2
  2.227 1640 Alaska-slab2-v3                                                                  204.1843   54.8883 10.2
  1.681 1641 Alaska-slab2-v3                                                                  204.0877   54.9587 11.1
  1.122 1642 Alaska-slab2-v3                                                                  203.9900   55.0287 12.1
  0.564 1643 Alaska-slab2-v3                                                                  203.8920   55.0987 13.1
  4.040 1659 Alaska-slab2-v3                                                                  204.2824   54.5112  6.5
  3.765 1660 Alaska-slab2-v3                                                                  204.1912   54.5835  7.6
  3.174 1661 Alaska-slab2-v3                                                                  204.0996   54.6557  8.6
  2.607 1662 Alaska-slab2-v3                                                                  204.0074   54.7278  9.6
  2.061 1663 Alaska-slab2-v3                                                                  203.9128   54.7990 10.6
  1.533 1664 Alaska-slab2-v3                                                                  203.8162   54.8693 11.5
  1.022 1665 Alaska-slab2-v3                                                                  203.7191   54.9396 12.4
  0.511 1666 Alaska-slab2-v3                                                                  203.6216   55.0097 13.3
  4.040 1681 Alaska-slab2-v3                                                                  204.0016   54.4321  6.6
  3.730 1682 Alaska-slab2-v3                                                                  203.9099   54.5040  7.8
  3.098 1683 Alaska-slab2-v3                                                                  203.8178   54.5758  8.9
  2.505 1684 Alaska-slab2-v3                                                                  203.7246   54.6474 10.0
  1.963 1685 Alaska-slab2-v3                                                                  203.6297   54.7183 10.9
  1.465 1686 Alaska-slab2-v3                                                                  203.5336   54.7888 11.8
  0.979 1687 Alaska-slab2-v3                                                                  203.4371   54.8593 12.7
  0.498 1688 Alaska-slab2-v3                                                                  203.3403   54.9297 13.6
  4.040 1703 Alaska-slab2-v3                                                                  203.7153   54.3603  6.6
  3.752 1704 Alaska-slab2-v3                                                                  203.6229   54.4317  7.9
  3.105 1705 Alaska-slab2-v3                                                                  203.5301   54.5031  9.1
  2.513 1706 Alaska-slab2-v3                                                                  203.4363   54.5742 10.1
  1.975 1707 Alaska-slab2-v3                                                                  203.3410   54.6449 11.1
  1.487 1708 Alaska-slab2-v3                                                                  203.2450   54.7154 12.0
  1.009 1709 Alaska-slab2-v3                                                                  203.1487   54.7859 12.9
  0.521 1710 Alaska-slab2-v3                                                                  203.0520   54.8563 13.8
  4.040 1724 Alaska-slab2-v3                                                                  203.4260   54.2934  6.7
  3.505 1725 Alaska-slab2-v3                                                                  203.3330   54.3645  7.9
  2.803 1726 Alaska-slab2-v3                                                                  203.2397   54.4355  9.2
  2.170 1727 Alaska-slab2-v3                                                                  203.1452   54.5063 10.3
  1.606 1728 Alaska-slab2-v3                                                                  203.0494   54.5766 11.2
  1.076 1729 Alaska-slab2-v3                                                                  202.9530   54.6469 12.2
  0.558 1730 Alaska-slab2-v3                                                                  202.8563   54.7171 13.1
  4.040 1744 Alaska-slab2-v3                                                                  203.1346   54.2305  6.7
  3.578 1745 Alaska-slab2-v3                                                                  203.0409   54.3010  8.0
  2.877 1746 Alaska-slab2-v3                                                                  202.9467   54.3715  9.3
  2.249 1747 Alaska-slab2-v3                                                                  202.8513   54.4418 10.4
  1.688 1748 Alaska-slab2-v3                                                                  202.7548   54.5117 11.4
  1.161 1749 Alaska-slab2-v3                                                                  202.6578   54.5816 12.3
  0.611 1750 Alaska-slab2-v3                                                                  202.5605   54.6514 13.3
  4.040 1764 Alaska-slab2-v3                                                                  202.8416   54.1708  6.7
  3.688 1765 Alaska-slab2-v3                                                                  202.7468   54.2407  8.1
  2.983 1766 Alaska-slab2-v3                                                                  202.6515   54.3106  9.4
  2.359 1767 Alaska-slab2-v3                                                                  202.5552   54.3803 10.6
  1.795 1768 Alaska-slab2-v3                                                                  202.4578   54.4497 11.6
  1.253 1769 Alaska-slab2-v3                                                                  202.3600   54.5191 12.6
  0.667 1770 Alaska-slab2-v3                                                                  202.2619   54.5883 13.7
  4.040 1783 Alaska-slab2-v3                                                                  202.5474   54.1138  6.7
  3.400 1784 Alaska-slab2-v3                                                                  202.4519   54.1833  8.1
  2.636 1785 Alaska-slab2-v3                                                                  202.3560   54.2528  9.5
  1.941 1786 Alaska-slab2-v3                                                                  202.2587   54.3219 10.7
  1.309 1787 Alaska-slab2-v3                                                                  202.1601   54.3906 11.8
  0.678 1788 Alaska-slab2-v3                                                                  202.0612   54.4592 12.9
  4.040 1802 Alaska-slab2-v3                                                                  202.2527   54.0590  6.7
  3.502 1803 Alaska-slab2-v3                                                                  202.1571   54.1283  8.2
  2.740 1804 Alaska-slab2-v3                                                                  202.0608   54.1975  9.5
  2.040 1805 Alaska-slab2-v3                                                                  201.9626   54.2661 10.8
  1.384 1806 Alaska-slab2-v3                                                                  201.8628   54.3340 11.9
  0.717 1807 Alaska-slab2-v3                                                                  201.7627   54.4018 13.1
  4.040 1820 Alaska-slab2-v3                                                                  201.9577   54.0054  6.8
  3.571 1821 Alaska-slab2-v3                                                                  201.8617   54.0745  8.2
  2.813 1822 Alaska-slab2-v3                                                                  201.7650   54.1434  9.6
  2.109 1823 Alaska-slab2-v3                                                                  201.6662   54.2115 10.9
  1.439 1824 Alaska-slab2-v3                                                                  201.5657   54.2789 12.1
  0.758 1825 Alaska-slab2-v3                                                                  201.4649   54.3462 13.3
  4.034 1838 Alaska-slab2-v3                                                                  201.6623   53.9521  6.8
  3.117 1839 Alaska-slab2-v3                                                                  201.5647   54.0202  8.3
  2.265 1840 Alaska-slab2-v3                                                                  201.4665   54.0882  9.8
  1.496 1841 Alaska-slab2-v3                                                                  201.3671   54.1560 11.1
  0.763 1842 Alaska-slab2-v3                                                                  201.2668   54.2234 12.3
  3.283 1855 Alaska-slab2-v3                                                                  201.3664   53.8981  6.9
  2.534 1856 Alaska-slab2-v3                                                                  201.2655   53.9641  8.6
  1.818 1857 Alaska-slab2-v3                                                                  201.1650   54.0308 10.1
  1.201 1858 Alaska-slab2-v3                                                                  201.0653   54.0982 11.4
  0.622 1859 Alaska-slab2-v3                                                                  200.9656   54.1659 12.6
  2.525 1872 Alaska-slab2-v3                                                                  201.0706   53.8428  7.0
  1.950 1873 Alaska-slab2-v3                                                                  200.9652   53.9058  8.9
  1.381 1874 Alaska-slab2-v3                                                                  200.8627   53.9709 10.5
  0.910 1875 Alaska-slab2-v3                                                                  200.7636   54.0385 11.9
  0.474 1876 Alaska-slab2-v3                                                                  200.6643   54.1064 13.1
  1.685 1889 Alaska-slab2-v3                                                                  200.7756   53.7862  7.1
  1.140 1890 Alaska-slab2-v3                                                                  200.6664   53.8460  9.2
  0.688 1891 Alaska-slab2-v3                                                                  200.5628   53.9102 11.0
  0.327 1892 Alaska-slab2-v3                                                                  200.4644   53.9780 12.4
  0.975 1906 Alaska-slab2-v3                                                                  200.4822   53.7288  7.2
  0.646 1907 Alaska-slab2-v3                                                                  200.3709   53.7866  9.5
  0.385 1908 Alaska-slab2-v3                                                                  200.2675   53.8503 11.3
  0.182 1909 Alaska-slab2-v3                                                                  200.1695   53.9183 12.7
  0.974 1923 Alaska-slab2-v3                                                                  200.1907   53.6713  7.3
  0.637 1924 Alaska-slab2-v3                                                                  200.0792   53.7284  9.6
  0.374 1925 Alaska-slab2-v3                                                                  199.9768   53.7924 11.5
  0.176 1926 Alaska-slab2-v3                                                                  199.8801   53.8610 12.9
  0.967 1940 Alaska-slab2-v3                                                                  199.9012   53.6142  7.3
  0.628 1941 Alaska-slab2-v3                                                                  199.7909   53.6720  9.6
  0.365 1942 Alaska-slab2-v3                                                                  199.6904   53.7369 11.5
  0.172 1943 Alaska-slab2-v3                                                                  199.5958   53.8066 12.8
  0.958 1957 Alaska-slab2-v3                                                                  199.6135   53.5574  7.3
  0.623 1958 Alaska-slab2-v3                                                                  199.5056   53.6169  9.6
  0.361 1959 Alaska-slab2-v3                                                                  199.4072   53.6831 11.3
  0.170 1960 Alaska-slab2-v3                                                                  199.3153   53.7539 12.6
  1.010 1974 Alaska-slab2-v3                                                                  199.3270   53.5006  7.2
  0.743 1975 Alaska-slab2-v3                                                                  199.2223   53.5625  9.4
  0.506 1976 Alaska-slab2-v3                                                                  199.1261   53.6299 11.1
  0.327 1977 Alaska-slab2-v3                                                                  199.0365   53.7018 12.4
  0.172 1978 Alaska-slab2-v3                                                                  198.9464   53.7737 13.6
  1.010 1991 Alaska-slab2-v3                                                                  199.0414   53.4436  7.1
  0.751 1992 Alaska-slab2-v3                                                                  198.9403   53.5080  9.2
  0.516 1993 Alaska-slab2-v3                                                                  198.8460   53.5765 10.9
  0.332 1994 Alaska-slab2-v3                                                                  198.7579   53.6489 12.2
  0.170 1995 Alaska-slab2-v3                                                                  198.6694   53.7215 13.4
  1.010 2007 Alaska-slab2-v3                                                                  198.7560   53.3861  7.0
  0.767 2008 Alaska-slab2-v3                                                                  198.6587   53.4528  9.0
  0.536 2009 Alaska-slab2-v3                                                                  198.5659   53.5222 10.6
  0.346 2010 Alaska-slab2-v3                                                                  198.4779   53.5946 12.0
  0.176 2011 Alaska-slab2-v3                                                                  198.3898   53.6672 13.2
  1.010 2023 Alaska-slab2-v3                                                                  198.4700   53.3279  7.0
  0.784 2024 Alaska-slab2-v3                                                                  198.3749   53.3958  8.9
  0.555 2025 Alaska-slab2-v3                                                                  198.2830   53.4657 10.6
  0.364 2026 Alaska-slab2-v3                                                                  198.1946   53.5378 11.9
  0.187 2027 Alaska-slab2-v3                                                                  198.1064   53.6102 13.2
  1.010 2039 Alaska-slab2-v3                                                                  198.1828   53.2689  7.1
  0.793 2040 Alaska-slab2-v3                                                                  198.0871   53.3362  9.0
  0.565 2041 Alaska-slab2-v3                                                                  197.9952   53.4060 10.7
  0.375 2042 Alaska-slab2-v3                                                                  197.9073   53.4782 12.1
  0.197 2043 Alaska-slab2-v3                                                                  197.8192   53.5506 13.4
  0.972 2055 Alaska-slab2-v3                                                                  197.8943   53.2088  7.2
  0.648 2056 Alaska-slab2-v3                                                                  197.7964   53.2740  9.4
  0.391 2057 Alaska-slab2-v3                                                                  197.7048   53.3436 11.2
  0.190 2058 Alaska-slab2-v3                                                                  197.6178   53.4162 12.6
  0.981 2070 Alaska-slab2-v3                                                                  197.6050   53.1470  7.5
  0.617 2071 Alaska-slab2-v3                                                                  197.5054   53.2094 10.1
  0.360 2072 Alaska-slab2-v3                                                                  197.4159   53.2794 12.0
  0.177 2073 Alaska-slab2-v3                                                                  197.3297   53.3524 13.3
  0.889 2085 Alaska-slab2-v3                                                                  197.3160   53.0831  7.9
  0.443 2086 Alaska-slab2-v3                                                                  197.2162   53.1421 11.0
  0.168 2087 Alaska-slab2-v3                                                                  197.1304   53.2137 12.9
  0.880 2100 Alaska-slab2-v3                                                                  197.0307   53.0183  8.2
  0.392 2101 Alaska-slab2-v3                                                                  196.9324   53.0739 11.7
  0.133 2102 Alaska-slab2-v3                                                                  196.8491   53.1466 13.6
  0.862 2115 Alaska-slab2-v3                                                                  196.7498   52.9534  8.5
  0.335 2116 Alaska-slab2-v3                                                                  196.6541   53.0059 12.4
  0.094 2117 Alaska-slab2-v3                                                                  196.5720   53.0791 14.1
  0.843 2130 Alaska-slab2-v3                                                                  196.4706   52.8875  8.7
  0.289 2131 Alaska-slab2-v3                                                                  196.3781   52.9384 12.8
  0.061 2132 Alaska-slab2-v3                                                                  196.2978   53.0122 14.5
  0.833 2145 Alaska-slab2-v3                                                                  196.1928   52.8211  8.8
  0.265 2146 Alaska-slab2-v3                                                                  196.1029   52.8721 13.0
  0.042 2147 Alaska-slab2-v3                                                                  196.0243   52.9465 14.7
