 97.837 0905 Alaska-slab2-v3                                                                  211.8526   57.5663  8.1
 79.077 0906 Alaska-slab2-v3                                                                  211.7178   57.6189  9.4
 62.627 0907 Alaska-slab2-v3                                                                  211.5824   57.6714 10.6
 48.485 0908 Alaska-slab2-v3                                                                  211.4462   57.7238 11.5
 36.508 0909 Alaska-slab2-v3                                                                  211.3094   57.7761 12.4
 26.263 0910 Alaska-slab2-v3                                                                  211.1721   57.8283 13.1
 17.028 0911 Alaska-slab2-v3                                                                  211.0343   57.8803 13.7
  8.370 0912 Alaska-slab2-v3                                                                  210.8961   57.9322 14.3
 78.308 0939 Alaska-slab2-v3                                                                  211.4814   57.4929  9.1
 61.688 0940 Alaska-slab2-v3                                                                  211.3469   57.5459 10.2
 46.865 0941 Alaska-slab2-v3                                                                  211.2112   57.5983 11.2
 33.539 0942 Alaska-slab2-v3                                                                  211.0747   57.6504 12.1
 21.561 0943 Alaska-slab2-v3                                                                  210.9378   57.7023 12.9
 10.481 0944 Alaska-slab2-v3                                                                  210.8003   57.7542 13.7
 81.018 0972 Alaska-slab2-v3                                                                  211.2308   57.3710  9.0
 64.547 0973 Alaska-slab2-v3                                                                  211.0969   57.4240 10.1
 49.561 0974 Alaska-slab2-v3                                                                  210.9619   57.4765 11.1
 35.761 0975 Alaska-slab2-v3                                                                  210.8263   57.5288 12.1
 23.000 0976 Alaska-slab2-v3                                                                  210.6901   57.5810 12.9
 11.129 0977 Alaska-slab2-v3                                                                  210.5535   57.6331 13.7
 78.807 1004 Alaska-slab2-v3                                                                  210.9669   57.2526  9.2
 62.154 1005 Alaska-slab2-v3                                                                  210.8334   57.3056 10.3
 47.284 1006 Alaska-slab2-v3                                                                  210.7011   57.3598 11.3
 34.051 1007 Alaska-slab2-v3                                                                  210.5684   57.4139 12.2
 21.858 1008 Alaska-slab2-v3                                                                  210.4353   57.4680 13.0
 10.706 1009 Alaska-slab2-v3                                                                  210.3017   57.5220 13.7
 96.173 1035 Alaska-slab2-v3                                                                  210.8281   57.0879  8.2
 77.142 1036 Alaska-slab2-v3                                                                  210.6921   57.1379  9.5
 60.726 1037 Alaska-slab2-v3                                                                  210.5617   57.1925 10.6
 47.070 1038 Alaska-slab2-v3                                                                  210.4359   57.2507 11.6
 35.738 1039 Alaska-slab2-v3                                                                  210.3097   57.3090 12.3
 26.005 1040 Alaska-slab2-v3                                                                  210.1830   57.3673 13.0
 17.143 1041 Alaska-slab2-v3                                                                  210.0559   57.4255 13.6
  8.717 1042 Alaska-slab2-v3                                                                  209.9283   57.4835 14.2
 94.489 1066 Alaska-slab2-v3                                                                  210.5480   56.9808  8.4
 74.498 1067 Alaska-slab2-v3                                                                  210.4119   57.0299  9.8
 58.247 1068 Alaska-slab2-v3                                                                  210.2868   57.0872 10.9
 45.878 1069 Alaska-slab2-v3                                                                  210.1685   57.1498 11.8
 36.242 1070 Alaska-slab2-v3                                                                  210.0496   57.2125 12.4
 28.764 1071 Alaska-slab2-v3                                                                  209.9302   57.2750 12.9
 22.292 1072 Alaska-slab2-v3                                                                  209.8103   57.3375 13.4
 15.964 1073 Alaska-slab2-v3                                                                  209.6901   57.3999 13.8
  8.773 1074 Alaska-slab2-v3                                                                  209.5694   57.4622 14.3
 92.189 1096 Alaska-slab2-v3                                                                  210.2708   56.8864  8.3
 72.508 1097 Alaska-slab2-v3                                                                  210.1362   56.9367  9.6
 56.527 1098 Alaska-slab2-v3                                                                  210.0128   56.9950 10.7
 44.689 1099 Alaska-slab2-v3                                                                  209.8978   57.0594 11.5
 35.810 1100 Alaska-slab2-v3                                                                  209.7823   57.1238 12.1
 28.855 1101 Alaska-slab2-v3                                                                  209.6663   57.1881 12.6
 22.936 1102 Alaska-slab2-v3                                                                  209.5498   57.2524 13.0
 16.869 1103 Alaska-slab2-v3                                                                  209.4329   57.3166 13.4
  9.618 1104 Alaska-slab2-v3                                                                  209.3157   57.3806 13.9
 79.814 1126 Alaska-slab2-v3                                                                  209.8744   56.8602  9.1
 65.154 1127 Alaska-slab2-v3                                                                  209.7519   56.9196 10.1
 53.604 1128 Alaska-slab2-v3                                                                  209.6341   56.9823 10.9
 44.572 1129 Alaska-slab2-v3                                                                  209.5161   57.0452 11.5
 36.872 1130 Alaska-slab2-v3                                                                  209.3976   57.1080 12.0
 29.764 1131 Alaska-slab2-v3                                                                  209.2787   57.1707 12.5
 21.916 1132 Alaska-slab2-v3                                                                  209.1594   57.2333 13.0
 12.291 1133 Alaska-slab2-v3                                                                  209.0398   57.2957 13.7
 82.908 1155 Alaska-slab2-v3                                                                  209.6138   56.7850  8.6
 68.809 1156 Alaska-slab2-v3                                                                  209.4968   56.8478  9.5
 56.396 1157 Alaska-slab2-v3                                                                  209.3777   56.9096 10.4
 45.669 1158 Alaska-slab2-v3                                                                  209.2553   56.9697 11.1
 35.401 1159 Alaska-slab2-v3                                                                  209.1314   57.0291 11.7
 25.133 1160 Alaska-slab2-v3                                                                  209.0072   57.0883 12.4
 13.639 1161 Alaska-slab2-v3                                                                  208.8826   57.1474 13.1
 94.472 1183 Alaska-slab2-v3                                                                  209.3362   56.6985  8.4
 81.223 1184 Alaska-slab2-v3                                                                  209.2227   56.7631  9.3
 68.550 1185 Alaska-slab2-v3                                                                  209.1047   56.8252 10.2
 56.021 1186 Alaska-slab2-v3                                                                  208.9805   56.8838 11.0
 43.492 1187 Alaska-slab2-v3                                                                  208.8540   56.9412 11.9
 30.243 1188 Alaska-slab2-v3                                                                  208.7273   56.9984 12.8
 15.985 1189 Alaska-slab2-v3                                                                  208.6002   57.0555 13.8
 89.829 1210 Alaska-slab2-v3                                                                  209.0493   56.6043  8.6
 74.906 1211 Alaska-slab2-v3                                                                  208.9339   56.6675  9.7
 60.272 1212 Alaska-slab2-v3                                                                  208.8140   56.7282 10.7
 45.784 1213 Alaska-slab2-v3                                                                  208.6901   56.7867 11.7
 31.005 1214 Alaska-slab2-v3                                                                  208.5650   56.8445 12.7
 15.937 1215 Alaska-slab2-v3                                                                  208.4395   56.9022 13.7
 95.837 1236 Alaska-slab2-v3                                                                  208.8802   56.4447  8.1
 76.464 1237 Alaska-slab2-v3                                                                  208.7647   56.5072  9.4
 58.999 1238 Alaska-slab2-v3                                                                  208.6463   56.5684 10.6
 43.149 1239 Alaska-slab2-v3                                                                  208.5248   56.6279 11.7
 28.472 1240 Alaska-slab2-v3                                                                  208.4020   56.6869 12.7
 14.236 1241 Alaska-slab2-v3                                                                  208.2787   56.7458 13.7
 82.338 1262 Alaska-slab2-v3                                                                  208.5983   56.3460  8.8
 58.448 1263 Alaska-slab2-v3                                                                  208.4812   56.4069 10.4
 39.366 1264 Alaska-slab2-v3                                                                  208.3622   56.4673 11.7
 24.190 1265 Alaska-slab2-v3                                                                  208.2418   56.5275 12.7
 11.569 1266 Alaska-slab2-v3                                                                  208.1208   56.5876 13.5
 75.921 1287 Alaska-slab2-v3                                                                  208.3171   56.2446  9.4
 49.823 1288 Alaska-slab2-v3                                                                  208.2000   56.3048 11.1
 31.139 1289 Alaska-slab2-v3                                                                  208.0836   56.3666 12.4
 17.942 1290 Alaska-slab2-v3                                                                  207.9663   56.4286 13.3
  8.304 1291 Alaska-slab2-v3                                                                  207.8484   56.4905 13.9
 77.375 1312 Alaska-slab2-v3                                                                  208.0398   56.1434  9.6
 51.343 1313 Alaska-slab2-v3                                                                  207.9244   56.2042 11.4
 33.222 1314 Alaska-slab2-v3                                                                  207.8116   56.2679 12.6
 21.429 1315 Alaska-slab2-v3                                                                  207.6980   56.3317 13.5
 13.375 1316 Alaska-slab2-v3                                                                  207.5837   56.3957 14.0
  7.047 1317 Alaska-slab2-v3                                                                  207.4690   56.4595 14.5
 77.276 1336 Alaska-slab2-v3                                                                  207.7667   56.0430  9.5
 51.469 1337 Alaska-slab2-v3                                                                  207.6526   56.1043 11.3
 33.346 1338 Alaska-slab2-v3                                                                  207.5425   56.1693 12.5
 21.313 1339 Alaska-slab2-v3                                                                  207.4315   56.2344 13.4
 13.193 1340 Alaska-slab2-v3                                                                  207.3199   56.2996 13.9
  6.959 1341 Alaska-slab2-v3                                                                  207.2079   56.3648 14.4
 80.010 1360 Alaska-slab2-v3                                                                  207.4972   55.9427  9.3
 54.989 1361 Alaska-slab2-v3                                                                  207.3835   56.0042 11.0
 36.950 1362 Alaska-slab2-v3                                                                  207.2747   56.0698 12.2
 24.294 1363 Alaska-slab2-v3                                                                  207.1652   56.1355 13.1
 15.420 1364 Alaska-slab2-v3                                                                  207.0551   56.2013 13.7
  8.001 1365 Alaska-slab2-v3                                                                  206.9445   56.2670 14.2
 83.696 1384 Alaska-slab2-v3                                                                  207.2316   55.8425  9.0
 59.887 1385 Alaska-slab2-v3                                                                  207.1181   55.9043 10.6
 41.921 1386 Alaska-slab2-v3                                                                  207.0097   55.9699 11.9
 28.629 1387 Alaska-slab2-v3                                                                  206.9012   56.0360 12.8
 18.404 1388 Alaska-slab2-v3                                                                  206.7921   56.1021 13.5
  9.348 1389 Alaska-slab2-v3                                                                  206.6826   56.1682 14.1
 86.774 1407 Alaska-slab2-v3                                                                  206.9698   55.7423  8.7
 64.266 1408 Alaska-slab2-v3                                                                  206.8571   55.8047 10.2
 46.497 1409 Alaska-slab2-v3                                                                  206.7489   55.8703 11.4
 32.429 1410 Alaska-slab2-v3                                                                  206.6420   55.9370 12.3
 21.027 1411 Alaska-slab2-v3                                                                  206.5345   56.0037 13.1
 10.662 1412 Alaska-slab2-v3                                                                  206.4266   56.0704 13.8
 95.288 1430 Alaska-slab2-v3                                                                  206.7109   55.6415  8.3
 75.598 1431 Alaska-slab2-v3                                                                  206.5997   55.7049  9.7
 58.926 1432 Alaska-slab2-v3                                                                  206.4925   55.7709 10.9
 45.273 1433 Alaska-slab2-v3                                                                  206.3880   55.8387 11.8
 33.631 1434 Alaska-slab2-v3                                                                  206.2831   55.9065 12.6
 22.996 1435 Alaska-slab2-v3                                                                  206.1777   55.9743 13.4
 12.073 1436 Alaska-slab2-v3                                                                  206.0720   56.0420 14.1
 77.978 1453 Alaska-slab2-v3                                                                  206.4544   55.5398  8.0
 63.229 1454 Alaska-slab2-v3                                                                  206.3461   55.6049  9.2
 50.051 1455 Alaska-slab2-v3                                                                  206.2403   55.6716 10.3
 38.808 1456 Alaska-slab2-v3                                                                  206.1377   55.7402 11.2
 28.773 1457 Alaska-slab2-v3                                                                  206.0354   55.8091 12.1
 19.464 1458 Alaska-slab2-v3                                                                  205.9326   55.8780 12.8
 10.034 1459 Alaska-slab2-v3                                                                  205.8296   55.9468 13.6
 55.270 1477 Alaska-slab2-v3                                                                  206.0955   55.5043  8.8
 46.329 1478 Alaska-slab2-v3                                                                  205.9916   55.5720  9.8
 38.111 1479 Alaska-slab2-v3                                                                  205.8897   55.6408 10.7
 30.525 1480 Alaska-slab2-v3                                                                  205.7890   55.7103 11.5
 23.300 1481 Alaska-slab2-v3                                                                  205.6879   55.7798 12.3
 16.075 1482 Alaska-slab2-v3                                                                  205.5864   55.8492 13.1
  8.399 1483 Alaska-slab2-v3                                                                  205.4847   55.9185 13.9
 39.878 1500 Alaska-slab2-v3                                                                  205.8458   55.4021  8.3
 34.088 1501 Alaska-slab2-v3                                                                  205.7450   55.4712  9.2
 28.428 1502 Alaska-slab2-v3                                                                  205.6444   55.5406 10.1
 23.029 1503 Alaska-slab2-v3                                                                  205.5441   55.6102 10.9
 17.694 1504 Alaska-slab2-v3                                                                  205.4433   55.6797 11.7
 12.165 1505 Alaska-slab2-v3                                                                  205.3421   55.7491 12.6
  6.375 1506 Alaska-slab2-v3                                                                  205.2407   55.8184 13.5
 20.339 1524 Alaska-slab2-v3                                                                  205.4988   55.3689  8.7
 17.319 1525 Alaska-slab2-v3                                                                  205.4008   55.4394  9.5
 14.222 1526 Alaska-slab2-v3                                                                  205.3016   55.5095 10.3
 11.049 1527 Alaska-slab2-v3                                                                  205.2007   55.5787 11.2
  7.646 1528 Alaska-slab2-v3                                                                  205.0989   55.6477 12.1
  4.014 1529 Alaska-slab2-v3                                                                  204.9969   55.7165 13.0
 21.248 1547 Alaska-slab2-v3                                                                  205.2584   55.2577  8.5
 18.300 1548 Alaska-slab2-v3                                                                  205.1624   55.3289  9.3
 15.161 1549 Alaska-slab2-v3                                                                  205.0641   55.3994 10.1
 11.792 1550 Alaska-slab2-v3                                                                  204.9633   55.4688 11.0
  8.155 1551 Alaska-slab2-v3                                                                  204.8619   55.5377 11.9
  4.250 1552 Alaska-slab2-v3                                                                  204.7602   55.6064 12.9
 21.973 1570 Alaska-slab2-v3                                                                  205.0209   55.1392  8.5
 18.978 1571 Alaska-slab2-v3                                                                  204.9251   55.2105  9.3
 15.647 1572 Alaska-slab2-v3                                                                  204.8280   55.2811 10.2
 12.053 1573 Alaska-slab2-v3                                                                  204.7290   55.3509 11.1
  8.198 1574 Alaska-slab2-v3                                                                  204.6291   55.4202 12.2
  4.155 1575 Alaska-slab2-v3                                                                  204.5289   55.4895 13.2
 22.213 1593 Alaska-slab2-v3                                                                  204.7814   55.0242  8.6
 19.092 1594 Alaska-slab2-v3                                                                  204.6865   55.0957  9.4
 15.641 1595 Alaska-slab2-v3                                                                  204.5900   55.1664 10.4
 11.933 1596 Alaska-slab2-v3                                                                  204.4918   55.2363 11.4
  8.004 1597 Alaska-slab2-v3                                                                  204.3930   55.3061 12.5
  4.002 1598 Alaska-slab2-v3                                                                  204.2939   55.3757 13.6
 24.814 1615 Alaska-slab2-v3                                                                  204.6288   54.8438  8.0
 21.740 1616 Alaska-slab2-v3                                                                  204.5354   54.9157  8.9
 18.484 1617 Alaska-slab2-v3                                                                  204.4412   54.9874  9.8
 15.012 1618 Alaska-slab2-v3                                                                  204.3449   55.0581 10.7
 11.358 1619 Alaska-slab2-v3                                                                  204.2470   55.1280 11.7
  7.560 1620 Alaska-slab2-v3                                                                  204.1487   55.1978 12.8
  3.762 1621 Alaska-slab2-v3                                                                  204.0501   55.2676 13.8
 21.976 1638 Alaska-slab2-v3                                                                  204.3707   54.7446  8.3
 18.415 1639 Alaska-slab2-v3                                                                  204.2784   54.8168  9.2
 14.816 1640 Alaska-slab2-v3                                                                  204.1843   54.8883 10.2
 11.179 1641 Alaska-slab2-v3                                                                  204.0877   54.9587 11.1
  7.466 1642 Alaska-slab2-v3                                                                  203.9900   55.0287 12.1
  3.752 1643 Alaska-slab2-v3                                                                  203.8920   55.0987 13.1
 21.116 1661 Alaska-slab2-v3                                                                  204.0996   54.6557  8.6
 17.338 1662 Alaska-slab2-v3                                                                  204.0074   54.7278  9.6
 13.712 1663 Alaska-slab2-v3                                                                  203.9128   54.7990 10.6
 10.199 1664 Alaska-slab2-v3                                                                  203.8162   54.8693 11.5
  6.799 1665 Alaska-slab2-v3                                                                  203.7191   54.9396 12.4
  3.400 1666 Alaska-slab2-v3                                                                  203.6216   55.0097 13.3
 20.608 1683 Alaska-slab2-v3                                                                  203.8178   54.5758  8.9
 16.665 1684 Alaska-slab2-v3                                                                  203.7246   54.6474 10.0
 13.057 1685 Alaska-slab2-v3                                                                  203.6297   54.7183 10.9
  9.746 1686 Alaska-slab2-v3                                                                  203.5336   54.7888 11.8
  6.510 1687 Alaska-slab2-v3                                                                  203.4371   54.8593 12.7
  3.311 1688 Alaska-slab2-v3                                                                  203.3403   54.9297 13.6
 20.654 1705 Alaska-slab2-v3                                                                  203.5301   54.5031  9.1
 16.713 1706 Alaska-slab2-v3                                                                  203.4363   54.5742 10.1
 13.137 1707 Alaska-slab2-v3                                                                  203.3410   54.6449 11.1
  9.889 1708 Alaska-slab2-v3                                                                  203.2450   54.7154 12.0
  6.714 1709 Alaska-slab2-v3                                                                  203.1487   54.7859 12.9
  3.467 1710 Alaska-slab2-v3                                                                  203.0520   54.8563 13.8
 18.645 1726 Alaska-slab2-v3                                                                  203.2397   54.4355  9.2
 14.434 1727 Alaska-slab2-v3                                                                  203.1452   54.5063 10.3
 10.682 1728 Alaska-slab2-v3                                                                  203.0494   54.5766 11.2
  7.159 1729 Alaska-slab2-v3                                                                  202.9530   54.6469 12.2
  3.714 1730 Alaska-slab2-v3                                                                  202.8563   54.7171 13.1
 23.799 1745 Alaska-slab2-v3                                                                  203.0409   54.3010  8.0
 19.136 1746 Alaska-slab2-v3                                                                  202.9467   54.3715  9.3
 14.958 1747 Alaska-slab2-v3                                                                  202.8513   54.4418 10.4
 11.228 1748 Alaska-slab2-v3                                                                  202.7548   54.5117 11.4
  7.722 1749 Alaska-slab2-v3                                                                  202.6578   54.5816 12.3
  4.066 1750 Alaska-slab2-v3                                                                  202.5605   54.6514 13.3
 24.531 1765 Alaska-slab2-v3                                                                  202.7468   54.2407  8.1
 19.842 1766 Alaska-slab2-v3                                                                  202.6515   54.3106  9.4
 15.693 1767 Alaska-slab2-v3                                                                  202.5552   54.3803 10.6
 11.941 1768 Alaska-slab2-v3                                                                  202.4578   54.4497 11.6
  8.333 1769 Alaska-slab2-v3                                                                  202.3600   54.5191 12.6
  4.437 1770 Alaska-slab2-v3                                                                  202.2619   54.5883 13.7
 22.617 1784 Alaska-slab2-v3                                                                  202.4519   54.1833  8.1
 17.535 1785 Alaska-slab2-v3                                                                  202.3560   54.2528  9.5
 12.913 1786 Alaska-slab2-v3                                                                  202.2587   54.3219 10.7
  8.710 1787 Alaska-slab2-v3                                                                  202.1601   54.3906 11.8
  4.508 1788 Alaska-slab2-v3                                                                  202.0612   54.4592 12.9
 23.298 1803 Alaska-slab2-v3                                                                  202.1571   54.1283  8.2
 18.228 1804 Alaska-slab2-v3                                                                  202.0608   54.1975  9.5
 13.569 1805 Alaska-slab2-v3                                                                  201.9626   54.2661 10.8
  9.207 1806 Alaska-slab2-v3                                                                  201.8628   54.3340 11.9
  4.771 1807 Alaska-slab2-v3                                                                  201.7627   54.4018 13.1
 23.752 1821 Alaska-slab2-v3                                                                  201.8617   54.0745  8.2
 18.709 1822 Alaska-slab2-v3                                                                  201.7650   54.1434  9.6
 14.032 1823 Alaska-slab2-v3                                                                  201.6662   54.2115 10.9
  9.574 1824 Alaska-slab2-v3                                                                  201.5657   54.2789 12.1
  5.043 1825 Alaska-slab2-v3                                                                  201.4649   54.3462 13.3
 20.732 1839 Alaska-slab2-v3                                                                  201.5647   54.0202  8.3
 15.063 1840 Alaska-slab2-v3                                                                  201.4665   54.0882  9.8
  9.950 1841 Alaska-slab2-v3                                                                  201.3671   54.1560 11.1
  5.074 1842 Alaska-slab2-v3                                                                  201.2668   54.2234 12.3
 20.745 1856 Alaska-slab2-v3                                                                  201.2655   53.9641  8.6
 14.884 1857 Alaska-slab2-v3                                                                  201.1650   54.0308 10.1
  9.833 1858 Alaska-slab2-v3                                                                  201.0653   54.0982 11.4
  5.090 1859 Alaska-slab2-v3                                                                  200.9656   54.1659 12.6
 20.751 1873 Alaska-slab2-v3                                                                  200.9652   53.9058  8.9
 14.700 1874 Alaska-slab2-v3                                                                  200.8627   53.9709 10.5
  9.689 1875 Alaska-slab2-v3                                                                  200.7636   54.0385 11.9
  5.049 1876 Alaska-slab2-v3                                                                  200.6643   54.1064 13.1
 17.325 1890 Alaska-slab2-v3                                                                  200.6664   53.8460  9.2
 10.458 1891 Alaska-slab2-v3                                                                  200.5628   53.9102 11.0
  4.973 1892 Alaska-slab2-v3                                                                  200.4644   53.9780 12.4
 17.199 1907 Alaska-slab2-v3                                                                  200.3709   53.7866  9.5
 10.235 1908 Alaska-slab2-v3                                                                  200.2675   53.8503 11.3
  4.848 1909 Alaska-slab2-v3                                                                  200.1695   53.9183 12.7
 16.950 1924 Alaska-slab2-v3                                                                  200.0792   53.7284  9.6
  9.964 1925 Alaska-slab2-v3                                                                  199.9768   53.7924 11.5
  4.696 1926 Alaska-slab2-v3                                                                  199.8801   53.8610 12.9
 16.702 1941 Alaska-slab2-v3                                                                  199.7909   53.6720  9.6
  9.714 1942 Alaska-slab2-v3                                                                  199.6904   53.7369 11.5
  4.569 1943 Alaska-slab2-v3                                                                  199.5958   53.8066 12.8
 16.581 1958 Alaska-slab2-v3                                                                  199.5056   53.6169  9.6
  9.614 1959 Alaska-slab2-v3                                                                  199.4072   53.6831 11.3
  4.515 1960 Alaska-slab2-v3                                                                  199.3153   53.7539 12.6
 19.777 1975 Alaska-slab2-v3                                                                  199.2223   53.5625  9.4
 13.474 1976 Alaska-slab2-v3                                                                  199.1261   53.6299 11.1
  8.693 1977 Alaska-slab2-v3                                                                  199.0365   53.7018 12.4
  4.564 1978 Alaska-slab2-v3                                                                  198.9464   53.7737 13.6
 19.991 1992 Alaska-slab2-v3                                                                  198.9403   53.5080  9.2
 13.733 1993 Alaska-slab2-v3                                                                  198.8460   53.5765 10.9
  8.836 1994 Alaska-slab2-v3                                                                  198.7579   53.6489 12.2
  4.528 1995 Alaska-slab2-v3                                                                  198.6694   53.7215 13.4
 20.417 2008 Alaska-slab2-v3                                                                  198.6587   53.4528  9.0
 14.255 2009 Alaska-slab2-v3                                                                  198.5659   53.5222 10.6
  9.206 2010 Alaska-slab2-v3                                                                  198.4779   53.5946 12.0
  4.677 2011 Alaska-slab2-v3                                                                  198.3898   53.6672 13.2
 20.873 2024 Alaska-slab2-v3                                                                  198.3749   53.3958  8.9
 14.777 2025 Alaska-slab2-v3                                                                  198.2830   53.4657 10.6
  9.679 2026 Alaska-slab2-v3                                                                  198.1946   53.5378 11.9
  4.987 2027 Alaska-slab2-v3                                                                  198.1064   53.6102 13.2
 21.111 2040 Alaska-slab2-v3                                                                  198.0871   53.3362  9.0
 15.038 2041 Alaska-slab2-v3                                                                  197.9952   53.4060 10.7
  9.977 2042 Alaska-slab2-v3                                                                  197.9073   53.4782 12.1
  5.241 2043 Alaska-slab2-v3                                                                  197.8192   53.5506 13.4
 17.235 2056 Alaska-slab2-v3                                                                  197.7964   53.2740  9.4
 10.395 2057 Alaska-slab2-v3                                                                  197.7048   53.3436 11.2
  5.062 2058 Alaska-slab2-v3                                                                  197.6178   53.4162 12.6
 16.420 2071 Alaska-slab2-v3                                                                  197.5054   53.2094 10.1
  9.572 2072 Alaska-slab2-v3                                                                  197.4159   53.2794 12.0
  4.713 2073 Alaska-slab2-v3                                                                  197.3297   53.3524 13.3
 11.792 2086 Alaska-slab2-v3                                                                  197.2162   53.1421 11.0
  4.479 2087 Alaska-slab2-v3                                                                  197.1304   53.2137 12.9
 23.427 2100 Alaska-slab2-v3                                                                  197.0307   53.0183  8.2
 10.441 2101 Alaska-slab2-v3                                                                  196.9324   53.0739 11.7
  3.542 2102 Alaska-slab2-v3                                                                  196.8491   53.1466 13.6
 22.928 2115 Alaska-slab2-v3                                                                  196.7498   52.9534  8.5
  8.910 2116 Alaska-slab2-v3                                                                  196.6541   53.0059 12.4
  2.499 2117 Alaska-slab2-v3                                                                  196.5720   53.0791 14.1
 22.436 2130 Alaska-slab2-v3                                                                  196.4706   52.8875  8.7
  7.694 2131 Alaska-slab2-v3                                                                  196.3781   52.9384 12.8
  1.618 2132 Alaska-slab2-v3                                                                  196.2978   53.0122 14.5
 22.161 2145 Alaska-slab2-v3                                                                  196.1928   52.8211  8.8
  7.064 2146 Alaska-slab2-v3                                                                  196.1029   52.8721 13.0
  1.112 2147 Alaska-slab2-v3                                                                  196.0243   52.9465 14.7
