  4.256 0904 Alaska-slab2-v3                                                                  211.9868   57.5137  6.7
  3.873 0905 Alaska-slab2-v3                                                                  211.8526   57.5663  8.1
  3.131 0906 Alaska-slab2-v3                                                                  211.7178   57.6189  9.4
  2.479 0907 Alaska-slab2-v3                                                                  211.5824   57.6714 10.6
  1.920 0908 Alaska-slab2-v3                                                                  211.4462   57.7238 11.5
  1.445 0909 Alaska-slab2-v3                                                                  211.3094   57.7761 12.4
  1.040 0910 Alaska-slab2-v3                                                                  211.1721   57.8283 13.1
  0.674 0911 Alaska-slab2-v3                                                                  211.0343   57.8803 13.7
  0.331 0912 Alaska-slab2-v3                                                                  210.8961   57.9322 14.3
  4.256 0937 Alaska-slab2-v3                                                                  211.7476   57.3859  6.7
  3.818 0938 Alaska-slab2-v3                                                                  211.6147   57.4395  7.9
  3.100 0939 Alaska-slab2-v3                                                                  211.4814   57.4929  9.1
  2.442 0940 Alaska-slab2-v3                                                                  211.3469   57.5459 10.2
  1.855 0941 Alaska-slab2-v3                                                                  211.2112   57.5983 11.2
  1.328 0942 Alaska-slab2-v3                                                                  211.0747   57.6504 12.1
  0.854 0943 Alaska-slab2-v3                                                                  210.9378   57.7023 12.9
  0.415 0944 Alaska-slab2-v3                                                                  210.8003   57.7542 13.7
  4.256 0970 Alaska-slab2-v3                                                                  211.4967   57.2642  6.6
  3.901 0971 Alaska-slab2-v3                                                                  211.3640   57.3176  7.8
  3.208 0972 Alaska-slab2-v3                                                                  211.2308   57.3710  9.0
  2.555 0973 Alaska-slab2-v3                                                                  211.0969   57.4240 10.1
  1.962 0974 Alaska-slab2-v3                                                                  210.9619   57.4765 11.1
  1.416 0975 Alaska-slab2-v3                                                                  210.8263   57.5288 12.1
  0.911 0976 Alaska-slab2-v3                                                                  210.6901   57.5810 12.9
  0.441 0977 Alaska-slab2-v3                                                                  210.5535   57.6331 13.7
  4.256 1002 Alaska-slab2-v3                                                                  211.2352   57.1486  6.7
  3.838 1003 Alaska-slab2-v3                                                                  211.1013   57.2007  7.9
  3.120 1004 Alaska-slab2-v3                                                                  210.9669   57.2526  9.2
  2.461 1005 Alaska-slab2-v3                                                                  210.8334   57.3056 10.3
  1.872 1006 Alaska-slab2-v3                                                                  210.7011   57.3598 11.3
  1.348 1007 Alaska-slab2-v3                                                                  210.5684   57.4139 12.2
  0.865 1008 Alaska-slab2-v3                                                                  210.4353   57.4680 13.0
  0.424 1009 Alaska-slab2-v3                                                                  210.3017   57.5220 13.7
  4.256 1034 Alaska-slab2-v3                                                                  210.9648   57.0387  6.8
  3.808 1035 Alaska-slab2-v3                                                                  210.8281   57.0879  8.2
  3.054 1036 Alaska-slab2-v3                                                                  210.6921   57.1379  9.5
  2.404 1037 Alaska-slab2-v3                                                                  210.5617   57.1925 10.6
  1.864 1038 Alaska-slab2-v3                                                                  210.4359   57.2507 11.6
  1.415 1039 Alaska-slab2-v3                                                                  210.3097   57.3090 12.3
  1.030 1040 Alaska-slab2-v3                                                                  210.1830   57.3673 13.0
  0.679 1041 Alaska-slab2-v3                                                                  210.0559   57.4255 13.6
  0.345 1042 Alaska-slab2-v3                                                                  209.9283   57.4835 14.2
  4.256 1065 Alaska-slab2-v3                                                                  210.6874   56.9346  6.8
  3.741 1066 Alaska-slab2-v3                                                                  210.5480   56.9808  8.4
  2.949 1067 Alaska-slab2-v3                                                                  210.4119   57.0299  9.8
  2.306 1068 Alaska-slab2-v3                                                                  210.2868   57.0872 10.9
  1.816 1069 Alaska-slab2-v3                                                                  210.1685   57.1498 11.8
  1.435 1070 Alaska-slab2-v3                                                                  210.0496   57.2125 12.4
  1.139 1071 Alaska-slab2-v3                                                                  209.9302   57.2750 12.9
  0.883 1072 Alaska-slab2-v3                                                                  209.8103   57.3375 13.4
  0.632 1073 Alaska-slab2-v3                                                                  209.6901   57.3999 13.8
  0.347 1074 Alaska-slab2-v3                                                                  209.5694   57.4622 14.3
  4.256 1095 Alaska-slab2-v3                                                                  210.4074   56.8380  6.8
  3.650 1096 Alaska-slab2-v3                                                                  210.2708   56.8864  8.3
  2.871 1097 Alaska-slab2-v3                                                                  210.1362   56.9367  9.6
  2.238 1098 Alaska-slab2-v3                                                                  210.0128   56.9950 10.7
  1.769 1099 Alaska-slab2-v3                                                                  209.8978   57.0594 11.5
  1.418 1100 Alaska-slab2-v3                                                                  209.7823   57.1238 12.1
  1.142 1101 Alaska-slab2-v3                                                                  209.6663   57.1881 12.6
  0.908 1102 Alaska-slab2-v3                                                                  209.5498   57.2524 13.0
  0.668 1103 Alaska-slab2-v3                                                                  209.4329   57.3166 13.4
  0.381 1104 Alaska-slab2-v3                                                                  209.3157   57.3806 13.9
  4.256 1124 Alaska-slab2-v3                                                                  210.1278   56.7480  6.7
  3.846 1125 Alaska-slab2-v3                                                                  210.0014   56.8041  8.0
  3.160 1126 Alaska-slab2-v3                                                                  209.8744   56.8602  9.1
  2.580 1127 Alaska-slab2-v3                                                                  209.7519   56.9196 10.1
  2.122 1128 Alaska-slab2-v3                                                                  209.6341   56.9823 10.9
  1.765 1129 Alaska-slab2-v3                                                                  209.5161   57.0452 11.5
  1.460 1130 Alaska-slab2-v3                                                                  209.3976   57.1080 12.0
  1.178 1131 Alaska-slab2-v3                                                                  209.2787   57.1707 12.5
  0.868 1132 Alaska-slab2-v3                                                                  209.1594   57.2333 13.0
  0.487 1133 Alaska-slab2-v3                                                                  209.0398   57.2957 13.7
  4.256 1153 Alaska-slab2-v3                                                                  209.8466   56.6594  6.6
  3.895 1154 Alaska-slab2-v3                                                                  209.7304   56.7223  7.6
  3.282 1155 Alaska-slab2-v3                                                                  209.6138   56.7850  8.6
  2.724 1156 Alaska-slab2-v3                                                                  209.4968   56.8478  9.5
  2.233 1157 Alaska-slab2-v3                                                                  209.3777   56.9096 10.4
  1.808 1158 Alaska-slab2-v3                                                                  209.2553   56.9697 11.1
  1.402 1159 Alaska-slab2-v3                                                                  209.1314   57.0291 11.7
  0.995 1160 Alaska-slab2-v3                                                                  209.0072   57.0883 12.4
  0.540 1161 Alaska-slab2-v3                                                                  208.8826   57.1474 13.1
  4.256 1181 Alaska-slab2-v3                                                                  209.5620   56.5690  6.5
  4.256 1182 Alaska-slab2-v3                                                                  209.4493   56.6338  7.4
  3.740 1183 Alaska-slab2-v3                                                                  209.3362   56.6985  8.4
  3.216 1184 Alaska-slab2-v3                                                                  209.2227   56.7631  9.3
  2.714 1185 Alaska-slab2-v3                                                                  209.1047   56.8252 10.2
  2.218 1186 Alaska-slab2-v3                                                                  208.9805   56.8838 11.0
  1.722 1187 Alaska-slab2-v3                                                                  208.8540   56.9412 11.9
  1.197 1188 Alaska-slab2-v3                                                                  208.7273   56.9984 12.8
  0.633 1189 Alaska-slab2-v3                                                                  208.6002   57.0555 13.8
  4.256 1208 Alaska-slab2-v3                                                                  209.2769   56.4763  6.5
  4.159 1209 Alaska-slab2-v3                                                                  209.1633   56.5403  7.6
  3.556 1210 Alaska-slab2-v3                                                                  209.0493   56.6043  8.6
  2.966 1211 Alaska-slab2-v3                                                                  208.9339   56.6675  9.7
  2.386 1212 Alaska-slab2-v3                                                                  208.8140   56.7282 10.7
  1.813 1213 Alaska-slab2-v3                                                                  208.6901   56.7867 11.7
  1.228 1214 Alaska-slab2-v3                                                                  208.5650   56.8445 12.7
  0.631 1215 Alaska-slab2-v3                                                                  208.4395   56.9022 13.7
  4.256 1235 Alaska-slab2-v3                                                                  208.9945   56.3819  6.7
  3.794 1236 Alaska-slab2-v3                                                                  208.8802   56.4447  8.1
  3.027 1237 Alaska-slab2-v3                                                                  208.7647   56.5072  9.4
  2.336 1238 Alaska-slab2-v3                                                                  208.6463   56.5684 10.6
  1.708 1239 Alaska-slab2-v3                                                                  208.5248   56.6279 11.7
  1.127 1240 Alaska-slab2-v3                                                                  208.4020   56.6869 12.7
  0.564 1241 Alaska-slab2-v3                                                                  208.2787   56.7458 13.7
  4.256 1261 Alaska-slab2-v3                                                                  208.7142   56.2852  7.0
  3.260 1262 Alaska-slab2-v3                                                                  208.5983   56.3460  8.8
  2.314 1263 Alaska-slab2-v3                                                                  208.4812   56.4069 10.4
  1.559 1264 Alaska-slab2-v3                                                                  208.3622   56.4673 11.7
  0.958 1265 Alaska-slab2-v3                                                                  208.2418   56.5275 12.7
  0.458 1266 Alaska-slab2-v3                                                                  208.1208   56.5876 13.5
  4.256 1286 Alaska-slab2-v3                                                                  208.4356   56.1865  7.2
  3.006 1287 Alaska-slab2-v3                                                                  208.3171   56.2446  9.4
  1.973 1288 Alaska-slab2-v3                                                                  208.2000   56.3048 11.1
  1.233 1289 Alaska-slab2-v3                                                                  208.0836   56.3666 12.4
  0.710 1290 Alaska-slab2-v3                                                                  207.9663   56.4286 13.3
  0.329 1291 Alaska-slab2-v3                                                                  207.8484   56.4905 13.9
  4.256 1311 Alaska-slab2-v3                                                                  208.1595   56.0867  7.3
  3.063 1312 Alaska-slab2-v3                                                                  208.0398   56.1434  9.6
  2.033 1313 Alaska-slab2-v3                                                                  207.9244   56.2042 11.4
  1.315 1314 Alaska-slab2-v3                                                                  207.8116   56.2679 12.6
  0.848 1315 Alaska-slab2-v3                                                                  207.6980   56.3317 13.5
  0.530 1316 Alaska-slab2-v3                                                                  207.5837   56.3957 14.0
  0.279 1317 Alaska-slab2-v3                                                                  207.4690   56.4595 14.5
  4.256 1335 Alaska-slab2-v3                                                                  207.8868   55.9865  7.2
  3.059 1336 Alaska-slab2-v3                                                                  207.7667   56.0430  9.5
  2.038 1337 Alaska-slab2-v3                                                                  207.6526   56.1043 11.3
  1.320 1338 Alaska-slab2-v3                                                                  207.5425   56.1693 12.5
  0.844 1339 Alaska-slab2-v3                                                                  207.4315   56.2344 13.4
  0.522 1340 Alaska-slab2-v3                                                                  207.3199   56.2996 13.9
  0.276 1341 Alaska-slab2-v3                                                                  207.2079   56.3648 14.4
  7.448 1359 Alaska-slab2-v3                                                                  207.6171   55.8859  7.2
  5.543 1360 Alaska-slab2-v3                                                                  207.4972   55.9427  9.3
  3.810 1361 Alaska-slab2-v3                                                                  207.3835   56.0042 11.0
  2.560 1362 Alaska-slab2-v3                                                                  207.2747   56.0698 12.2
  1.683 1363 Alaska-slab2-v3                                                                  207.1652   56.1355 13.1
  1.068 1364 Alaska-slab2-v3                                                                  207.0551   56.2013 13.7
  0.554 1365 Alaska-slab2-v3                                                                  206.9445   56.2670 14.2
 10.641 1383 Alaska-slab2-v3                                                                  207.3500   55.7844  7.0
  8.284 1384 Alaska-slab2-v3                                                                  207.2316   55.8425  9.0
  5.927 1385 Alaska-slab2-v3                                                                  207.1181   55.9043 10.6
  4.149 1386 Alaska-slab2-v3                                                                  207.0097   55.9699 11.9
  2.834 1387 Alaska-slab2-v3                                                                  206.9012   56.0360 12.8
  1.822 1388 Alaska-slab2-v3                                                                  206.7921   56.1021 13.5
  0.925 1389 Alaska-slab2-v3                                                                  206.6826   56.1682 14.1
 13.833 1406 Alaska-slab2-v3                                                                  207.0854   55.6821  6.9
 11.165 1407 Alaska-slab2-v3                                                                  206.9698   55.7423  8.7
  8.269 1408 Alaska-slab2-v3                                                                  206.8571   55.8047 10.2
  5.983 1409 Alaska-slab2-v3                                                                  206.7489   55.8703 11.4
  4.173 1410 Alaska-slab2-v3                                                                  206.6420   55.9370 12.3
  2.706 1411 Alaska-slab2-v3                                                                  206.5345   56.0037 13.1
  1.372 1412 Alaska-slab2-v3                                                                  206.4266   56.0704 13.8
 17.025 1429 Alaska-slab2-v3                                                                  206.8228   55.5788  6.8
 15.090 1430 Alaska-slab2-v3                                                                  206.7109   55.6415  8.3
 11.972 1431 Alaska-slab2-v3                                                                  206.5997   55.7049  9.7
  9.332 1432 Alaska-slab2-v3                                                                  206.4925   55.7709 10.9
  7.170 1433 Alaska-slab2-v3                                                                  206.3880   55.8387 11.8
  5.326 1434 Alaska-slab2-v3                                                                  206.2831   55.9065 12.6
  3.642 1435 Alaska-slab2-v3                                                                  206.1777   55.9743 13.4
  1.912 1436 Alaska-slab2-v3                                                                  206.0720   56.0420 14.1
 17.025 1452 Alaska-slab2-v3                                                                  206.5623   55.4747  6.7
 15.199 1453 Alaska-slab2-v3                                                                  206.4544   55.5398  8.0
 12.324 1454 Alaska-slab2-v3                                                                  206.3461   55.6049  9.2
  9.755 1455 Alaska-slab2-v3                                                                  206.2403   55.6716 10.3
  7.564 1456 Alaska-slab2-v3                                                                  206.1377   55.7402 11.2
  5.608 1457 Alaska-slab2-v3                                                                  206.0354   55.8091 12.1
  3.794 1458 Alaska-slab2-v3                                                                  205.9326   55.8780 12.8
  1.956 1459 Alaska-slab2-v3                                                                  205.8296   55.9468 13.6
 17.025 1475 Alaska-slab2-v3                                                                  206.3037   55.3696  6.6
 16.453 1476 Alaska-slab2-v3                                                                  206.1998   55.4370  7.7
 14.004 1477 Alaska-slab2-v3                                                                  206.0955   55.5043  8.8
 11.739 1478 Alaska-slab2-v3                                                                  205.9916   55.5720  9.8
  9.657 1479 Alaska-slab2-v3                                                                  205.8897   55.6408 10.7
  7.734 1480 Alaska-slab2-v3                                                                  205.7890   55.7103 11.5
  5.904 1481 Alaska-slab2-v3                                                                  205.6879   55.7798 12.3
  4.073 1482 Alaska-slab2-v3                                                                  205.5864   55.8492 13.1
  2.128 1483 Alaska-slab2-v3                                                                  205.4847   55.9185 13.9
 17.025 1498 Alaska-slab2-v3                                                                  206.0464   55.2637  6.5
 16.601 1499 Alaska-slab2-v3                                                                  205.9463   55.3329  7.4
 14.435 1500 Alaska-slab2-v3                                                                  205.8458   55.4021  8.3
 12.339 1501 Alaska-slab2-v3                                                                  205.7450   55.4712  9.2
 10.290 1502 Alaska-slab2-v3                                                                  205.6444   55.5406 10.1
  8.336 1503 Alaska-slab2-v3                                                                  205.5441   55.6102 10.9
  6.405 1504 Alaska-slab2-v3                                                                  205.4433   55.6797 11.7
  4.403 1505 Alaska-slab2-v3                                                                  205.3421   55.7491 12.6
  2.308 1506 Alaska-slab2-v3                                                                  205.2407   55.8184 13.5
 17.025 1521 Alaska-slab2-v3                                                                  205.7905   55.1568  6.4
 16.686 1522 Alaska-slab2-v3                                                                  205.6936   55.2276  7.2
 14.797 1523 Alaska-slab2-v3                                                                  205.5963   55.2983  7.9
 12.884 1524 Alaska-slab2-v3                                                                  205.4988   55.3689  8.7
 10.971 1525 Alaska-slab2-v3                                                                  205.4008   55.4394  9.5
  9.009 1526 Alaska-slab2-v3                                                                  205.3016   55.5095 10.3
  6.999 1527 Alaska-slab2-v3                                                                  205.2007   55.5787 11.2
  4.843 1528 Alaska-slab2-v3                                                                  205.0989   55.6477 12.1
  2.543 1529 Alaska-slab2-v3                                                                  204.9969   55.7165 13.0
 17.025 1544 Alaska-slab2-v3                                                                  205.5445   55.0436  6.3
 16.976 1545 Alaska-slab2-v3                                                                  205.4491   55.1150  7.0
 15.254 1546 Alaska-slab2-v3                                                                  205.3538   55.1864  7.8
 13.460 1547 Alaska-slab2-v3                                                                  205.2584   55.2577  8.5
 11.592 1548 Alaska-slab2-v3                                                                  205.1624   55.3289  9.3
  9.604 1549 Alaska-slab2-v3                                                                  205.0641   55.3994 10.1
  7.470 1550 Alaska-slab2-v3                                                                  204.9633   55.4688 11.0
  5.166 1551 Alaska-slab2-v3                                                                  204.8619   55.5377 11.9
  2.692 1552 Alaska-slab2-v3                                                                  204.7602   55.6064 12.9
 17.025 1567 Alaska-slab2-v3                                                                  205.3062   54.9248  6.3
 17.025 1568 Alaska-slab2-v3                                                                  205.2114   54.9964  7.0
 15.697 1569 Alaska-slab2-v3                                                                  205.1163   55.0678  7.7
 13.919 1570 Alaska-slab2-v3                                                                  205.0209   55.1392  8.5
 12.022 1571 Alaska-slab2-v3                                                                  204.9251   55.2105  9.3
  9.911 1572 Alaska-slab2-v3                                                                  204.8280   55.2811 10.2
  7.635 1573 Alaska-slab2-v3                                                                  204.7290   55.3509 11.1
  5.193 1574 Alaska-slab2-v3                                                                  204.6291   55.4202 12.2
  2.632 1575 Alaska-slab2-v3                                                                  204.5289   55.4895 13.2
 17.025 1590 Alaska-slab2-v3                                                                  205.0642   54.8092  6.4
 17.025 1591 Alaska-slab2-v3                                                                  204.9702   54.8809  7.1
 15.885 1592 Alaska-slab2-v3                                                                  204.8759   54.9526  7.8
 14.071 1593 Alaska-slab2-v3                                                                  204.7814   55.0242  8.6
 12.094 1594 Alaska-slab2-v3                                                                  204.6865   55.0957  9.4
  9.908 1595 Alaska-slab2-v3                                                                  204.5900   55.1664 10.4
  7.559 1596 Alaska-slab2-v3                                                                  204.4918   55.2363 11.4
  5.070 1597 Alaska-slab2-v3                                                                  204.3930   55.3061 12.5
  2.535 1598 Alaska-slab2-v3                                                                  204.2939   55.3757 13.6
 17.025 1613 Alaska-slab2-v3                                                                  204.8147   54.6997  6.4
 17.025 1614 Alaska-slab2-v3                                                                  204.7219   54.7718  7.2
 15.719 1615 Alaska-slab2-v3                                                                  204.6288   54.8438  8.0
 13.771 1616 Alaska-slab2-v3                                                                  204.5354   54.9157  8.9
 11.709 1617 Alaska-slab2-v3                                                                  204.4412   54.9874  9.8
  9.509 1618 Alaska-slab2-v3                                                                  204.3449   55.0581 10.7
  7.195 1619 Alaska-slab2-v3                                                                  204.2470   55.1280 11.7
  4.789 1620 Alaska-slab2-v3                                                                  204.1487   55.1978 12.8
  2.383 1621 Alaska-slab2-v3                                                                  204.0501   55.2676 13.8
 17.025 1636 Alaska-slab2-v3                                                                  204.5543   54.5999  6.5
 16.152 1637 Alaska-slab2-v3                                                                  204.4627   54.6723  7.4
 13.921 1638 Alaska-slab2-v3                                                                  204.3707   54.7446  8.3
 11.665 1639 Alaska-slab2-v3                                                                  204.2784   54.8168  9.2
  9.386 1640 Alaska-slab2-v3                                                                  204.1843   54.8883 10.2
  7.082 1641 Alaska-slab2-v3                                                                  204.0877   54.9587 11.1
  4.729 1642 Alaska-slab2-v3                                                                  203.9900   55.0287 12.1
  2.377 1643 Alaska-slab2-v3                                                                  203.8920   55.0987 13.1
 17.025 1659 Alaska-slab2-v3                                                                  204.2824   54.5112  6.5
 15.864 1660 Alaska-slab2-v3                                                                  204.1912   54.5835  7.6
 13.376 1661 Alaska-slab2-v3                                                                  204.0996   54.6557  8.6
 10.983 1662 Alaska-slab2-v3                                                                  204.0074   54.7278  9.6
  8.686 1663 Alaska-slab2-v3                                                                  203.9128   54.7990 10.6
  6.461 1664 Alaska-slab2-v3                                                                  203.8162   54.8693 11.5
  4.307 1665 Alaska-slab2-v3                                                                  203.7191   54.9396 12.4
  2.154 1666 Alaska-slab2-v3                                                                  203.6216   55.0097 13.3
 17.025 1681 Alaska-slab2-v3                                                                  204.0016   54.4321  6.6
 15.717 1682 Alaska-slab2-v3                                                                  203.9099   54.5040  7.8
 13.054 1683 Alaska-slab2-v3                                                                  203.8178   54.5758  8.9
 10.557 1684 Alaska-slab2-v3                                                                  203.7246   54.6474 10.0
  8.271 1685 Alaska-slab2-v3                                                                  203.6297   54.7183 10.9
  6.174 1686 Alaska-slab2-v3                                                                  203.5336   54.7888 11.8
  4.124 1687 Alaska-slab2-v3                                                                  203.4371   54.8593 12.7
  2.097 1688 Alaska-slab2-v3                                                                  203.3403   54.9297 13.6
 17.025 1703 Alaska-slab2-v3                                                                  203.7153   54.3603  6.6
 15.811 1704 Alaska-slab2-v3                                                                  203.6229   54.4317  7.9
 13.084 1705 Alaska-slab2-v3                                                                  203.5301   54.5031  9.1
 10.587 1706 Alaska-slab2-v3                                                                  203.4363   54.5742 10.1
  8.322 1707 Alaska-slab2-v3                                                                  203.3410   54.6449 11.1
  6.264 1708 Alaska-slab2-v3                                                                  203.2450   54.7154 12.0
  4.253 1709 Alaska-slab2-v3                                                                  203.1487   54.7859 12.9
  2.196 1710 Alaska-slab2-v3                                                                  203.0520   54.8563 13.8
 17.025 1724 Alaska-slab2-v3                                                                  203.4260   54.2934  6.7
 14.769 1725 Alaska-slab2-v3                                                                  203.3330   54.3645  7.9
 11.811 1726 Alaska-slab2-v3                                                                  203.2397   54.4355  9.2
  9.143 1727 Alaska-slab2-v3                                                                  203.1452   54.5063 10.3
  6.766 1728 Alaska-slab2-v3                                                                  203.0494   54.5766 11.2
  4.535 1729 Alaska-slab2-v3                                                                  202.9530   54.6469 12.2
  2.352 1730 Alaska-slab2-v3                                                                  202.8563   54.7171 13.1
 17.025 1744 Alaska-slab2-v3                                                                  203.1346   54.2305  6.7
 15.075 1745 Alaska-slab2-v3                                                                  203.0409   54.3010  8.0
 12.122 1746 Alaska-slab2-v3                                                                  202.9467   54.3715  9.3
  9.475 1747 Alaska-slab2-v3                                                                  202.8513   54.4418 10.4
  7.112 1748 Alaska-slab2-v3                                                                  202.7548   54.5117 11.4
  4.891 1749 Alaska-slab2-v3                                                                  202.6578   54.5816 12.3
  2.576 1750 Alaska-slab2-v3                                                                  202.5605   54.6514 13.3
 17.025 1764 Alaska-slab2-v3                                                                  202.8416   54.1708  6.7
 15.539 1765 Alaska-slab2-v3                                                                  202.7468   54.2407  8.1
 12.569 1766 Alaska-slab2-v3                                                                  202.6515   54.3106  9.4
  9.941 1767 Alaska-slab2-v3                                                                  202.5552   54.3803 10.6
  7.564 1768 Alaska-slab2-v3                                                                  202.4578   54.4497 11.6
  5.279 1769 Alaska-slab2-v3                                                                  202.3600   54.5191 12.6
  2.811 1770 Alaska-slab2-v3                                                                  202.2619   54.5883 13.7
 17.025 1783 Alaska-slab2-v3                                                                  202.5474   54.1138  6.7
 14.327 1784 Alaska-slab2-v3                                                                  202.4519   54.1833  8.1
 11.108 1785 Alaska-slab2-v3                                                                  202.3560   54.2528  9.5
  8.180 1786 Alaska-slab2-v3                                                                  202.2587   54.3219 10.7
  5.518 1787 Alaska-slab2-v3                                                                  202.1601   54.3906 11.8
  2.856 1788 Alaska-slab2-v3                                                                  202.0612   54.4592 12.9
 17.025 1802 Alaska-slab2-v3                                                                  202.2527   54.0590  6.7
 14.758 1803 Alaska-slab2-v3                                                                  202.1571   54.1283  8.2
 11.547 1804 Alaska-slab2-v3                                                                  202.0608   54.1975  9.5
  8.595 1805 Alaska-slab2-v3                                                                  201.9626   54.2661 10.8
  5.832 1806 Alaska-slab2-v3                                                                  201.8628   54.3340 11.9
  3.022 1807 Alaska-slab2-v3                                                                  201.7627   54.4018 13.1
 17.025 1820 Alaska-slab2-v3                                                                  201.9577   54.0054  6.8
 15.046 1821 Alaska-slab2-v3                                                                  201.8617   54.0745  8.2
 11.851 1822 Alaska-slab2-v3                                                                  201.7650   54.1434  9.6
  8.889 1823 Alaska-slab2-v3                                                                  201.6662   54.2115 10.9
  6.065 1824 Alaska-slab2-v3                                                                  201.5657   54.2789 12.1
  3.194 1825 Alaska-slab2-v3                                                                  201.4649   54.3462 13.3
 17.000 1838 Alaska-slab2-v3                                                                  201.6623   53.9521  6.8
 13.133 1839 Alaska-slab2-v3                                                                  201.5647   54.0202  8.3
  9.542 1840 Alaska-slab2-v3                                                                  201.4665   54.0882  9.8
  6.303 1841 Alaska-slab2-v3                                                                  201.3671   54.1560 11.1
  3.214 1842 Alaska-slab2-v3                                                                  201.2668   54.2234 12.3
 13.833 1855 Alaska-slab2-v3                                                                  201.3664   53.8981  6.9
 10.677 1856 Alaska-slab2-v3                                                                  201.2655   53.9641  8.6
  7.661 1857 Alaska-slab2-v3                                                                  201.1650   54.0308 10.1
  5.061 1858 Alaska-slab2-v3                                                                  201.0653   54.0982 11.4
  2.620 1859 Alaska-slab2-v3                                                                  200.9656   54.1659 12.6
 10.641 1872 Alaska-slab2-v3                                                                  201.0706   53.8428  7.0
  8.216 1873 Alaska-slab2-v3                                                                  200.9652   53.9058  8.9
  5.820 1874 Alaska-slab2-v3                                                                  200.8627   53.9709 10.5
  3.836 1875 Alaska-slab2-v3                                                                  200.7636   54.0385 11.9
  1.999 1876 Alaska-slab2-v3                                                                  200.6643   54.1064 13.1
  7.098 1889 Alaska-slab2-v3                                                                  200.7756   53.7862  7.1
  4.802 1890 Alaska-slab2-v3                                                                  200.6664   53.8460  9.2
  2.898 1891 Alaska-slab2-v3                                                                  200.5628   53.9102 11.0
  1.378 1892 Alaska-slab2-v3                                                                  200.4644   53.9780 12.4
  4.107 1906 Alaska-slab2-v3                                                                  200.4822   53.7288  7.2
  2.724 1907 Alaska-slab2-v3                                                                  200.3709   53.7866  9.5
  1.621 1908 Alaska-slab2-v3                                                                  200.2675   53.8503 11.3
  0.768 1909 Alaska-slab2-v3                                                                  200.1695   53.9183 12.7
  4.105 1923 Alaska-slab2-v3                                                                  200.1907   53.6713  7.3
  2.684 1924 Alaska-slab2-v3                                                                  200.0792   53.7284  9.6
  1.578 1925 Alaska-slab2-v3                                                                  199.9768   53.7924 11.5
  0.744 1926 Alaska-slab2-v3                                                                  199.8801   53.8610 12.9
  4.074 1940 Alaska-slab2-v3                                                                  199.9012   53.6142  7.3
  2.645 1941 Alaska-slab2-v3                                                                  199.7909   53.6720  9.6
  1.538 1942 Alaska-slab2-v3                                                                  199.6904   53.7369 11.5
  0.724 1943 Alaska-slab2-v3                                                                  199.5958   53.8066 12.8
  4.037 1957 Alaska-slab2-v3                                                                  199.6135   53.5574  7.3
  2.626 1958 Alaska-slab2-v3                                                                  199.5056   53.6169  9.6
  1.522 1959 Alaska-slab2-v3                                                                  199.4072   53.6831 11.3
  0.715 1960 Alaska-slab2-v3                                                                  199.3153   53.7539 12.6
  4.256 1974 Alaska-slab2-v3                                                                  199.3270   53.5006  7.2
  3.132 1975 Alaska-slab2-v3                                                                  199.2223   53.5625  9.4
  2.134 1976 Alaska-slab2-v3                                                                  199.1261   53.6299 11.1
  1.377 1977 Alaska-slab2-v3                                                                  199.0365   53.7018 12.4
  0.723 1978 Alaska-slab2-v3                                                                  198.9464   53.7737 13.6
  4.256 1991 Alaska-slab2-v3                                                                  199.0414   53.4436  7.1
  3.166 1992 Alaska-slab2-v3                                                                  198.9403   53.5080  9.2
  2.175 1993 Alaska-slab2-v3                                                                  198.8460   53.5765 10.9
  1.399 1994 Alaska-slab2-v3                                                                  198.7579   53.6489 12.2
  0.717 1995 Alaska-slab2-v3                                                                  198.6694   53.7215 13.4
  4.256 2007 Alaska-slab2-v3                                                                  198.7560   53.3861  7.0
  3.233 2008 Alaska-slab2-v3                                                                  198.6587   53.4528  9.0
  2.257 2009 Alaska-slab2-v3                                                                  198.5659   53.5222 10.6
  1.458 2010 Alaska-slab2-v3                                                                  198.4779   53.5946 12.0
  0.741 2011 Alaska-slab2-v3                                                                  198.3898   53.6672 13.2
  4.256 2023 Alaska-slab2-v3                                                                  198.4700   53.3279  7.0
  3.306 2024 Alaska-slab2-v3                                                                  198.3749   53.3958  8.9
  2.340 2025 Alaska-slab2-v3                                                                  198.2830   53.4657 10.6
  1.533 2026 Alaska-slab2-v3                                                                  198.1946   53.5378 11.9
  0.790 2027 Alaska-slab2-v3                                                                  198.1064   53.6102 13.2
  4.256 2039 Alaska-slab2-v3                                                                  198.1828   53.2689  7.1
  3.343 2040 Alaska-slab2-v3                                                                  198.0871   53.3362  9.0
  2.381 2041 Alaska-slab2-v3                                                                  197.9952   53.4060 10.7
  1.580 2042 Alaska-slab2-v3                                                                  197.9073   53.4782 12.1
  0.830 2043 Alaska-slab2-v3                                                                  197.8192   53.5506 13.4
  4.094 2055 Alaska-slab2-v3                                                                  197.8943   53.2088  7.2
  2.729 2056 Alaska-slab2-v3                                                                  197.7964   53.2740  9.4
  1.646 2057 Alaska-slab2-v3                                                                  197.7048   53.3436 11.2
  0.802 2058 Alaska-slab2-v3                                                                  197.6178   53.4162 12.6
  4.134 2070 Alaska-slab2-v3                                                                  197.6050   53.1470  7.5
  2.600 2071 Alaska-slab2-v3                                                                  197.5054   53.2094 10.1
  1.516 2072 Alaska-slab2-v3                                                                  197.4159   53.2794 12.0
  0.746 2073 Alaska-slab2-v3                                                                  197.3297   53.3524 13.3
  3.747 2085 Alaska-slab2-v3                                                                  197.3160   53.0831  7.9
  1.867 2086 Alaska-slab2-v3                                                                  197.2162   53.1421 11.0
  0.709 2087 Alaska-slab2-v3                                                                  197.1304   53.2137 12.9
  3.710 2100 Alaska-slab2-v3                                                                  197.0307   53.0183  8.2
  1.653 2101 Alaska-slab2-v3                                                                  196.9324   53.0739 11.7
  0.561 2102 Alaska-slab2-v3                                                                  196.8491   53.1466 13.6
  3.631 2115 Alaska-slab2-v3                                                                  196.7498   52.9534  8.5
  1.411 2116 Alaska-slab2-v3                                                                  196.6541   53.0059 12.4
  0.396 2117 Alaska-slab2-v3                                                                  196.5720   53.0791 14.1
  3.553 2130 Alaska-slab2-v3                                                                  196.4706   52.8875  8.7
  1.219 2131 Alaska-slab2-v3                                                                  196.3781   52.9384 12.8
  0.256 2132 Alaska-slab2-v3                                                                  196.2978   53.0122 14.5
  3.509 2145 Alaska-slab2-v3                                                                  196.1928   52.8211  8.8
  1.119 2146 Alaska-slab2-v3                                                                  196.1029   52.8721 13.0
  0.176 2147 Alaska-slab2-v3                                                                  196.0243   52.9465 14.7
