 20.056 0231 Alaska-slab2-v3                                                                  216.3398   60.3457  8.9
 17.544 0232 Alaska-slab2-v3                                                                  216.2532   60.4228 10.7
 14.884 0233 Alaska-slab2-v3                                                                  216.1527   60.4968 11.9
 13.005 0234 Alaska-slab2-v3                                                                  216.0465   60.5698 12.8
 11.506 0235 Alaska-slab2-v3                                                                  215.9396   60.6428 13.6
  9.944 0236 Alaska-slab2-v3                                                                  215.8326   60.7157 14.3
  8.022 0237 Alaska-slab2-v3                                                                  215.7265   60.7889 15.2
  5.595 0238 Alaska-slab2-v3                                                                  215.6225   60.8627 16.4
  2.808 0239 Alaska-slab2-v3                                                                  215.5197   60.9366 17.7
 18.580 0255 Alaska-slab2-v3                                                                  216.0024   60.2336 10.4
 14.864 0256 Alaska-slab2-v3                                                                  215.9029   60.3067 12.2
 12.511 0257 Alaska-slab2-v3                                                                  215.7964   60.3790 13.4
 11.065 0258 Alaska-slab2-v3                                                                  215.6890   60.4516 14.1
 10.054 0259 Alaska-slab2-v3                                                                  215.5810   60.5242 14.6
  8.980 0260 Alaska-slab2-v3                                                                  215.4741   60.5972 15.1
  7.577 0261 Alaska-slab2-v3                                                                  215.3691   60.6708 15.8
  5.822 0262 Alaska-slab2-v3                                                                  215.2643   60.7445 16.6
  3.902 0263 Alaska-slab2-v3                                                                  215.1591   60.8181 17.5
  1.899 0264 Alaska-slab2-v3                                                                  215.0535   60.8915 18.5
 35.098 0281 Alaska-slab2-v3                                                                  215.7667   60.0238  8.5
 31.634 0282 Alaska-slab2-v3                                                                  215.6685   60.0957 10.9
 25.626 0283 Alaska-slab2-v3                                                                  215.5633   60.1673 12.6
 21.773 0284 Alaska-slab2-v3                                                                  215.4567   60.2395 13.7
 19.369 0285 Alaska-slab2-v3                                                                  215.3492   60.3119 14.4
 17.673 0286 Alaska-slab2-v3                                                                  215.2419   60.3845 14.9
 15.976 0287 Alaska-slab2-v3                                                                  215.1390   60.4588 15.3
 13.997 0288 Alaska-slab2-v3                                                                  215.0397   60.5342 15.9
 11.770 0289 Alaska-slab2-v3                                                                  214.9400   60.6096 16.5
  9.402 0290 Alaska-slab2-v3                                                                  214.8399   60.6849 17.2
  6.928 0291 Alaska-slab2-v3                                                                  214.7393   60.7600 17.9
  4.489 0292 Alaska-slab2-v3                                                                  214.6382   60.8351 18.6
  2.156 0293 Alaska-slab2-v3                                                                  214.5375   60.9104 19.2
 50.140 0311 Alaska-slab2-v3                                                                  215.4642   59.8739  8.3
 47.940 0312 Alaska-slab2-v3                                                                  215.3509   59.9410 10.4
 40.153 0313 Alaska-slab2-v3                                                                  215.2419   60.0111 11.9
 34.185 0314 Alaska-slab2-v3                                                                  215.1347   60.0828 13.1
 29.533 0315 Alaska-slab2-v3                                                                  215.0267   60.1546 14.0
 25.740 0316 Alaska-slab2-v3                                                                  214.9191   60.2267 14.7
 22.403 0317 Alaska-slab2-v3                                                                  214.8202   60.3019 15.4
 19.267 0318 Alaska-slab2-v3                                                                  214.7293   60.3797 16.0
 16.385 0319 Alaska-slab2-v3                                                                  214.6379   60.4575 16.6
 13.654 0320 Alaska-slab2-v3                                                                  214.5461   60.5352 17.1
 11.075 0321 Alaska-slab2-v3                                                                  214.4538   60.6129 17.6
  8.647 0322 Alaska-slab2-v3                                                                  214.3610   60.6905 18.1
  6.321 0323 Alaska-slab2-v3                                                                  214.2678   60.7681 18.6
  4.147 0324 Alaska-slab2-v3                                                                  214.1741   60.8456 19.0
  2.023 0325 Alaska-slab2-v3                                                                  214.0807   60.9232 19.4
 65.182 0344 Alaska-slab2-v3                                                                  215.1063   59.7707  9.3
 56.741 0345 Alaska-slab2-v3                                                                  214.9901   59.8370 11.1
 47.538 0346 Alaska-slab2-v3                                                                  214.8804   59.9071 12.5
 40.784 0347 Alaska-slab2-v3                                                                  214.7697   59.9775 13.5
 35.753 0348 Alaska-slab2-v3                                                                  214.6583   60.0480 14.3
 31.846 0349 Alaska-slab2-v3                                                                  214.5502   60.1198 14.9
 28.602 0350 Alaska-slab2-v3                                                                  214.4495   60.1941 15.4
 25.556 0351 Alaska-slab2-v3                                                                  214.3549   60.2707 15.8
 22.710 0352 Alaska-slab2-v3                                                                  214.2625   60.3481 16.3
 19.863 0353 Alaska-slab2-v3                                                                  214.1698   60.4256 16.7
 17.148 0354 Alaska-slab2-v3                                                                  214.0765   60.5029 17.1
 14.433 0355 Alaska-slab2-v3                                                                  213.9828   60.5802 17.5
 11.653 0356 Alaska-slab2-v3                                                                  213.8887   60.6575 17.9
  8.872 0357 Alaska-slab2-v3                                                                  213.7941   60.7346 18.4
  6.025 0358 Alaska-slab2-v3                                                                  213.6991   60.8117 18.8
  3.112 0359 Alaska-slab2-v3                                                                  213.6036   60.8887 19.2
 80.224 0386 Alaska-slab2-v3                                                                  214.8431   59.6356  9.5
 68.856 0387 Alaska-slab2-v3                                                                  214.7243   59.7004 11.4
 57.971 0388 Alaska-slab2-v3                                                                  214.6103   59.7687 12.7
 50.473 0389 Alaska-slab2-v3                                                                  214.4953   59.8373 13.6
 45.554 0390 Alaska-slab2-v3                                                                  214.3795   59.9059 14.2
 42.410 0391 Alaska-slab2-v3                                                                  214.2631   59.9745 14.6
 40.233 0392 Alaska-slab2-v3                                                                  214.1482   60.0437 14.9
 38.217 0393 Alaska-slab2-v3                                                                  214.0383   60.1149 15.2
 35.960 0394 Alaska-slab2-v3                                                                  213.9339   60.1883 15.4
 33.299 0395 Alaska-slab2-v3                                                                  213.8315   60.2625 15.8
 30.155 0396 Alaska-slab2-v3                                                                  213.7286   60.3367 16.2
 26.688 0397 Alaska-slab2-v3                                                                  213.6253   60.4108 16.6
 22.898 0398 Alaska-slab2-v3                                                                  213.5216   60.4848 17.1
 18.786 0399 Alaska-slab2-v3                                                                  213.4174   60.5587 17.6
 14.432 0400 Alaska-slab2-v3                                                                  213.3127   60.6325 18.1
  9.837 0401 Alaska-slab2-v3                                                                  213.2076   60.7062 18.7
  4.999 0402 Alaska-slab2-v3                                                                  213.1020   60.7798 19.3
 80.224 0428 Alaska-slab2-v3                                                                  214.5858   59.4974  9.6
 67.913 0429 Alaska-slab2-v3                                                                  214.4641   59.5605 11.5
 56.889 0430 Alaska-slab2-v3                                                                  214.3463   59.6269 12.9
 49.406 0431 Alaska-slab2-v3                                                                  214.2275   59.6935 13.8
 44.819 0432 Alaska-slab2-v3                                                                  214.1078   59.7602 14.4
 42.244 0433 Alaska-slab2-v3                                                                  213.9875   59.8269 14.7
 41.038 0434 Alaska-slab2-v3                                                                  213.8667   59.8935 14.8
 40.152 0435 Alaska-slab2-v3                                                                  213.7462   59.9604 14.9
 39.026 0436 Alaska-slab2-v3                                                                  213.6291   60.0286 15.1
 37.175 0437 Alaska-slab2-v3                                                                  213.5162   60.0988 15.3
 34.439 0438 Alaska-slab2-v3                                                                  213.4044   60.1695 15.7
 30.979 0439 Alaska-slab2-v3                                                                  213.2921   60.2401 16.1
 26.876 0440 Alaska-slab2-v3                                                                  213.1795   60.3106 16.6
 22.209 0441 Alaska-slab2-v3                                                                  213.0664   60.3810 17.2
 17.059 0442 Alaska-slab2-v3                                                                  212.9528   60.4512 17.8
 11.668 0443 Alaska-slab2-v3                                                                  212.8388   60.5214 18.5
  5.874 0444 Alaska-slab2-v3                                                                  212.7243   60.5914 19.2
 80.224 0469 Alaska-slab2-v3                                                                  214.3377   59.3548  9.5
 66.082 0470 Alaska-slab2-v3                                                                  214.2120   59.4156 11.4
 54.751 0471 Alaska-slab2-v3                                                                  214.0899   59.4797 12.8
 46.977 0472 Alaska-slab2-v3                                                                  213.9667   59.5441 13.7
 42.180 0473 Alaska-slab2-v3                                                                  213.8427   59.6084 14.3
 39.533 0474 Alaska-slab2-v3                                                                  213.7181   59.6728 14.6
 38.293 0475 Alaska-slab2-v3                                                                  213.5930   59.7370 14.8
 37.631 0476 Alaska-slab2-v3                                                                  213.4673   59.8012 14.9
 36.887 0477 Alaska-slab2-v3                                                                  213.3418   59.8654 14.9
 35.233 0478 Alaska-slab2-v3                                                                  213.2188   59.9310 15.1
 32.503 0479 Alaska-slab2-v3                                                                  213.0983   59.9978 15.5
 28.699 0480 Alaska-slab2-v3                                                                  212.9777   60.0646 15.9
 23.985 0481 Alaska-slab2-v3                                                                  212.8566   60.1312 16.5
 18.609 0482 Alaska-slab2-v3                                                                  212.7351   60.1977 17.1
 12.654 0483 Alaska-slab2-v3                                                                  212.6132   60.2641 17.9
  6.451 0484 Alaska-slab2-v3                                                                  212.4909   60.3303 18.6
 80.224 0510 Alaska-slab2-v3                                                                  214.1024   59.2073  9.3
 68.645 0511 Alaska-slab2-v3                                                                  213.9719   59.2655 11.1
 57.605 0512 Alaska-slab2-v3                                                                  213.8453   59.3270 12.4
 49.720 0513 Alaska-slab2-v3                                                                  213.7176   59.3887 13.3
 44.574 0514 Alaska-slab2-v3                                                                  213.5892   59.4504 14.0
 41.336 0515 Alaska-slab2-v3                                                                  213.4601   59.5121 14.4
 39.427 0516 Alaska-slab2-v3                                                                  213.3304   59.5737 14.6
 38.265 0517 Alaska-slab2-v3                                                                  213.2003   59.6352 14.7
 36.937 0518 Alaska-slab2-v3                                                                  213.0697   59.6965 14.9
 35.028 0519 Alaska-slab2-v3                                                                  212.9395   59.7582 15.1
 32.123 0520 Alaska-slab2-v3                                                                  212.8102   59.8204 15.5
 28.222 0521 Alaska-slab2-v3                                                                  212.6808   59.8826 15.9
 23.490 0522 Alaska-slab2-v3                                                                  212.5511   59.9446 16.5
 18.178 0523 Alaska-slab2-v3                                                                  212.4208   60.0065 17.1
 12.368 0524 Alaska-slab2-v3                                                                  212.2902   60.0682 17.8
  6.225 0525 Alaska-slab2-v3                                                                  212.1591   60.1298 18.6
 80.224 0551 Alaska-slab2-v3                                                                  213.8813   59.0556  8.9
 73.089 0552 Alaska-slab2-v3                                                                  213.7467   59.1112 10.6
 62.365 0553 Alaska-slab2-v3                                                                  213.6158   59.1701 11.9
 54.363 0554 Alaska-slab2-v3                                                                  213.4846   59.2294 12.9
 48.506 0555 Alaska-slab2-v3                                                                  213.3527   59.2888 13.6
 44.464 0556 Alaska-slab2-v3                                                                  213.2201   59.3481 14.1
 41.576 0557 Alaska-slab2-v3                                                                  213.0869   59.4073 14.4
 39.349 0558 Alaska-slab2-v3                                                                  212.9532   59.4664 14.7
 37.287 0559 Alaska-slab2-v3                                                                  212.8188   59.5252 14.9
 34.977 0560 Alaska-slab2-v3                                                                  212.6833   59.5834 15.2
 32.172 0561 Alaska-slab2-v3                                                                  212.5469   59.6413 15.6
 28.873 0562 Alaska-slab2-v3                                                                  212.4101   59.6990 15.9
 24.995 0563 Alaska-slab2-v3                                                                  212.2729   59.7565 16.4
 20.788 0564 Alaska-slab2-v3                                                                  212.1353   59.8139 16.9
 16.086 0565 Alaska-slab2-v3                                                                  211.9972   59.8711 17.5
 11.054 0566 Alaska-slab2-v3                                                                  211.8586   59.9281 18.1
  5.692 0567 Alaska-slab2-v3                                                                  211.7197   59.9850 18.8
 80.224 0591 Alaska-slab2-v3                                                                  213.6725   58.9003  8.7
 78.256 0592 Alaska-slab2-v3                                                                  213.5347   58.9537 10.2
 67.972 0593 Alaska-slab2-v3                                                                  213.4001   59.0099 11.5
 59.857 0594 Alaska-slab2-v3                                                                  213.2660   59.0671 12.5
 53.510 0595 Alaska-slab2-v3                                                                  213.1312   59.1243 13.3
 48.609 0596 Alaska-slab2-v3                                                                  212.9957   59.1814 13.9
 44.913 0597 Alaska-slab2-v3                                                                  212.8597   59.2385 14.4
 41.860 0598 Alaska-slab2-v3                                                                  212.7232   59.2954 14.8
 39.208 0599 Alaska-slab2-v3                                                                  212.5850   59.3514 15.1
 36.718 0600 Alaska-slab2-v3                                                                  212.4447   59.4062 15.4
 34.147 0601 Alaska-slab2-v3                                                                  212.3036   59.4606 15.7
 31.495 0602 Alaska-slab2-v3                                                                  212.1621   59.5148 16.0
 28.763 0603 Alaska-slab2-v3                                                                  212.0201   59.5689 16.4
 25.710 0604 Alaska-slab2-v3                                                                  211.8777   59.6228 16.8
 22.497 0605 Alaska-slab2-v3                                                                  211.7348   59.6766 17.2
 18.881 0606 Alaska-slab2-v3                                                                  211.5915   59.7302 17.6
 14.944 0607 Alaska-slab2-v3                                                                  211.4478   59.7836 18.1
 10.525 0608 Alaska-slab2-v3                                                                  211.3036   59.8369 18.7
  5.544 0609 Alaska-slab2-v3                                                                  211.1594   59.8901 19.3
 65.182 0629 Alaska-slab2-v3                                                                  213.4727   58.7421  8.6
 64.036 0630 Alaska-slab2-v3                                                                  213.3324   58.7934 10.1
 55.655 0631 Alaska-slab2-v3                                                                  213.1942   58.8468 11.4
 48.846 0632 Alaska-slab2-v3                                                                  213.0564   58.9011 12.4
 43.411 0633 Alaska-slab2-v3                                                                  212.9178   58.9554 13.3
 39.090 0634 Alaska-slab2-v3                                                                  212.7787   59.0096 13.9
 35.685 0635 Alaska-slab2-v3                                                                  212.6390   59.0637 14.5
 32.935 0636 Alaska-slab2-v3                                                                  212.4985   59.1175 14.9
 30.512 0637 Alaska-slab2-v3                                                                  212.3560   59.1700 15.2
 28.351 0638 Alaska-slab2-v3                                                                  212.2117   59.2214 15.6
 26.322 0639 Alaska-slab2-v3                                                                  212.0669   59.2727 15.9
 24.423 0640 Alaska-slab2-v3                                                                  211.9217   59.3238 16.2
 22.524 0641 Alaska-slab2-v3                                                                  211.7760   59.3747 16.5
 20.560 0642 Alaska-slab2-v3                                                                  211.6299   59.4255 16.8
 18.530 0643 Alaska-slab2-v3                                                                  211.4834   59.4761 17.1
 16.304 0644 Alaska-slab2-v3                                                                  211.3364   59.5265 17.4
 13.816 0645 Alaska-slab2-v3                                                                  211.1891   59.5768 17.8
 11.000 0646 Alaska-slab2-v3                                                                  211.0413   59.6269 18.2
  7.857 0647 Alaska-slab2-v3                                                                  210.8931   59.6768 18.7
  4.191 0648 Alaska-slab2-v3                                                                  210.7446   59.7265 19.3
 50.140 0665 Alaska-slab2-v3                                                                  213.2794   58.5822  8.7
 47.393 0666 Alaska-slab2-v3                                                                  213.1372   58.6314 10.3
 40.667 0667 Alaska-slab2-v3                                                                  212.9951   58.6814 11.6
 35.327 0668 Alaska-slab2-v3                                                                  212.8525   58.7318 12.6
 31.116 0669 Alaska-slab2-v3                                                                  212.7092   58.7822 13.5
 27.881 0670 Alaska-slab2-v3                                                                  212.5653   58.8324 14.1
 25.365 0671 Alaska-slab2-v3                                                                  212.4209   58.8826 14.6
 23.414 0672 Alaska-slab2-v3                                                                  212.2756   58.9323 15.0
 21.720 0673 Alaska-slab2-v3                                                                  212.1287   58.9809 15.3
 20.333 0674 Alaska-slab2-v3                                                                  211.9807   59.0289 15.6
 19.050 0675 Alaska-slab2-v3                                                                  211.8323   59.0767 15.8
 17.817 0676 Alaska-slab2-v3                                                                  211.6835   59.1244 16.1
 16.688 0677 Alaska-slab2-v3                                                                  211.5343   59.1719 16.3
 15.455 0678 Alaska-slab2-v3                                                                  211.3847   59.2192 16.5
 14.120 0679 Alaska-slab2-v3                                                                  211.2346   59.2663 16.8
 12.580 0680 Alaska-slab2-v3                                                                  211.0842   59.3133 17.1
 10.834 0681 Alaska-slab2-v3                                                                  210.9334   59.3600 17.4
  8.780 0682 Alaska-slab2-v3                                                                  210.7821   59.4066 17.8
  6.316 0683 Alaska-slab2-v3                                                                  210.6306   59.4530 18.3
  3.389 0684 Alaska-slab2-v3                                                                  210.4786   59.4992 18.9
 35.098 0700 Alaska-slab2-v3                                                                  213.0897   58.4261  9.1
 32.014 0701 Alaska-slab2-v3                                                                  212.9473   58.4744 10.8
 27.228 0702 Alaska-slab2-v3                                                                  212.8039   58.5229 12.1
 23.647 0703 Alaska-slab2-v3                                                                  212.6595   58.5714 13.1
 21.023 0704 Alaska-slab2-v3                                                                  212.5144   58.6199 13.9
 19.215 0705 Alaska-slab2-v3                                                                  212.3686   58.6683 14.4
 17.939 0706 Alaska-slab2-v3                                                                  212.2224   58.7166 14.7
 16.982 0707 Alaska-slab2-v3                                                                  212.0755   58.7646 15.0
 16.202 0708 Alaska-slab2-v3                                                                  211.9278   58.8121 15.2
 15.493 0709 Alaska-slab2-v3                                                                  211.7795   58.8593 15.4
 14.819 0710 Alaska-slab2-v3                                                                  211.6308   58.9063 15.6
 14.146 0711 Alaska-slab2-v3                                                                  211.4817   58.9531 15.8
 13.401 0712 Alaska-slab2-v3                                                                  211.3322   58.9998 16.0
 12.586 0713 Alaska-slab2-v3                                                                  211.1823   59.0462 16.2
 11.593 0714 Alaska-slab2-v3                                                                  211.0320   59.0925 16.5
 10.388 0715 Alaska-slab2-v3                                                                  210.8814   59.1387 16.9
  8.970 0716 Alaska-slab2-v3                                                                  210.7304   59.1846 17.3
  7.268 0717 Alaska-slab2-v3                                                                  210.5790   59.2303 17.8
  5.212 0718 Alaska-slab2-v3                                                                  210.4273   59.2759 18.3
  2.836 0719 Alaska-slab2-v3                                                                  210.2753   59.3212 19.0
 20.056 0735 Alaska-slab2-v3                                                                  212.8990   58.2742  9.5
 17.110 0736 Alaska-slab2-v3                                                                  212.7582   58.3227 11.3
 14.305 0737 Alaska-slab2-v3                                                                  212.6163   58.3719 12.7
 12.355 0738 Alaska-slab2-v3                                                                  212.4734   58.4212 13.7
 11.075 0739 Alaska-slab2-v3                                                                  212.3297   58.4705 14.3
 10.323 0740 Alaska-slab2-v3                                                                  212.1853   58.5196 14.7
  9.896 0741 Alaska-slab2-v3                                                                  212.0405   58.5687 14.9
  9.611 0742 Alaska-slab2-v3                                                                  211.8955   58.6177 15.0
  9.327 0743 Alaska-slab2-v3                                                                  211.7504   58.6668 15.1
  9.002 0744 Alaska-slab2-v3                                                                  211.6051   58.7160 15.3
  8.616 0745 Alaska-slab2-v3                                                                  211.4594   58.7650 15.5
  8.148 0746 Alaska-slab2-v3                                                                  211.3134   58.8138 15.7
  7.600 0747 Alaska-slab2-v3                                                                  211.1669   58.8624 16.0
  6.929 0748 Alaska-slab2-v3                                                                  211.0201   58.9109 16.3
  6.137 0749 Alaska-slab2-v3                                                                  210.8729   58.9592 16.7
  5.222 0750 Alaska-slab2-v3                                                                  210.7253   59.0073 17.2
  4.166 0751 Alaska-slab2-v3                                                                  210.5773   59.0553 17.7
  2.946 0752 Alaska-slab2-v3                                                                  210.4290   59.1030 18.3
  1.565 0753 Alaska-slab2-v3                                                                  210.2804   59.1506 19.0
