  0.944 2700 Alaska-slab2-v3                                                                  184.9459   50.5211  7.2
  0.944 2701 Alaska-slab2-v3                                                                  184.9321   50.6085  9.4
  0.944 2702 Alaska-slab2-v3                                                                  184.9167   50.6967 11.2
  0.944 2703 Alaska-slab2-v3                                                                  184.9002   50.7854 12.4
  0.944 2704 Alaska-slab2-v3                                                                  184.8836   50.8745 13.4
  0.944 2705 Alaska-slab2-v3                                                                  184.8668   50.9635 14.4
  0.929 2706 Alaska-slab2-v3                                                                  184.8487   51.0521 15.7
  0.829 2707 Alaska-slab2-v3                                                                  184.8291   51.1401 17.3
  0.705 2708 Alaska-slab2-v3                                                                  184.8091   51.2274 19.3
  0.561 2709 Alaska-slab2-v3                                                                  184.7869   51.3139 21.7
  0.400 2710 Alaska-slab2-v3                                                                  184.7628   51.3995 24.3
  0.944 2715 Alaska-slab2-v3                                                                  184.6650   50.4933  7.2
  0.944 2716 Alaska-slab2-v3                                                                  184.6522   50.5808  9.4
  0.944 2717 Alaska-slab2-v3                                                                  184.6381   50.6690 11.2
  0.944 2718 Alaska-slab2-v3                                                                  184.6230   50.7578 12.5
  0.944 2719 Alaska-slab2-v3                                                                  184.6078   50.8468 13.6
  0.944 2720 Alaska-slab2-v3                                                                  184.5923   50.9359 14.6
  0.944 2721 Alaska-slab2-v3                                                                  184.5748   51.0247 15.8
  0.944 2722 Alaska-slab2-v3                                                                  184.5556   51.1130 17.3
  0.853 2723 Alaska-slab2-v3                                                                  184.5363   51.2007 19.1
  0.731 2724 Alaska-slab2-v3                                                                  184.5152   51.2874 21.4
  0.589 2725 Alaska-slab2-v3                                                                  184.4923   51.3732 24.0
  0.944 2730 Alaska-slab2-v3                                                                  184.3837   50.4670  7.2
  0.944 2731 Alaska-slab2-v3                                                                  184.3720   50.5546  9.4
  0.944 2732 Alaska-slab2-v3                                                                  184.3591   50.6428 11.2
  0.944 2733 Alaska-slab2-v3                                                                  184.3452   50.7316 12.6
  0.944 2734 Alaska-slab2-v3                                                                  184.3312   50.8207 13.7
  0.944 2735 Alaska-slab2-v3                                                                  184.3167   50.9099 14.7
  0.944 2736 Alaska-slab2-v3                                                                  184.2999   50.9987 15.9
  0.944 2737 Alaska-slab2-v3                                                                  184.2813   51.0871 17.3
  0.853 2738 Alaska-slab2-v3                                                                  184.2627   51.1751 19.0
  0.737 2739 Alaska-slab2-v3                                                                  184.2425   51.2621 21.2
  0.597 2740 Alaska-slab2-v3                                                                  184.2209   51.3481 23.8
  0.944 2745 Alaska-slab2-v3                                                                  184.1023   50.4426  7.2
  0.944 2746 Alaska-slab2-v3                                                                  184.0914   50.5302  9.3
  0.944 2747 Alaska-slab2-v3                                                                  184.0794   50.6186 11.1
  0.944 2748 Alaska-slab2-v3                                                                  184.0666   50.7074 12.5
  0.944 2749 Alaska-slab2-v3                                                                  184.0536   50.7966 13.6
  0.944 2750 Alaska-slab2-v3                                                                  184.0402   50.8858 14.6
  0.944 2751 Alaska-slab2-v3                                                                  184.0244   50.9747 15.9
  0.944 2752 Alaska-slab2-v3                                                                  184.0065   51.0631 17.3
  0.855 2753 Alaska-slab2-v3                                                                  183.9887   51.1511 19.1
  0.743 2754 Alaska-slab2-v3                                                                  183.9695   51.2384 21.1
  0.606 2755 Alaska-slab2-v3                                                                  183.9490   51.3246 23.7
  0.944 2760 Alaska-slab2-v3                                                                  183.8205   50.4203  7.2
  0.944 2761 Alaska-slab2-v3                                                                  183.8105   50.5081  9.3
  0.944 2762 Alaska-slab2-v3                                                                  183.7994   50.5965 11.0
  0.944 2763 Alaska-slab2-v3                                                                  183.7875   50.6855 12.3
  0.944 2764 Alaska-slab2-v3                                                                  183.7755   50.7748 13.4
  0.944 2765 Alaska-slab2-v3                                                                  183.7633   50.8640 14.5
  0.921 2766 Alaska-slab2-v3                                                                  183.7487   50.9529 15.8
  0.824 2767 Alaska-slab2-v3                                                                  183.7317   51.0412 17.4
  0.710 2768 Alaska-slab2-v3                                                                  183.7146   51.1291 19.2
  0.581 2769 Alaska-slab2-v3                                                                  183.6962   51.2164 21.3
  0.427 2770 Alaska-slab2-v3                                                                  183.6768   51.3027 23.8
  0.944 2775 Alaska-slab2-v3                                                                  183.5384   50.4006  7.1
  0.944 2776 Alaska-slab2-v3                                                                  183.5292   50.4885  9.2
  0.944 2777 Alaska-slab2-v3                                                                  183.5191   50.5771 10.9
  0.944 2778 Alaska-slab2-v3                                                                  183.5081   50.6662 12.2
  0.944 2779 Alaska-slab2-v3                                                                  183.4970   50.7555 13.2
  0.944 2780 Alaska-slab2-v3                                                                  183.4859   50.8448 14.3
  0.940 2781 Alaska-slab2-v3                                                                  183.4725   50.9336 15.6
  0.836 2782 Alaska-slab2-v3                                                                  183.4566   51.0218 17.4
  0.714 2783 Alaska-slab2-v3                                                                  183.4403   51.1095 19.4
  0.578 2784 Alaska-slab2-v3                                                                  183.4229   51.1966 21.6
  0.422 2785 Alaska-slab2-v3                                                                  183.4046   51.2828 24.2
  0.944 2790 Alaska-slab2-v3                                                                  183.2559   50.3839  7.1
  0.944 2791 Alaska-slab2-v3                                                                  183.2476   50.4719  9.2
  0.944 2792 Alaska-slab2-v3                                                                  183.2383   50.5605 10.8
  0.944 2793 Alaska-slab2-v3                                                                  183.2282   50.6497 12.1
  0.944 2794 Alaska-slab2-v3                                                                  183.2180   50.7391 13.1
  0.944 2795 Alaska-slab2-v3                                                                  183.2078   50.8284 14.2
  0.944 2796 Alaska-slab2-v3                                                                  183.1956   50.9172 15.6
  0.848 2797 Alaska-slab2-v3                                                                  183.1809   51.0053 17.4
  0.719 2798 Alaska-slab2-v3                                                                  183.1656   51.0928 19.6
  0.576 2799 Alaska-slab2-v3                                                                  183.1494   51.1796 22.0
  0.415 2800 Alaska-slab2-v3                                                                  183.1322   51.2657 24.7
  0.944 2805 Alaska-slab2-v3                                                                  182.9730   50.3703  7.1
  0.944 2806 Alaska-slab2-v3                                                                  182.9656   50.4585  9.1
  0.944 2807 Alaska-slab2-v3                                                                  182.9573   50.5472 10.7
  0.944 2808 Alaska-slab2-v3                                                                  182.9481   50.6364 12.0
  0.944 2809 Alaska-slab2-v3                                                                  182.9388   50.7258 13.0
  0.944 2810 Alaska-slab2-v3                                                                  182.9294   50.8151 14.2
  0.944 2811 Alaska-slab2-v3                                                                  182.9181   50.9039 15.6
  0.861 2812 Alaska-slab2-v3                                                                  182.9046   50.9921 17.5
  0.730 2813 Alaska-slab2-v3                                                                  182.8905   51.0794 19.7
  0.579 2814 Alaska-slab2-v3                                                                  182.8754   51.1660 22.2
  0.944 2820 Alaska-slab2-v3                                                                  182.6899   50.3603  7.0
  0.944 2821 Alaska-slab2-v3                                                                  182.6836   50.4486  8.9
  0.944 2822 Alaska-slab2-v3                                                                  182.6763   50.5374 10.5
  0.944 2823 Alaska-slab2-v3                                                                  182.6679   50.6266 11.8
  0.944 2824 Alaska-slab2-v3                                                                  182.6593   50.7159 13.0
  0.944 2825 Alaska-slab2-v3                                                                  182.6507   50.8052 14.2
  0.944 2826 Alaska-slab2-v3                                                                  182.6403   50.8941 15.6
  0.876 2827 Alaska-slab2-v3                                                                  182.6279   50.9823 17.4
  0.746 2828 Alaska-slab2-v3                                                                  182.6151   51.0698 19.7
  0.592 2829 Alaska-slab2-v3                                                                  182.6012   51.1562 22.3
  0.944 2834 Alaska-slab2-v3                                                                  182.4069   50.3538  6.9
  0.944 2835 Alaska-slab2-v3                                                                  182.4019   50.4425  8.7
  0.944 2836 Alaska-slab2-v3                                                                  182.3958   50.5313 10.3
  0.944 2837 Alaska-slab2-v3                                                                  182.3882   50.6205 11.6
  0.944 2838 Alaska-slab2-v3                                                                  182.3801   50.7097 12.9
  0.944 2839 Alaska-slab2-v3                                                                  182.3720   50.7989 14.1
  0.944 2840 Alaska-slab2-v3                                                                  182.3624   50.8878 15.6
  0.890 2841 Alaska-slab2-v3                                                                  182.3512   50.9762 17.4
  0.762 2842 Alaska-slab2-v3                                                                  182.3395   51.0636 19.7
  0.608 2843 Alaska-slab2-v3                                                                  182.3269   51.1500 22.4
  0.944 2848 Alaska-slab2-v3                                                                  182.1236   50.3512  6.8
  0.944 2849 Alaska-slab2-v3                                                                  182.1201   50.4400  8.5
  0.944 2850 Alaska-slab2-v3                                                                  182.1156   50.5291 10.0
  0.944 2851 Alaska-slab2-v3                                                                  182.1090   50.6182 11.3
  0.944 2852 Alaska-slab2-v3                                                                  182.1013   50.7074 12.6
  0.944 2853 Alaska-slab2-v3                                                                  182.0936   50.7965 14.0
  0.944 2854 Alaska-slab2-v3                                                                  182.0847   50.8853 15.6
  0.903 2855 Alaska-slab2-v3                                                                  182.0745   50.9736 17.5
  0.775 2856 Alaska-slab2-v3                                                                  182.0637   51.0610 19.7
  0.622 2857 Alaska-slab2-v3                                                                  182.0522   51.1474 22.5
  0.944 2862 Alaska-slab2-v3                                                                  181.8402   50.3523  6.8
  0.944 2863 Alaska-slab2-v3                                                                  181.8380   50.4414  8.3
  0.944 2864 Alaska-slab2-v3                                                                  181.8349   50.5305  9.7
  0.944 2865 Alaska-slab2-v3                                                                  181.8294   50.6197 11.1
  0.944 2866 Alaska-slab2-v3                                                                  181.8222   50.7089 12.4
  0.944 2867 Alaska-slab2-v3                                                                  181.8150   50.7979 13.9
  0.944 2868 Alaska-slab2-v3                                                                  181.8068   50.8865 15.6
  0.917 2869 Alaska-slab2-v3                                                                  181.7974   50.9745 17.6
  0.785 2870 Alaska-slab2-v3                                                                  181.7875   51.0618 20.0
  0.632 2871 Alaska-slab2-v3                                                                  181.7772   51.1481 22.8
  0.944 2876 Alaska-slab2-v3                                                                  181.5568   50.3573  6.8
  0.944 2877 Alaska-slab2-v3                                                                  181.5553   50.4465  8.2
  0.944 2878 Alaska-slab2-v3                                                                  181.5532   50.5356  9.6
  0.944 2879 Alaska-slab2-v3                                                                  181.5486   50.6249 11.0
  0.944 2880 Alaska-slab2-v3                                                                  181.5422   50.7140 12.3
  0.944 2881 Alaska-slab2-v3                                                                  181.5358   50.8030 13.9
  0.925 2882 Alaska-slab2-v3                                                                  181.5284   50.8914 15.7
  0.790 2883 Alaska-slab2-v3                                                                  181.5199   50.9791 17.9
  0.633 2884 Alaska-slab2-v3                                                                  181.5111   51.0661 20.4
  0.454 2885 Alaska-slab2-v3                                                                  181.5020   51.1520 23.4
  0.944 2890 Alaska-slab2-v3                                                                  181.2734   50.3663  6.8
  0.944 2891 Alaska-slab2-v3                                                                  181.2723   50.4553  8.3
  0.944 2892 Alaska-slab2-v3                                                                  181.2705   50.5445  9.7
  0.944 2893 Alaska-slab2-v3                                                                  181.2666   50.6337 11.1
  0.944 2894 Alaska-slab2-v3                                                                  181.2612   50.7229 12.5
  0.944 2895 Alaska-slab2-v3                                                                  181.2558   50.8118 14.1
  0.944 2896 Alaska-slab2-v3                                                                  181.2495   50.9001 16.0
  0.807 2897 Alaska-slab2-v3                                                                  181.2423   50.9875 18.4
  0.645 2898 Alaska-slab2-v3                                                                  181.2349   51.0739 21.1
  0.460 2899 Alaska-slab2-v3                                                                  181.2272   51.1593 24.2
  0.944 2903 Alaska-slab2-v3                                                                  180.9901   50.3788  6.8
  0.944 2904 Alaska-slab2-v3                                                                  180.9893   50.4677  8.5
  0.944 2905 Alaska-slab2-v3                                                                  180.9876   50.5567 10.0
  0.944 2906 Alaska-slab2-v3                                                                  180.9842   50.6459 11.4
  0.944 2907 Alaska-slab2-v3                                                                  180.9801   50.7350 12.9
  0.944 2908 Alaska-slab2-v3                                                                  180.9758   50.8239 14.5
  0.944 2909 Alaska-slab2-v3                                                                  180.9708   50.9120 16.5
  0.823 2910 Alaska-slab2-v3                                                                  180.9650   50.9992 19.0
  0.658 2911 Alaska-slab2-v3                                                                  180.9593   51.0852 21.9
  0.944 2916 Alaska-slab2-v3                                                                  180.7071   50.3941  7.0
  0.944 2917 Alaska-slab2-v3                                                                  180.7065   50.4827  8.8
  0.944 2918 Alaska-slab2-v3                                                                  180.7050   50.5716 10.4
  0.944 2919 Alaska-slab2-v3                                                                  180.7024   50.6607 11.9
  0.944 2920 Alaska-slab2-v3                                                                  180.6995   50.7498 13.3
  0.944 2921 Alaska-slab2-v3                                                                  180.6963   50.8386 15.0
  0.835 2922 Alaska-slab2-v3                                                                  180.6925   50.9266 17.1
  0.676 2923 Alaska-slab2-v3                                                                  180.6884   51.0136 19.7
  0.485 2924 Alaska-slab2-v3                                                                  180.6843   51.0991 22.8
  0.944 2929 Alaska-slab2-v3                                                                  180.4242   50.4111  7.1
  0.944 2930 Alaska-slab2-v3                                                                  180.4238   50.4994  9.1
  0.944 2931 Alaska-slab2-v3                                                                  180.4228   50.5882 10.8
  0.944 2932 Alaska-slab2-v3                                                                  180.4212   50.6773 12.2
  0.944 2933 Alaska-slab2-v3                                                                  180.4195   50.7664 13.7
  0.944 2934 Alaska-slab2-v3                                                                  180.4175   50.8551 15.4
  0.840 2935 Alaska-slab2-v3                                                                  180.4150   50.9429 17.7
  0.680 2936 Alaska-slab2-v3                                                                  180.4124   51.0295 20.4
  0.488 2937 Alaska-slab2-v3                                                                  180.4099   51.1147 23.6
  0.944 2941 Alaska-slab2-v3                                                                  180.1415   50.4289  7.2
  0.944 2942 Alaska-slab2-v3                                                                  180.1413   50.5169  9.3
  0.944 2943 Alaska-slab2-v3                                                                  180.1410   50.6056 11.0
  0.944 2944 Alaska-slab2-v3                                                                  180.1405   50.6948 12.4
  0.944 2945 Alaska-slab2-v3                                                                  180.1401   50.7839 13.9
  0.944 2946 Alaska-slab2-v3                                                                  180.1393   50.8723 15.8
  0.837 2947 Alaska-slab2-v3                                                                  180.1382   50.9596 18.2
  0.673 2948 Alaska-slab2-v3                                                                  180.1372   51.0460 21.1
  0.482 2949 Alaska-slab2-v3                                                                  180.1364   51.1309 24.4
  0.944 2953 Alaska-slab2-v3                                                                  179.8580   50.4435  7.2
  0.944 2954 Alaska-slab2-v3                                                                  179.8595   50.5313  9.4
  0.944 2955 Alaska-slab2-v3                                                                  179.8612   50.6200 11.2
  0.944 2956 Alaska-slab2-v3                                                                  179.8629   50.7092 12.6
  0.944 2957 Alaska-slab2-v3                                                                  179.8646   50.7983 14.0
  0.944 2958 Alaska-slab2-v3                                                                  179.8659   50.8866 16.0
  0.845 2959 Alaska-slab2-v3                                                                  179.8669   50.9737 18.5
  0.674 2960 Alaska-slab2-v3                                                                  179.8678   51.0595 21.6
  0.944 2965 Alaska-slab2-v3                                                                  179.5742   50.4554  7.3
  0.944 2966 Alaska-slab2-v3                                                                  179.5790   50.5430  9.6
  0.944 2967 Alaska-slab2-v3                                                                  179.5835   50.6316 11.4
  0.944 2968 Alaska-slab2-v3                                                                  179.5878   50.7207 12.8
  0.944 2969 Alaska-slab2-v3                                                                  179.5922   50.8098 14.2
  0.944 2970 Alaska-slab2-v3                                                                  179.5964   50.8983 16.1
  0.863 2971 Alaska-slab2-v3                                                                  179.6002   50.9854 18.6
  0.686 2972 Alaska-slab2-v3                                                                  179.6037   51.0706 21.8
  0.944 2977 Alaska-slab2-v3                                                                  179.2909   50.4705  7.3
  0.944 2978 Alaska-slab2-v3                                                                  179.2990   50.5579  9.7
  0.944 2979 Alaska-slab2-v3                                                                  179.3064   50.6463 11.5
  0.944 2980 Alaska-slab2-v3                                                                  179.3134   50.7354 12.9
  0.944 2981 Alaska-slab2-v3                                                                  179.3204   50.8244 14.3
  0.944 2982 Alaska-slab2-v3                                                                  179.3273   50.9128 16.2
  0.873 2983 Alaska-slab2-v3                                                                  179.3340   50.9997 18.7
  0.695 2984 Alaska-slab2-v3                                                                  179.3400   51.0846 22.0
  0.944 2989 Alaska-slab2-v3                                                                  179.0086   50.4908  7.3
  0.944 2990 Alaska-slab2-v3                                                                  179.0199   50.5780  9.7
  0.944 2991 Alaska-slab2-v3                                                                  179.0302   50.6663 11.6
  0.944 2992 Alaska-slab2-v3                                                                  179.0398   50.7553 13.0
  0.944 2993 Alaska-slab2-v3                                                                  179.0494   50.8442 14.4
  0.876 2994 Alaska-slab2-v3                                                                  179.0591   50.9323 16.4
  0.713 2995 Alaska-slab2-v3                                                                  179.0686   51.0190 19.0
  0.508 2996 Alaska-slab2-v3                                                                  179.0772   51.1038 22.3
  0.944 3001 Alaska-slab2-v3                                                                  178.7273   50.5171  7.4
  0.944 3002 Alaska-slab2-v3                                                                  178.7420   50.6040  9.8
  0.944 3003 Alaska-slab2-v3                                                                  178.7552   50.6922 11.6
  0.944 3004 Alaska-slab2-v3                                                                  178.7674   50.7810 13.0
  0.944 3005 Alaska-slab2-v3                                                                  178.7798   50.8697 14.5
  0.881 3006 Alaska-slab2-v3                                                                  178.7922   50.9575 16.5
  0.716 3007 Alaska-slab2-v3                                                                  178.8044   51.0439 19.3
  0.515 3008 Alaska-slab2-v3                                                                  178.8155   51.1285 22.6
  1.651 3013 Alaska-slab2-v3                                                                  178.4471   50.5488  7.4
  1.651 3014 Alaska-slab2-v3                                                                  178.4654   50.6353  9.8
  1.651 3015 Alaska-slab2-v3                                                                  178.4815   50.7233 11.6
  1.651 3016 Alaska-slab2-v3                                                                  178.4964   50.8120 13.0
  1.651 3017 Alaska-slab2-v3                                                                  178.5114   50.9004 14.6
  1.549 3018 Alaska-slab2-v3                                                                  178.5266   50.9878 16.7
  1.256 3019 Alaska-slab2-v3                                                                  178.5414   51.0738 19.5
  0.907 3020 Alaska-slab2-v3                                                                  178.5549   51.1583 22.9
  2.359 3024 Alaska-slab2-v3                                                                  178.1681   50.5848  7.4
  2.359 3025 Alaska-slab2-v3                                                                  178.1902   50.6710  9.8
  2.359 3026 Alaska-slab2-v3                                                                  178.2094   50.7588 11.6
  2.359 3027 Alaska-slab2-v3                                                                  178.2269   50.8472 13.0
  2.359 3028 Alaska-slab2-v3                                                                  178.2445   50.9354 14.6
  2.220 3029 Alaska-slab2-v3                                                                  178.2624   51.0224 16.9
  1.797 3030 Alaska-slab2-v3                                                                  178.2798   51.1081 19.7
  1.298 3031 Alaska-slab2-v3                                                                  178.2957   51.1922 23.1
  3.067 3035 Alaska-slab2-v3                                                                  177.8902   50.6244  7.3
  3.067 3036 Alaska-slab2-v3                                                                  177.9160   50.7103  9.7
  3.067 3037 Alaska-slab2-v3                                                                  177.9384   50.7977 11.5
  3.067 3038 Alaska-slab2-v3                                                                  177.9585   50.8859 12.9
  3.067 3039 Alaska-slab2-v3                                                                  177.9788   50.9738 14.6
  2.895 3040 Alaska-slab2-v3                                                                  177.9995   51.0605 16.9
  2.338 3041 Alaska-slab2-v3                                                                  178.0197   51.1457 19.8
  1.680 3042 Alaska-slab2-v3                                                                  178.0379   51.2295 23.2
  3.774 3046 Alaska-slab2-v3                                                                  177.6130   50.6669  7.3
  3.774 3047 Alaska-slab2-v3                                                                  177.6429   50.7524  9.6
  3.774 3048 Alaska-slab2-v3                                                                  177.6686   50.8395 11.3
  3.774 3049 Alaska-slab2-v3                                                                  177.6915   50.9274 12.8
  3.774 3050 Alaska-slab2-v3                                                                  177.7145   51.0150 14.5
  3.574 3051 Alaska-slab2-v3                                                                  177.7381   51.1013 16.8
  2.880 3052 Alaska-slab2-v3                                                                  177.7610   51.1862 19.8
  2.063 3053 Alaska-slab2-v3                                                                  177.7817   51.2696 23.2
  3.774 3057 Alaska-slab2-v3                                                                  177.3364   50.7120  7.2
  3.774 3058 Alaska-slab2-v3                                                                  177.3704   50.7972  9.4
  3.774 3059 Alaska-slab2-v3                                                                  177.3997   50.8839 11.2
  3.774 3060 Alaska-slab2-v3                                                                  177.4254   50.9714 12.7
  3.774 3061 Alaska-slab2-v3                                                                  177.4512   51.0587 14.4
  3.583 3062 Alaska-slab2-v3                                                                  177.4776   51.1447 16.7
  2.885 3063 Alaska-slab2-v3                                                                  177.5036   51.2292 19.6
  2.060 3064 Alaska-slab2-v3                                                                  177.5268   51.3124 23.1
  3.774 3068 Alaska-slab2-v3                                                                  177.0605   50.7598  7.1
  3.774 3069 Alaska-slab2-v3                                                                  177.0983   50.8445  9.2
  3.774 3070 Alaska-slab2-v3                                                                  177.1313   50.9307 11.0
  3.774 3071 Alaska-slab2-v3                                                                  177.1599   51.0179 12.5
  3.774 3072 Alaska-slab2-v3                                                                  177.1886   51.1048 14.2
  3.593 3073 Alaska-slab2-v3                                                                  177.2180   51.1905 16.5
  2.887 3074 Alaska-slab2-v3                                                                  177.2470   51.2746 19.4
  2.057 3075 Alaska-slab2-v3                                                                  177.2728   51.3575 22.9
  3.774 3079 Alaska-slab2-v3                                                                  176.7853   50.8099  7.1
  3.774 3080 Alaska-slab2-v3                                                                  176.8266   50.8941  9.1
  3.774 3081 Alaska-slab2-v3                                                                  176.8631   50.9798 10.8
  3.774 3082 Alaska-slab2-v3                                                                  176.8947   51.0666 12.3
  3.774 3083 Alaska-slab2-v3                                                                  176.9263   51.1531 14.0
  3.605 3084 Alaska-slab2-v3                                                                  176.9587   51.2385 16.3
  2.897 3085 Alaska-slab2-v3                                                                  176.9909   51.3222 19.2
  2.053 3086 Alaska-slab2-v3                                                                  177.0194   51.4047 22.7
  3.774 3090 Alaska-slab2-v3                                                                  176.5107   50.8622  7.1
  3.774 3091 Alaska-slab2-v3                                                                  176.5551   50.9460  9.0
  3.774 3092 Alaska-slab2-v3                                                                  176.5947   51.0311 10.8
  3.774 3093 Alaska-slab2-v3                                                                  176.6293   51.1174 12.3
  3.774 3094 Alaska-slab2-v3                                                                  176.6639   51.2036 13.9
  3.622 3095 Alaska-slab2-v3                                                                  176.6995   51.2885 16.1
  2.918 3096 Alaska-slab2-v3                                                                  176.7350   51.3718 19.0
  2.058 3097 Alaska-slab2-v3                                                                  176.7662   51.4537 22.5
  3.774 3102 Alaska-slab2-v3                                                                  176.2368   50.9166  7.0
  3.774 3103 Alaska-slab2-v3                                                                  176.2839   50.9998  9.0
  3.774 3104 Alaska-slab2-v3                                                                  176.3264   51.0844 10.7
  3.774 3105 Alaska-slab2-v3                                                                  176.3640   51.1702 12.3
  3.774 3106 Alaska-slab2-v3                                                                  176.4015   51.2558 14.0
  3.647 3107 Alaska-slab2-v3                                                                  176.4402   51.3404 16.1
  2.956 3108 Alaska-slab2-v3                                                                  176.4791   51.4232 18.9
  2.085 3109 Alaska-slab2-v3                                                                  176.5128   51.5045 22.5
  3.774 3113 Alaska-slab2-v3                                                                  175.9635   50.9730  7.1
  3.774 3114 Alaska-slab2-v3                                                                  176.0134   51.0555  9.0
  3.774 3115 Alaska-slab2-v3                                                                  176.0587   51.1395 10.8
  3.774 3116 Alaska-slab2-v3                                                                  176.0991   51.2247 12.4
  3.774 3117 Alaska-slab2-v3                                                                  176.1396   51.3098 14.1
  3.680 3118 Alaska-slab2-v3                                                                  176.1814   51.3939 16.2
  3.006 3119 Alaska-slab2-v3                                                                  176.2234   51.4761 19.0
  2.131 3120 Alaska-slab2-v3                                                                  176.2596   51.5568 22.7
  3.774 3124 Alaska-slab2-v3                                                                  175.6909   51.0312  7.1
  3.774 3125 Alaska-slab2-v3                                                                  175.7436   51.1130  9.1
  3.774 3126 Alaska-slab2-v3                                                                  175.7917   51.1963 10.9
  3.774 3127 Alaska-slab2-v3                                                                  175.8350   51.2809 12.5
  3.774 3128 Alaska-slab2-v3                                                                  175.8786   51.3654 14.2
  3.712 3129 Alaska-slab2-v3                                                                  175.9236   51.4487 16.4
  3.038 3130 Alaska-slab2-v3                                                                  175.9682   51.5303 19.3
  2.176 3131 Alaska-slab2-v3                                                                  176.0069   51.6103 22.9
  3.774 3135 Alaska-slab2-v3                                                                  175.4189   51.0910  7.1
  3.774 3136 Alaska-slab2-v3                                                                  175.4744   51.1720  9.1
  3.774 3137 Alaska-slab2-v3                                                                  175.5253   51.2547 10.9
  3.774 3138 Alaska-slab2-v3                                                                  175.5718   51.3387 12.6
  3.774 3139 Alaska-slab2-v3                                                                  175.6186   51.4223 14.4
  3.725 3140 Alaska-slab2-v3                                                                  175.6667   51.5047 16.6
  3.047 3141 Alaska-slab2-v3                                                                  175.7139   51.5855 19.6
  2.197 3142 Alaska-slab2-v3                                                                  175.7550   51.6650 23.3
  3.774 3146 Alaska-slab2-v3                                                                  175.1476   51.1524  7.1
  3.774 3147 Alaska-slab2-v3                                                                  175.2060   51.2325  9.2
  3.774 3148 Alaska-slab2-v3                                                                  175.2598   51.3145 11.0
  3.774 3149 Alaska-slab2-v3                                                                  175.3094   51.3978 12.6
  3.774 3150 Alaska-slab2-v3                                                                  175.3593   51.4807 14.5
  3.722 3151 Alaska-slab2-v3                                                                  175.4107   51.5619 16.9
  3.029 3152 Alaska-slab2-v3                                                                  175.4603   51.6419 19.9
  2.185 3153 Alaska-slab2-v3                                                                  175.5040   51.7208 23.7
  3.774 3157 Alaska-slab2-v3                                                                  174.8771   51.2153  7.2
  3.774 3158 Alaska-slab2-v3                                                                  174.9384   51.2945  9.3
  3.774 3159 Alaska-slab2-v3                                                                  174.9951   51.3757 11.1
  3.774 3160 Alaska-slab2-v3                                                                  175.0477   51.4583 12.7
  3.774 3161 Alaska-slab2-v3                                                                  175.1008   51.5404 14.6
  3.703 3162 Alaska-slab2-v3                                                                  175.1555   51.6206 17.1
  2.997 3163 Alaska-slab2-v3                                                                  175.2076   51.6996 20.2
  2.153 3164 Alaska-slab2-v3                                                                  175.2538   51.7779 24.0
  3.774 3168 Alaska-slab2-v3                                                                  174.6074   51.2799  7.2
  3.774 3169 Alaska-slab2-v3                                                                  174.6719   51.3578  9.4
  3.774 3170 Alaska-slab2-v3                                                                  174.7314   51.4382 11.2
  3.774 3171 Alaska-slab2-v3                                                                  174.7868   51.5202 12.8
  3.774 3172 Alaska-slab2-v3                                                                  174.8430   51.6015 14.6
  3.681 3173 Alaska-slab2-v3                                                                  174.9009   51.6807 17.2
  2.960 3174 Alaska-slab2-v3                                                                  174.9558   51.7588 20.4
  2.113 3175 Alaska-slab2-v3                                                                  175.0045   51.8365 24.2
  3.774 3179 Alaska-slab2-v3                                                                  174.3383   51.3460  7.3
  3.774 3180 Alaska-slab2-v3                                                                  174.4062   51.4227  9.6
  3.774 3181 Alaska-slab2-v3                                                                  174.4684   51.5022 11.4
  3.774 3182 Alaska-slab2-v3                                                                  174.5268   51.5835 12.9
  3.774 3183 Alaska-slab2-v3                                                                  174.5859   51.6641 14.7
  3.662 3184 Alaska-slab2-v3                                                                  174.6470   51.7425 17.3
  2.934 3185 Alaska-slab2-v3                                                                  174.7046   51.8197 20.5
  2.085 3186 Alaska-slab2-v3                                                                  174.7558   51.8968 24.3
  3.774 3190 Alaska-slab2-v3                                                                  174.0700   51.4139  7.3
  3.774 3191 Alaska-slab2-v3                                                                  174.1411   51.4893  9.6
  3.774 3192 Alaska-slab2-v3                                                                  174.2062   51.5679 11.5
  3.774 3193 Alaska-slab2-v3                                                                  174.2673   51.6484 13.0
  3.774 3194 Alaska-slab2-v3                                                                  174.3294   51.7283 14.8
  3.643 3195 Alaska-slab2-v3                                                                  174.3935   51.8060 17.2
  2.921 3196 Alaska-slab2-v3                                                                  174.4542   51.8825 20.4
  2.070 3197 Alaska-slab2-v3                                                                  174.5080   51.9590 24.1
  3.774 3201 Alaska-slab2-v3                                                                  173.8023   51.4837  7.3
  3.774 3202 Alaska-slab2-v3                                                                  173.8768   51.5579  9.7
  3.774 3203 Alaska-slab2-v3                                                                  173.9447   51.6355 11.5
  3.774 3204 Alaska-slab2-v3                                                                  174.0086   51.7153 13.0
  3.774 3205 Alaska-slab2-v3                                                                  174.0735   51.7944 14.7
  3.620 3206 Alaska-slab2-v3                                                                  174.1404   51.8715 17.1
  2.915 3207 Alaska-slab2-v3                                                                  174.2045   51.9474 20.1
  2.070 3208 Alaska-slab2-v3                                                                  174.2612   52.0234 23.8
  3.774 3212 Alaska-slab2-v3                                                                  173.5355   51.5558  7.3
  3.774 3213 Alaska-slab2-v3                                                                  173.6131   51.6288  9.6
  3.774 3214 Alaska-slab2-v3                                                                  173.6840   51.7054 11.5
  3.774 3215 Alaska-slab2-v3                                                                  173.7507   51.7844 13.0
  3.774 3216 Alaska-slab2-v3                                                                  173.8182   51.8628 14.6
  3.580 3217 Alaska-slab2-v3                                                                  173.8879   51.9393 16.8
  2.899 3218 Alaska-slab2-v3                                                                  173.9558   52.0146 19.7
  2.069 3219 Alaska-slab2-v3                                                                  174.0157   52.0903 23.2
  3.774 3223 Alaska-slab2-v3                                                                  173.2698   51.6305  7.3
  3.774 3224 Alaska-slab2-v3                                                                  173.3505   51.7024  9.6
  3.774 3225 Alaska-slab2-v3                                                                  173.4244   51.7780 11.4
  3.774 3226 Alaska-slab2-v3                                                                  173.4938   51.8561 12.9
  3.774 3227 Alaska-slab2-v3                                                                  173.5637   51.9338 14.5
  3.516 3228 Alaska-slab2-v3                                                                  173.6359   52.0098 16.6
  2.857 3229 Alaska-slab2-v3                                                                  173.7078   52.0843 19.3
  2.051 3230 Alaska-slab2-v3                                                                  173.7717   52.1595 22.6
  3.774 3234 Alaska-slab2-v3                                                                  173.0059   51.7080  7.2
  3.774 3235 Alaska-slab2-v3                                                                  173.0895   51.7788  9.5
  3.774 3236 Alaska-slab2-v3                                                                  173.1663   51.8534 11.3
  3.774 3237 Alaska-slab2-v3                                                                  173.2383   51.9306 12.8
  3.774 3238 Alaska-slab2-v3                                                                  173.3105   52.0077 14.3
  3.774 3239 Alaska-slab2-v3                                                                  173.3851   52.0831 16.3
  3.445 3240 Alaska-slab2-v3                                                                  173.4610   52.1566 18.8
  2.767 3241 Alaska-slab2-v3                                                                  173.5291   52.2312 21.9
  3.774 3246 Alaska-slab2-v3                                                                  172.7438   51.7888  7.2
  3.774 3247 Alaska-slab2-v3                                                                  172.8302   51.8584  9.4
  3.774 3248 Alaska-slab2-v3                                                                  172.9099   51.9320 11.2
  3.774 3249 Alaska-slab2-v3                                                                  172.9845   52.0084 12.6
  3.774 3250 Alaska-slab2-v3                                                                  173.0592   52.0848 14.1
  3.774 3251 Alaska-slab2-v3                                                                  173.1361   52.1596 15.9
  3.396 3252 Alaska-slab2-v3                                                                  173.2150   52.2323 18.4
  2.731 3253 Alaska-slab2-v3                                                                  173.2872   52.3060 21.3
  1.947 3254 Alaska-slab2-v3                                                                  173.3535   52.3800 24.8
  3.774 3258 Alaska-slab2-v3                                                                  172.4838   51.8731  7.2
  3.774 3259 Alaska-slab2-v3                                                                  172.5730   51.9417  9.3
  3.774 3260 Alaska-slab2-v3                                                                  172.6557   52.0142 11.0
  3.774 3261 Alaska-slab2-v3                                                                  172.7327   52.0898 12.4
  3.774 3262 Alaska-slab2-v3                                                                  172.8100   52.1653 13.8
  3.774 3263 Alaska-slab2-v3                                                                  172.8891   52.2394 15.6
  3.364 3264 Alaska-slab2-v3                                                                  172.9702   52.3115 17.9
  2.706 3265 Alaska-slab2-v3                                                                  173.0462   52.3842 20.8
  1.938 3266 Alaska-slab2-v3                                                                  173.1156   52.4579 24.0
  3.774 3270 Alaska-slab2-v3                                                                  172.2263   51.9610  7.1
  3.774 3271 Alaska-slab2-v3                                                                  172.3179   52.0289  9.1
  3.774 3272 Alaska-slab2-v3                                                                  172.4036   52.1002 10.7
  3.774 3273 Alaska-slab2-v3                                                                  172.4834   52.1748 12.1
  3.774 3274 Alaska-slab2-v3                                                                  172.5631   52.2495 13.5
  3.774 3275 Alaska-slab2-v3                                                                  172.6443   52.3229 15.2
  3.351 3276 Alaska-slab2-v3                                                                  172.7276   52.3943 17.5
  2.693 3277 Alaska-slab2-v3                                                                  172.8074   52.4658 20.3
  1.934 3278 Alaska-slab2-v3                                                                  172.8796   52.5389 23.5
  3.774 3283 Alaska-slab2-v3                                                                  171.9713   52.0523  7.0
  3.774 3284 Alaska-slab2-v3                                                                  172.0646   52.1197  8.9
  3.774 3285 Alaska-slab2-v3                                                                  172.1533   52.1898 10.5
  3.774 3286 Alaska-slab2-v3                                                                  172.2361   52.2632 11.9
  3.774 3287 Alaska-slab2-v3                                                                  172.3183   52.3369 13.2
  3.774 3288 Alaska-slab2-v3                                                                  172.4015   52.4097 14.9
  3.349 3289 Alaska-slab2-v3                                                                  172.4871   52.4803 17.1
  2.690 3290 Alaska-slab2-v3                                                                  172.5705   52.5506 19.8
  1.926 3291 Alaska-slab2-v3                                                                  172.6457   52.6227 23.0
  3.774 3296 Alaska-slab2-v3                                                                  171.7183   52.1464  6.9
  3.774 3297 Alaska-slab2-v3                                                                  171.8132   52.2133  8.7
  3.774 3298 Alaska-slab2-v3                                                                  171.9045   52.2824 10.3
  3.774 3299 Alaska-slab2-v3                                                                  171.9905   52.3544 11.6
  3.774 3300 Alaska-slab2-v3                                                                  172.0751   52.4272 13.0
  3.774 3301 Alaska-slab2-v3                                                                  172.1604   52.4993 14.6
  3.774 3302 Alaska-slab2-v3                                                                  172.2482   52.5693 16.7
  3.346 3303 Alaska-slab2-v3                                                                  172.3355   52.6382 19.3
  2.671 3304 Alaska-slab2-v3                                                                  172.4142   52.7091 22.4
  3.774 3309 Alaska-slab2-v3                                                                  171.4673   52.2427  6.9
  3.774 3310 Alaska-slab2-v3                                                                  171.5637   52.3090  8.6
  3.774 3311 Alaska-slab2-v3                                                                  171.6574   52.3771 10.1
  3.774 3312 Alaska-slab2-v3                                                                  171.7461   52.4480 11.5
  3.774 3313 Alaska-slab2-v3                                                                  171.8331   52.5199 12.9
  3.774 3314 Alaska-slab2-v3                                                                  171.9204   52.5913 14.4
  3.774 3315 Alaska-slab2-v3                                                                  172.0105   52.6608 16.3
  3.358 3316 Alaska-slab2-v3                                                                  172.1019   52.7283 18.7
  2.683 3317 Alaska-slab2-v3                                                                  172.1846   52.7979 21.7
  3.774 3322 Alaska-slab2-v3                                                                  171.2178   52.3409  6.9
  3.774 3323 Alaska-slab2-v3                                                                  171.3160   52.4064  8.6
  3.774 3324 Alaska-slab2-v3                                                                  171.4118   52.4735 10.1
  3.774 3325 Alaska-slab2-v3                                                                  171.5029   52.5434 11.4
  3.774 3326 Alaska-slab2-v3                                                                  171.5921   52.6144 12.7
  3.774 3327 Alaska-slab2-v3                                                                  171.6816   52.6852 14.1
  3.774 3328 Alaska-slab2-v3                                                                  171.7737   52.7542 15.9
  3.343 3329 Alaska-slab2-v3                                                                  171.8682   52.8209 18.0
  2.697 3330 Alaska-slab2-v3                                                                  171.9560   52.8890 20.8
  1.915 3331 Alaska-slab2-v3                                                                  172.0360   52.9587 24.1
  3.774 3335 Alaska-slab2-v3                                                                  170.9693   52.4405  6.9
  3.774 3336 Alaska-slab2-v3                                                                  171.0693   52.5052  8.5
  3.774 3337 Alaska-slab2-v3                                                                  171.1672   52.5714 10.0
  3.774 3338 Alaska-slab2-v3                                                                  171.2605   52.6403 11.4
  3.774 3339 Alaska-slab2-v3                                                                  171.3519   52.7105 12.6
  3.774 3340 Alaska-slab2-v3                                                                  171.4435   52.7805 13.9
  3.755 3341 Alaska-slab2-v3                                                                  171.5373   52.8490 15.5
  3.265 3342 Alaska-slab2-v3                                                                  171.6337   52.9153 17.5
  2.660 3343 Alaska-slab2-v3                                                                  171.7269   52.9819 20.0
  1.928 3344 Alaska-slab2-v3                                                                  171.8119   53.0507 23.0
  3.774 3349 Alaska-slab2-v3                                                                  170.7214   52.5414  6.8
  3.774 3350 Alaska-slab2-v3                                                                  170.8230   52.6053  8.5
  3.774 3351 Alaska-slab2-v3                                                                  170.9229   52.6706 10.0
  3.774 3352 Alaska-slab2-v3                                                                  171.0184   52.7386 11.2
  3.774 3353 Alaska-slab2-v3                                                                  171.1118   52.8079 12.4
  3.774 3354 Alaska-slab2-v3                                                                  171.2054   52.8771 13.7
  3.774 3355 Alaska-slab2-v3                                                                  171.3008   52.9451 15.2
  3.705 3356 Alaska-slab2-v3                                                                  171.3989   53.0108 17.1
  3.199 3357 Alaska-slab2-v3                                                                  171.4965   53.0760 19.3
  2.611 3358 Alaska-slab2-v3                                                                  171.5870   53.1437 22.0
  3.067 3363 Alaska-slab2-v3                                                                  170.4736   52.6431  6.8
  3.067 3364 Alaska-slab2-v3                                                                  170.5766   52.7064  8.4
  3.067 3365 Alaska-slab2-v3                                                                  170.6783   52.7708  9.8
  3.067 3366 Alaska-slab2-v3                                                                  170.7761   52.8378 11.1
  3.067 3367 Alaska-slab2-v3                                                                  170.8716   52.9063 12.2
  3.067 3368 Alaska-slab2-v3                                                                  170.9672   52.9746 13.5
  3.067 3369 Alaska-slab2-v3                                                                  171.0642   53.0419 15.0
  2.880 3370 Alaska-slab2-v3                                                                  171.1639   53.1070 16.8
  2.466 3371 Alaska-slab2-v3                                                                  171.2647   53.1709 19.0
  2.006 3372 Alaska-slab2-v3                                                                  171.3591   53.2375 21.3
  1.462 3373 Alaska-slab2-v3                                                                  171.4477   53.3058 24.1
  2.359 3377 Alaska-slab2-v3                                                                  170.2255   52.7452  6.8
  2.359 3378 Alaska-slab2-v3                                                                  170.3296   52.8082  8.3
  2.359 3379 Alaska-slab2-v3                                                                  170.4332   52.8718  9.7
  2.359 3380 Alaska-slab2-v3                                                                  170.5333   52.9376 10.9
  2.359 3381 Alaska-slab2-v3                                                                  170.6308   53.0051 12.1
  2.359 3382 Alaska-slab2-v3                                                                  170.7285   53.0725 13.4
  2.359 3383 Alaska-slab2-v3                                                                  170.8273   53.1389 14.8
  2.359 3384 Alaska-slab2-v3                                                                  170.9288   53.2033 16.6
  2.147 3385 Alaska-slab2-v3                                                                  171.0319   53.2662 18.7
  1.827 3386 Alaska-slab2-v3                                                                  171.1289   53.3317 21.1
  1.470 3387 Alaska-slab2-v3                                                                  171.2194   53.3998 23.7
  1.651 3392 Alaska-slab2-v3                                                                  169.9768   52.8474  6.7
  1.651 3393 Alaska-slab2-v3                                                                  170.0819   52.9101  8.1
  1.651 3394 Alaska-slab2-v3                                                                  170.1869   52.9731  9.5
  1.651 3395 Alaska-slab2-v3                                                                  170.2892   53.0378 10.8
  1.651 3396 Alaska-slab2-v3                                                                  170.3890   53.1042 12.0
  1.651 3397 Alaska-slab2-v3                                                                  170.4890   53.1704 13.3
  1.651 3398 Alaska-slab2-v3                                                                  170.5899   53.2358 14.8
  1.651 3399 Alaska-slab2-v3                                                                  170.6933   53.2993 16.5
  1.463 3400 Alaska-slab2-v3                                                                  170.7981   53.3614 18.6
  1.231 3401 Alaska-slab2-v3                                                                  170.8972   53.4258 20.9
  0.975 3402 Alaska-slab2-v3                                                                  170.9897   53.4932 23.5
  0.944 3407 Alaska-slab2-v3                                                                  169.7243   52.9548  6.7
  0.944 3408 Alaska-slab2-v3                                                                  169.8281   53.0187  8.0
  0.944 3409 Alaska-slab2-v3                                                                  169.9321   53.0825  9.3
  0.823 3410 Alaska-slab2-v3                                                                  170.0337   53.1478 10.5
  0.699 3411 Alaska-slab2-v3                                                                  170.1322   53.2149 11.7
  0.563 3412 Alaska-slab2-v3                                                                  170.2304   53.2821 13.1
  0.404 3413 Alaska-slab2-v3                                                                  170.3293   53.3486 14.6
  0.214 3414 Alaska-slab2-v3                                                                  170.4308   53.4131 16.5
  0.944 3416 Alaska-slab2-v3                                                                  169.4675   53.0673  6.6
  0.944 3417 Alaska-slab2-v3                                                                  169.5679   53.1334  7.8
  0.944 3418 Alaska-slab2-v3                                                                  169.6686   53.1994  9.0
  0.850 3419 Alaska-slab2-v3                                                                  169.7667   53.2668 10.2
  0.725 3420 Alaska-slab2-v3                                                                  169.8603   53.3365 11.4
  0.587 3421 Alaska-slab2-v3                                                                  169.9523   53.4068 12.8
  0.423 3422 Alaska-slab2-v3                                                                  170.0447   53.4766 14.4
  0.225 3423 Alaska-slab2-v3                                                                  170.1399   53.5444 16.4
  0.944 3425 Alaska-slab2-v3                                                                  169.2101   53.1793  6.6
  0.944 3426 Alaska-slab2-v3                                                                  169.3074   53.2473  7.7
  0.944 3427 Alaska-slab2-v3                                                                  169.4050   53.3152  8.8
  0.858 3428 Alaska-slab2-v3                                                                  169.4998   53.3843 10.0
  0.734 3429 Alaska-slab2-v3                                                                  169.5885   53.4564 11.2
  0.596 3430 Alaska-slab2-v3                                                                  169.6739   53.5297 12.5
  0.430 3431 Alaska-slab2-v3                                                                  169.7594   53.6027 14.1
  0.231 3432 Alaska-slab2-v3                                                                  169.8477   53.6738 16.1
  0.944 3434 Alaska-slab2-v3                                                                  168.9521   53.2912  6.6
  0.944 3435 Alaska-slab2-v3                                                                  169.0464   53.3608  7.6
  0.944 3436 Alaska-slab2-v3                                                                  169.1410   53.4303  8.7
  0.848 3437 Alaska-slab2-v3                                                                  169.2331   53.5010  9.9
  0.725 3438 Alaska-slab2-v3                                                                  169.3171   53.5750 11.0
  0.587 3439 Alaska-slab2-v3                                                                  169.3959   53.6511 12.3
  0.424 3440 Alaska-slab2-v3                                                                  169.4747   53.7269 13.9
  0.228 3441 Alaska-slab2-v3                                                                  169.5560   53.8011 15.7
  0.944 3443 Alaska-slab2-v3                                                                  168.6937   53.4032  6.5
  0.944 3444 Alaska-slab2-v3                                                                  168.7853   53.4742  7.5
  0.944 3445 Alaska-slab2-v3                                                                  168.8772   53.5452  8.6
  0.832 3446 Alaska-slab2-v3                                                                  168.9678   53.6168  9.7
  0.709 3447 Alaska-slab2-v3                                                                  169.0484   53.6922 10.8
  0.571 3448 Alaska-slab2-v3                                                                  169.1204   53.7707 12.1
  0.413 3449 Alaska-slab2-v3                                                                  169.1926   53.8490 13.5
  0.222 3450 Alaska-slab2-v3                                                                  169.2666   53.9261 15.2
  0.944 3452 Alaska-slab2-v3                                                                  168.4354   53.5154  6.5
  0.944 3453 Alaska-slab2-v3                                                                  168.5250   53.5876  7.4
  0.929 3454 Alaska-slab2-v3                                                                  168.6148   53.6597  8.4
  0.815 3455 Alaska-slab2-v3                                                                  168.7047   53.7319  9.4
  0.692 3456 Alaska-slab2-v3                                                                  168.7843   53.8076 10.4
  0.558 3457 Alaska-slab2-v3                                                                  168.8518   53.8876 11.6
  0.404 3458 Alaska-slab2-v3                                                                  168.9174   53.9681 13.0
  0.219 3459 Alaska-slab2-v3                                                                  168.9837   54.0479 14.6
  0.944 3461 Alaska-slab2-v3                                                                  168.1774   53.6281  6.4
  0.944 3462 Alaska-slab2-v3                                                                  168.2654   53.7012  7.3
  0.944 3463 Alaska-slab2-v3                                                                  168.3536   53.7742  8.2
  0.913 3464 Alaska-slab2-v3                                                                  168.4421   53.8471  9.1
  0.810 3465 Alaska-slab2-v3                                                                  168.5235   53.9225 10.1
  0.699 3466 Alaska-slab2-v3                                                                  168.5906   54.0025 11.1
  0.571 3467 Alaska-slab2-v3                                                                  168.6510   54.0846 12.3
  0.416 3468 Alaska-slab2-v3                                                                  168.7115   54.1664 13.7
  0.225 3469 Alaska-slab2-v3                                                                  168.7728   54.2474 15.5
  0.944 3471 Alaska-slab2-v3                                                                  167.9197   53.7416  6.4
  0.944 3472 Alaska-slab2-v3                                                                  168.0058   53.8156  7.3
  0.944 3473 Alaska-slab2-v3                                                                  168.0922   53.8895  8.1
  0.868 3474 Alaska-slab2-v3                                                                  168.1790   53.9633  8.9
  0.769 3475 Alaska-slab2-v3                                                                  168.2618   54.0384  9.8
  0.666 3476 Alaska-slab2-v3                                                                  168.3297   54.1182 10.7
  0.550 3477 Alaska-slab2-v3                                                                  168.3866   54.2014 11.7
  0.408 3478 Alaska-slab2-v3                                                                  168.4436   54.2844 13.0
  0.226 3479 Alaska-slab2-v3                                                                  168.5002   54.3669 14.6
  0.944 3481 Alaska-slab2-v3                                                                  167.6621   53.8559  6.4
  0.944 3482 Alaska-slab2-v3                                                                  167.7460   53.9309  7.3
  0.944 3483 Alaska-slab2-v3                                                                  167.8302   54.0058  8.1
  0.944 3484 Alaska-slab2-v3                                                                  167.9147   54.0806  8.9
  0.863 3485 Alaska-slab2-v3                                                                  167.9964   54.1563  9.8
  0.772 3486 Alaska-slab2-v3                                                                  168.0623   54.2367 10.6
  0.675 3487 Alaska-slab2-v3                                                                  168.1154   54.3209 11.5
  0.557 3488 Alaska-slab2-v3                                                                  168.1686   54.4048 12.7
  0.409 3489 Alaska-slab2-v3                                                                  168.2219   54.4885 14.1
  0.222 3490 Alaska-slab2-v3                                                                  168.2713   54.5723 15.9
  0.944 3492 Alaska-slab2-v3                                                                  167.4045   53.9710  6.4
  0.944 3493 Alaska-slab2-v3                                                                  167.4858   54.0470  7.2
  0.944 3494 Alaska-slab2-v3                                                                  167.5675   54.1229  8.1
  0.919 3495 Alaska-slab2-v3                                                                  167.6494   54.1988  8.9
  0.827 3496 Alaska-slab2-v3                                                                  167.7277   54.2757  9.8
  0.732 3497 Alaska-slab2-v3                                                                  167.7888   54.3573 10.7
  0.629 3498 Alaska-slab2-v3                                                                  167.8365   54.4426 11.6
  0.512 3499 Alaska-slab2-v3                                                                  167.8844   54.5277 12.7
  0.370 3500 Alaska-slab2-v3                                                                  167.9324   54.6126 14.0
  0.199 3501 Alaska-slab2-v3                                                                  167.9794   54.6973 15.6
  0.944 3503 Alaska-slab2-v3                                                                  167.1467   54.0865  6.4
  0.944 3504 Alaska-slab2-v3                                                                  167.2254   54.1636  7.2
  0.944 3505 Alaska-slab2-v3                                                                  167.3044   54.2406  8.1
  0.944 3506 Alaska-slab2-v3                                                                  167.3837   54.3175  8.9
  0.902 3507 Alaska-slab2-v3                                                                  167.4581   54.3956  9.8
  0.811 3508 Alaska-slab2-v3                                                                  167.5138   54.4785 10.7
  0.712 3509 Alaska-slab2-v3                                                                  167.5557   54.5648 11.7
  0.603 3510 Alaska-slab2-v3                                                                  167.5977   54.6510 12.8
  0.479 3511 Alaska-slab2-v3                                                                  167.6398   54.7370 14.0
  0.335 3512 Alaska-slab2-v3                                                                  167.6835   54.8225 15.4
  0.174 3513 Alaska-slab2-v3                                                                  167.7293   54.9074 17.1
  0.944 3515 Alaska-slab2-v3                                                                  166.8888   54.2024  6.4
  0.944 3516 Alaska-slab2-v3                                                                  166.9648   54.2805  7.3
  0.944 3517 Alaska-slab2-v3                                                                  167.0410   54.3585  8.1
  0.944 3518 Alaska-slab2-v3                                                                  167.1176   54.4364  9.0
  0.873 3519 Alaska-slab2-v3                                                                  167.1884   54.5156  9.8
  0.779 3520 Alaska-slab2-v3                                                                  167.2394   54.5995 10.8
  0.680 3521 Alaska-slab2-v3                                                                  167.2765   54.6866 11.7
  0.572 3522 Alaska-slab2-v3                                                                  167.3137   54.7736 12.8
  0.451 3523 Alaska-slab2-v3                                                                  167.3511   54.8604 13.9
  0.315 3524 Alaska-slab2-v3                                                                  167.3907   54.9467 15.2
  0.164 3525 Alaska-slab2-v3                                                                  167.4339   55.0323 16.7
  0.755 3527 Alaska-slab2-v3                                                                  166.6302   54.3186  6.4
  0.755 3528 Alaska-slab2-v3                                                                  166.7030   54.3977  7.3
  0.755 3529 Alaska-slab2-v3                                                                  166.7761   54.4767  8.2
  0.746 3530 Alaska-slab2-v3                                                                  166.8495   54.5557  9.1
  0.673 3531 Alaska-slab2-v3                                                                  166.9145   54.6365  9.9
  0.598 3532 Alaska-slab2-v3                                                                  166.9596   54.7217 10.8
  0.521 3533 Alaska-slab2-v3                                                                  166.9933   54.8092 11.8
  0.437 3534 Alaska-slab2-v3                                                                  167.0272   54.8967 12.8
  0.345 3535 Alaska-slab2-v3                                                                  167.0612   54.9841 13.9
  0.241 3536 Alaska-slab2-v3                                                                  167.0971   55.0711 15.1
  0.125 3537 Alaska-slab2-v3                                                                  167.1367   55.1574 16.5
  0.566 3539 Alaska-slab2-v3                                                                  166.3705   54.4349  6.5
  0.566 3540 Alaska-slab2-v3                                                                  166.4394   54.5152  7.5
  0.566 3541 Alaska-slab2-v3                                                                  166.5086   54.5954  8.4
  0.538 3542 Alaska-slab2-v3                                                                  166.5778   54.6756  9.4
  0.480 3543 Alaska-slab2-v3                                                                  166.6319   54.7588 10.3
  0.424 3544 Alaska-slab2-v3                                                                  166.6665   54.8459 11.2
  0.367 3545 Alaska-slab2-v3                                                                  166.6966   54.9340 12.1
  0.307 3546 Alaska-slab2-v3                                                                  166.7269   55.0220 13.0
  0.241 3547 Alaska-slab2-v3                                                                  166.7572   55.1099 14.0
  0.169 3548 Alaska-slab2-v3                                                                  166.7907   55.1973 15.2
  0.088 3549 Alaska-slab2-v3                                                                  166.8288   55.2839 16.5
  0.377 3551 Alaska-slab2-v3                                                                  166.1096   54.5512  6.6
  0.377 3552 Alaska-slab2-v3                                                                  166.1735   54.6327  7.7
  0.377 3553 Alaska-slab2-v3                                                                  166.2376   54.7142  8.8
  0.343 3554 Alaska-slab2-v3                                                                  166.2954   54.7968  9.9
  0.303 3555 Alaska-slab2-v3                                                                  166.3336   54.8830 10.8
  0.265 3556 Alaska-slab2-v3                                                                  166.3587   54.9715 11.7
  0.228 3557 Alaska-slab2-v3                                                                  166.3840   55.0601 12.6
  0.190 3558 Alaska-slab2-v3                                                                  166.4093   55.1486 13.5
  0.149 3559 Alaska-slab2-v3                                                                  166.4358   55.2369 14.5
  0.103 3560 Alaska-slab2-v3                                                                  166.4681   55.3245 15.6
  0.053 3561 Alaska-slab2-v3                                                                  166.5055   55.4114 16.8
  0.189 3563 Alaska-slab2-v3                                                                  165.8466   54.6675  6.7
  0.189 3564 Alaska-slab2-v3                                                                  165.9035   54.7504  8.1
  0.189 3565 Alaska-slab2-v3                                                                  165.9582   54.8337  9.4
  0.166 3566 Alaska-slab2-v3                                                                  165.9972   54.9195 10.5
  0.146 3567 Alaska-slab2-v3                                                                  166.0196   55.0079 11.5
  0.128 3568 Alaska-slab2-v3                                                                  166.0385   55.0969 12.4
  0.110 3569 Alaska-slab2-v3                                                                  166.0575   55.1860 13.3
  0.092 3570 Alaska-slab2-v3                                                                  166.0767   55.2751 14.2
  0.072 3571 Alaska-slab2-v3                                                                  166.1011   55.3636 15.2
  0.049 3572 Alaska-slab2-v3                                                                  166.1329   55.4512 16.3
  0.025 3573 Alaska-slab2-v3                                                                  166.1671   55.5385 17.5
