  6.317 1453 Alaska-slab2-v3                                                                  206.4544   55.5398  8.0
  6.317 1454 Alaska-slab2-v3                                                                  206.3461   55.6049  9.2
  6.317 1455 Alaska-slab2-v3                                                                  206.2403   55.6716 10.3
  6.317 1456 Alaska-slab2-v3                                                                  206.1377   55.7402 11.2
  6.251 1457 Alaska-slab2-v3                                                                  206.0354   55.8091 12.1
  5.844 1458 Alaska-slab2-v3                                                                  205.9326   55.8780 12.8
  5.431 1459 Alaska-slab2-v3                                                                  205.8296   55.9468 13.6
  4.992 1460 Alaska-slab2-v3                                                                  205.7260   56.0154 14.4
  6.317 1477 Alaska-slab2-v3                                                                  206.0955   55.5043  8.8
  6.317 1478 Alaska-slab2-v3                                                                  205.9916   55.5720  9.8
  6.317 1479 Alaska-slab2-v3                                                                  205.8897   55.6408 10.7
  6.317 1480 Alaska-slab2-v3                                                                  205.7890   55.7103 11.5
  6.022 1481 Alaska-slab2-v3                                                                  205.6879   55.7798 12.3
  5.591 1482 Alaska-slab2-v3                                                                  205.5864   55.8492 13.1
  5.134 1483 Alaska-slab2-v3                                                                  205.4847   55.9185 13.9
  4.634 1484 Alaska-slab2-v3                                                                  205.3819   55.9873 14.9
  6.317 1500 Alaska-slab2-v3                                                                  205.8458   55.4021  8.3
  6.317 1501 Alaska-slab2-v3                                                                  205.7450   55.4712  9.2
  6.317 1502 Alaska-slab2-v3                                                                  205.6444   55.5406 10.1
  6.317 1503 Alaska-slab2-v3                                                                  205.5441   55.6102 10.9
  6.255 1504 Alaska-slab2-v3                                                                  205.4433   55.6797 11.7
  5.793 1505 Alaska-slab2-v3                                                                  205.3421   55.7491 12.6
  5.309 1506 Alaska-slab2-v3                                                                  205.2407   55.8184 13.5
  4.777 1507 Alaska-slab2-v3                                                                  205.1389   55.8874 14.5
  6.317 1524 Alaska-slab2-v3                                                                  205.4988   55.3689  8.7
  6.317 1525 Alaska-slab2-v3                                                                  205.4008   55.4394  9.5
  6.317 1526 Alaska-slab2-v3                                                                  205.3016   55.5095 10.3
  6.317 1527 Alaska-slab2-v3                                                                  205.2007   55.5787 11.2
  6.041 1528 Alaska-slab2-v3                                                                  205.0989   55.6477 12.1
  5.522 1529 Alaska-slab2-v3                                                                  204.9969   55.7165 13.0
  4.948 1530 Alaska-slab2-v3                                                                  204.8945   55.7851 14.1
  6.317 1547 Alaska-slab2-v3                                                                  205.2584   55.2577  8.5
  6.317 1548 Alaska-slab2-v3                                                                  205.1624   55.3289  9.3
  6.317 1549 Alaska-slab2-v3                                                                  205.0641   55.3994 10.1
  6.317 1550 Alaska-slab2-v3                                                                  204.9633   55.4688 11.0
  6.317 1551 Alaska-slab2-v3                                                                  204.8619   55.5377 11.9
  6.092 1552 Alaska-slab2-v3                                                                  204.7602   55.6064 12.9
  5.530 1553 Alaska-slab2-v3                                                                  204.6582   55.6750 14.0
  6.317 1570 Alaska-slab2-v3                                                                  205.0209   55.1392  8.5
  6.317 1571 Alaska-slab2-v3                                                                  204.9251   55.2105  9.3
  6.317 1572 Alaska-slab2-v3                                                                  204.8280   55.2811 10.2
  6.317 1573 Alaska-slab2-v3                                                                  204.7290   55.3509 11.1
  6.317 1574 Alaska-slab2-v3                                                                  204.6291   55.4202 12.2
  5.871 1575 Alaska-slab2-v3                                                                  204.5289   55.4895 13.2
  5.304 1576 Alaska-slab2-v3                                                                  204.4284   55.5586 14.4
  6.317 1593 Alaska-slab2-v3                                                                  204.7814   55.0242  8.6
  6.317 1594 Alaska-slab2-v3                                                                  204.6865   55.0957  9.4
  6.317 1595 Alaska-slab2-v3                                                                  204.5900   55.1664 10.4
  6.317 1596 Alaska-slab2-v3                                                                  204.4918   55.2363 11.4
  6.238 1597 Alaska-slab2-v3                                                                  204.3930   55.3061 12.5
  5.678 1598 Alaska-slab2-v3                                                                  204.2939   55.3757 13.6
  5.118 1599 Alaska-slab2-v3                                                                  204.1944   55.4452 14.6
  6.317 1615 Alaska-slab2-v3                                                                  204.6288   54.8438  8.0
  6.317 1616 Alaska-slab2-v3                                                                  204.5354   54.9157  8.9
  6.317 1617 Alaska-slab2-v3                                                                  204.4412   54.9874  9.8
  6.317 1618 Alaska-slab2-v3                                                                  204.3449   55.0581 10.7
  6.317 1619 Alaska-slab2-v3                                                                  204.2470   55.1280 11.7
  6.073 1620 Alaska-slab2-v3                                                                  204.1487   55.1978 12.8
  5.534 1621 Alaska-slab2-v3                                                                  204.0501   55.2676 13.8
  4.999 1622 Alaska-slab2-v3                                                                  203.9512   55.3373 14.9
  6.317 1638 Alaska-slab2-v3                                                                  204.3707   54.7446  8.3
  6.317 1639 Alaska-slab2-v3                                                                  204.2784   54.8168  9.2
  6.317 1640 Alaska-slab2-v3                                                                  204.1843   54.8883 10.2
  6.317 1641 Alaska-slab2-v3                                                                  204.0877   54.9587 11.1
  6.317 1642 Alaska-slab2-v3                                                                  203.9900   55.0287 12.1
  5.992 1643 Alaska-slab2-v3                                                                  203.8920   55.0987 13.1
  5.493 1644 Alaska-slab2-v3                                                                  203.7936   55.1685 14.0
 11.055 1661 Alaska-slab2-v3                                                                  204.0996   54.6557  8.6
 11.055 1662 Alaska-slab2-v3                                                                  204.0074   54.7278  9.6
 11.055 1663 Alaska-slab2-v3                                                                  203.9128   54.7990 10.6
 11.055 1664 Alaska-slab2-v3                                                                  203.8162   54.8693 11.5
 10.315 1665 Alaska-slab2-v3                                                                  203.7191   54.9396 12.4
  9.461 1666 Alaska-slab2-v3                                                                  203.6216   55.0097 13.3
  8.607 1667 Alaska-slab2-v3                                                                  203.5239   55.0798 14.2
 15.793 1683 Alaska-slab2-v3                                                                  203.8178   54.5758  8.9
 15.793 1684 Alaska-slab2-v3                                                                  203.7246   54.6474 10.0
 15.793 1685 Alaska-slab2-v3                                                                  203.6297   54.7183 10.9
 15.793 1686 Alaska-slab2-v3                                                                  203.5336   54.7888 11.8
 15.193 1687 Alaska-slab2-v3                                                                  203.4371   54.8593 12.7
 14.083 1688 Alaska-slab2-v3                                                                  203.3403   54.9297 13.6
 12.934 1689 Alaska-slab2-v3                                                                  203.2432   55.0001 14.4
 20.531 1705 Alaska-slab2-v3                                                                  203.5301   54.5031  9.1
 20.531 1706 Alaska-slab2-v3                                                                  203.4363   54.5742 10.1
 20.531 1707 Alaska-slab2-v3                                                                  203.3410   54.6449 11.1
 20.428 1708 Alaska-slab2-v3                                                                  203.2450   54.7154 12.0
 18.934 1709 Alaska-slab2-v3                                                                  203.1487   54.7859 12.9
 17.407 1710 Alaska-slab2-v3                                                                  203.0520   54.8563 13.8
 15.776 1711 Alaska-slab2-v3                                                                  202.9552   54.9266 14.7
 25.269 1726 Alaska-slab2-v3                                                                  203.2397   54.4355  9.2
 25.269 1727 Alaska-slab2-v3                                                                  203.1452   54.5063 10.3
 25.269 1728 Alaska-slab2-v3                                                                  203.0494   54.5766 11.2
 24.488 1729 Alaska-slab2-v3                                                                  202.9530   54.6469 12.2
 22.561 1730 Alaska-slab2-v3                                                                  202.8563   54.7171 13.1
 20.485 1731 Alaska-slab2-v3                                                                  202.7593   54.7871 14.0
 25.269 1745 Alaska-slab2-v3                                                                  203.0409   54.3010  8.0
 25.269 1746 Alaska-slab2-v3                                                                  202.9467   54.3715  9.3
 25.269 1747 Alaska-slab2-v3                                                                  202.8513   54.4418 10.4
 25.269 1748 Alaska-slab2-v3                                                                  202.7548   54.5117 11.4
 23.610 1749 Alaska-slab2-v3                                                                  202.6578   54.5816 12.3
 21.472 1750 Alaska-slab2-v3                                                                  202.5605   54.6514 13.3
 19.093 1751 Alaska-slab2-v3                                                                  202.4631   54.7210 14.4
 25.269 1765 Alaska-slab2-v3                                                                  202.7468   54.2407  8.1
 25.269 1766 Alaska-slab2-v3                                                                  202.6515   54.3106  9.4
 25.269 1767 Alaska-slab2-v3                                                                  202.5552   54.3803 10.6
 25.269 1768 Alaska-slab2-v3                                                                  202.4578   54.4497 11.6
 24.663 1769 Alaska-slab2-v3                                                                  202.3600   54.5191 12.6
 22.443 1770 Alaska-slab2-v3                                                                  202.2619   54.5883 13.7
 19.915 1771 Alaska-slab2-v3                                                                  202.1648   54.6578 14.9
 25.269 1784 Alaska-slab2-v3                                                                  202.4519   54.1833  8.1
 25.269 1785 Alaska-slab2-v3                                                                  202.3560   54.2528  9.5
 25.269 1786 Alaska-slab2-v3                                                                  202.2587   54.3219 10.7
 24.721 1787 Alaska-slab2-v3                                                                  202.1601   54.3906 11.8
 22.313 1788 Alaska-slab2-v3                                                                  202.0612   54.4592 12.9
 19.729 1789 Alaska-slab2-v3                                                                  201.9621   54.5277 14.1
 25.269 1803 Alaska-slab2-v3                                                                  202.1571   54.1283  8.2
 25.269 1804 Alaska-slab2-v3                                                                  202.0608   54.1975  9.5
 25.269 1805 Alaska-slab2-v3                                                                  201.9626   54.2661 10.8
 25.131 1806 Alaska-slab2-v3                                                                  201.8628   54.3340 11.9
 22.601 1807 Alaska-slab2-v3                                                                  201.7627   54.4018 13.1
 19.879 1808 Alaska-slab2-v3                                                                  201.6629   54.4697 14.4
 25.269 1821 Alaska-slab2-v3                                                                  201.8617   54.0745  8.2
 25.269 1822 Alaska-slab2-v3                                                                  201.7650   54.1434  9.6
 25.269 1823 Alaska-slab2-v3                                                                  201.6662   54.2115 10.9
 25.269 1824 Alaska-slab2-v3                                                                  201.5657   54.2789 12.1
 23.119 1825 Alaska-slab2-v3                                                                  201.4649   54.3462 13.3
 20.281 1826 Alaska-slab2-v3                                                                  201.3653   54.4140 14.7
 25.269 1839 Alaska-slab2-v3                                                                  201.5647   54.0202  8.3
 25.269 1840 Alaska-slab2-v3                                                                  201.4665   54.0882  9.8
 25.269 1841 Alaska-slab2-v3                                                                  201.3671   54.1560 11.1
 23.822 1842 Alaska-slab2-v3                                                                  201.2668   54.2234 12.3
 21.037 1843 Alaska-slab2-v3                                                                  201.1661   54.2907 13.6
 25.269 1856 Alaska-slab2-v3                                                                  201.2655   53.9641  8.6
 25.269 1857 Alaska-slab2-v3                                                                  201.1650   54.0308 10.1
 25.269 1858 Alaska-slab2-v3                                                                  201.0653   54.0982 11.4
 24.216 1859 Alaska-slab2-v3                                                                  200.9656   54.1659 12.6
 21.462 1860 Alaska-slab2-v3                                                                  200.8656   54.2334 13.9
 25.269 1873 Alaska-slab2-v3                                                                  200.9652   53.9058  8.9
 25.269 1874 Alaska-slab2-v3                                                                  200.8627   53.9709 10.5
 24.018 1875 Alaska-slab2-v3                                                                  200.7636   54.0385 11.9
 21.225 1876 Alaska-slab2-v3                                                                  200.6643   54.1064 13.1
 18.186 1877 Alaska-slab2-v3                                                                  200.5657   54.1744 14.5
 25.269 1890 Alaska-slab2-v3                                                                  200.6664   53.8460  9.2
 25.269 1891 Alaska-slab2-v3                                                                  200.5628   53.9102 11.0
 23.567 1892 Alaska-slab2-v3                                                                  200.4644   53.9780 12.4
 20.817 1893 Alaska-slab2-v3                                                                  200.3654   54.0459 13.6
 25.269 1907 Alaska-slab2-v3                                                                  200.3709   53.7866  9.5
 25.269 1908 Alaska-slab2-v3                                                                  200.2675   53.8503 11.3
 23.123 1909 Alaska-slab2-v3                                                                  200.1695   53.9183 12.7
 20.405 1910 Alaska-slab2-v3                                                                  200.0710   53.9863 14.0
 25.269 1924 Alaska-slab2-v3                                                                  200.0792   53.7284  9.6
 25.269 1925 Alaska-slab2-v3                                                                  199.9768   53.7924 11.5
 22.880 1926 Alaska-slab2-v3                                                                  199.8801   53.8610 12.9
 20.232 1927 Alaska-slab2-v3                                                                  199.7829   53.9297 14.1
 25.269 1941 Alaska-slab2-v3                                                                  199.7909   53.6720  9.6
 25.269 1942 Alaska-slab2-v3                                                                  199.6904   53.7369 11.5
 22.812 1943 Alaska-slab2-v3                                                                  199.5958   53.8066 12.8
 20.237 1944 Alaska-slab2-v3                                                                  199.5008   53.8763 14.0
 25.269 1958 Alaska-slab2-v3                                                                  199.5056   53.6169  9.6
 25.269 1959 Alaska-slab2-v3                                                                  199.4072   53.6831 11.3
 22.826 1960 Alaska-slab2-v3                                                                  199.3153   53.7539 12.6
 20.285 1961 Alaska-slab2-v3                                                                  199.2228   53.8248 13.8
 20.531 1975 Alaska-slab2-v3                                                                  199.2223   53.5625  9.4
 20.531 1976 Alaska-slab2-v3                                                                  199.1261   53.6299 11.1
 20.531 1977 Alaska-slab2-v3                                                                  199.0365   53.7018 12.4
 18.694 1978 Alaska-slab2-v3                                                                  198.9464   53.7737 13.6
 16.619 1979 Alaska-slab2-v3                                                                  198.8576   53.8460 14.8
 15.793 1992 Alaska-slab2-v3                                                                  198.9403   53.5080  9.2
 15.793 1993 Alaska-slab2-v3                                                                  198.8460   53.5765 10.9
 15.793 1994 Alaska-slab2-v3                                                                  198.7579   53.6489 12.2
 14.370 1995 Alaska-slab2-v3                                                                  198.6694   53.7215 13.4
 12.786 1996 Alaska-slab2-v3                                                                  198.5814   53.7941 14.6
 11.055 2008 Alaska-slab2-v3                                                                  198.6587   53.4528  9.0
 11.055 2009 Alaska-slab2-v3                                                                  198.5659   53.5222 10.6
 11.055 2010 Alaska-slab2-v3                                                                  198.4779   53.5946 12.0
 10.086 2011 Alaska-slab2-v3                                                                  198.3898   53.6672 13.2
  8.940 2012 Alaska-slab2-v3                                                                  198.3020   53.7399 14.5
  6.317 2024 Alaska-slab2-v3                                                                  198.3749   53.3958  8.9
  6.317 2025 Alaska-slab2-v3                                                                  198.2830   53.4657 10.6
  6.317 2026 Alaska-slab2-v3                                                                  198.1946   53.5378 11.9
  5.830 2027 Alaska-slab2-v3                                                                  198.1064   53.6102 13.2
  5.134 2028 Alaska-slab2-v3                                                                  198.0189   53.6829 14.6
  6.317 2040 Alaska-slab2-v3                                                                  198.0871   53.3362  9.0
  6.317 2041 Alaska-slab2-v3                                                                  197.9952   53.4060 10.7
  5.950 2042 Alaska-slab2-v3                                                                  197.9073   53.4782 12.1
  5.227 2043 Alaska-slab2-v3                                                                  197.8192   53.5506 13.4
  4.427 2044 Alaska-slab2-v3                                                                  197.7333   53.6236 14.9
  6.317 2056 Alaska-slab2-v3                                                                  197.7964   53.2740  9.4
  6.317 2057 Alaska-slab2-v3                                                                  197.7048   53.3436 11.2
  5.965 2058 Alaska-slab2-v3                                                                  197.6178   53.4162 12.6
  5.272 2059 Alaska-slab2-v3                                                                  197.5304   53.4887 13.9
  6.317 2071 Alaska-slab2-v3                                                                  197.5054   53.2094 10.1
  6.317 2072 Alaska-slab2-v3                                                                  197.4159   53.2794 12.0
  5.840 2073 Alaska-slab2-v3                                                                  197.3297   53.3524 13.3
  5.187 2074 Alaska-slab2-v3                                                                  197.2445   53.4258 14.6
  6.317 2086 Alaska-slab2-v3                                                                  197.2162   53.1421 11.0
  5.650 2087 Alaska-slab2-v3                                                                  197.1304   53.2137 12.9
  5.015 2088 Alaska-slab2-v3                                                                  197.0449   53.2870 14.0
  6.317 2100 Alaska-slab2-v3                                                                  197.0307   53.0183  8.2
  6.317 2101 Alaska-slab2-v3                                                                  196.9324   53.0739 11.7
  5.354 2102 Alaska-slab2-v3                                                                  196.8491   53.1466 13.6
  4.841 2103 Alaska-slab2-v3                                                                  196.7645   53.2206 14.6
  6.317 2115 Alaska-slab2-v3                                                                  196.7498   52.9534  8.5
  6.057 2116 Alaska-slab2-v3                                                                  196.6541   53.0059 12.4
  5.116 2117 Alaska-slab2-v3                                                                  196.5720   53.0791 14.1
  4.750 2118 Alaska-slab2-v3                                                                  196.4889   53.1538 14.8
  6.317 2130 Alaska-slab2-v3                                                                  196.4706   52.8875  8.7
  5.854 2131 Alaska-slab2-v3                                                                  196.3781   52.9384 12.8
  4.960 2132 Alaska-slab2-v3                                                                  196.2978   53.0122 14.5
  4.721 2133 Alaska-slab2-v3                                                                  196.2163   53.0876 14.9
  6.317 2145 Alaska-slab2-v3                                                                  196.1928   52.8211  8.8
  5.766 2146 Alaska-slab2-v3                                                                  196.1029   52.8721 13.0
  4.890 2147 Alaska-slab2-v3                                                                  196.0243   52.9465 14.7
  4.727 2148 Alaska-slab2-v3                                                                  195.9443   53.0225 15.0
