 21.635 0904 Alaska-slab2-v3                                                                  211.9868   57.5137  6.7
 21.635 0905 Alaska-slab2-v3                                                                  211.8526   57.5663  8.1
 21.635 0906 Alaska-slab2-v3                                                                  211.7178   57.6189  9.4
 20.146 0907 Alaska-slab2-v3                                                                  211.5824   57.6714 10.6
 18.000 0908 Alaska-slab2-v3                                                                  211.4462   57.7238 11.5
 16.182 0909 Alaska-slab2-v3                                                                  211.3094   57.7761 12.4
 14.628 0910 Alaska-slab2-v3                                                                  211.1721   57.8283 13.1
 13.226 0911 Alaska-slab2-v3                                                                  211.0343   57.8803 13.7
 11.912 0912 Alaska-slab2-v3                                                                  210.8961   57.9322 14.3
 10.642 0913 Alaska-slab2-v3                                                                  210.7591   57.9852 14.9
  9.328 0914 Alaska-slab2-v3                                                                  210.6275   58.0418 15.5
  7.971 0915 Alaska-slab2-v3                                                                  210.4993   58.1009 16.1
  6.526 0916 Alaska-slab2-v3                                                                  210.3708   58.1598 16.8
  4.993 0917 Alaska-slab2-v3                                                                  210.2419   58.2186 17.5
  3.416 0918 Alaska-slab2-v3                                                                  210.1125   58.2773 18.2
  1.752 0919 Alaska-slab2-v3                                                                  209.9828   58.3358 19.0
 21.635 0937 Alaska-slab2-v3                                                                  211.7476   57.3859  6.7
 21.635 0938 Alaska-slab2-v3                                                                  211.6147   57.4395  7.9
 21.635 0939 Alaska-slab2-v3                                                                  211.4814   57.4929  9.1
 20.229 0940 Alaska-slab2-v3                                                                  211.3469   57.5459 10.2
 18.001 0941 Alaska-slab2-v3                                                                  211.2112   57.5983 11.2
 15.998 0942 Alaska-slab2-v3                                                                  211.0747   57.6504 12.1
 14.198 0943 Alaska-slab2-v3                                                                  210.9378   57.7023 12.9
 12.533 0944 Alaska-slab2-v3                                                                  210.8003   57.7542 13.7
 10.958 0945 Alaska-slab2-v3                                                                  210.6624   57.8059 14.4
  9.451 0946 Alaska-slab2-v3                                                                  210.5277   57.8598 15.0
  7.943 0947 Alaska-slab2-v3                                                                  210.3991   57.9180 15.7
  6.435 0948 Alaska-slab2-v3                                                                  210.2732   57.9782 16.4
  4.905 0949 Alaska-slab2-v3                                                                  210.1468   58.0382 17.0
  3.308 0950 Alaska-slab2-v3                                                                  210.0201   58.0980 17.8
  1.688 0951 Alaska-slab2-v3                                                                  209.8930   58.1578 18.5
 21.635 0970 Alaska-slab2-v3                                                                  211.4967   57.2642  6.6
 21.635 0971 Alaska-slab2-v3                                                                  211.3640   57.3176  7.8
 21.635 0972 Alaska-slab2-v3                                                                  211.2308   57.3710  9.0
 20.630 0973 Alaska-slab2-v3                                                                  211.0969   57.4240 10.1
 18.375 0974 Alaska-slab2-v3                                                                  210.9619   57.4765 11.1
 16.299 0975 Alaska-slab2-v3                                                                  210.8263   57.5288 12.1
 14.379 0976 Alaska-slab2-v3                                                                  210.6901   57.5810 12.9
 12.592 0977 Alaska-slab2-v3                                                                  210.5535   57.6331 13.7
 10.918 0978 Alaska-slab2-v3                                                                  210.4165   57.6851 14.5
  9.310 0979 Alaska-slab2-v3                                                                  210.2846   57.7406 15.2
  7.747 0980 Alaska-slab2-v3                                                                  210.1595   57.8006 15.9
  6.229 0981 Alaska-slab2-v3                                                                  210.0354   57.8616 16.6
  4.689 0982 Alaska-slab2-v3                                                                  209.9110   57.9225 17.3
  3.170 0983 Alaska-slab2-v3                                                                  209.7861   57.9832 18.0
  1.608 0984 Alaska-slab2-v3                                                                  209.6608   58.0438 18.7
 21.635 1002 Alaska-slab2-v3                                                                  211.2352   57.1486  6.7
 21.635 1003 Alaska-slab2-v3                                                                  211.1013   57.2007  7.9
 21.635 1004 Alaska-slab2-v3                                                                  210.9669   57.2526  9.2
 20.377 1005 Alaska-slab2-v3                                                                  210.8334   57.3056 10.3
 18.150 1006 Alaska-slab2-v3                                                                  210.7011   57.3598 11.3
 16.168 1007 Alaska-slab2-v3                                                                  210.5684   57.4139 12.2
 14.342 1008 Alaska-slab2-v3                                                                  210.4353   57.4680 13.0
 12.671 1009 Alaska-slab2-v3                                                                  210.3017   57.5220 13.7
 11.068 1010 Alaska-slab2-v3                                                                  210.1676   57.5759 14.5
  9.509 1011 Alaska-slab2-v3                                                                  210.0377   57.6325 15.2
  7.950 1012 Alaska-slab2-v3                                                                  209.9135   57.6930 15.9
  6.369 1013 Alaska-slab2-v3                                                                  209.7905   57.7543 16.6
  4.788 1014 Alaska-slab2-v3                                                                  209.6671   57.8155 17.3
  3.185 1015 Alaska-slab2-v3                                                                  209.5433   57.8766 18.0
  1.603 1016 Alaska-slab2-v3                                                                  209.4190   57.9376 18.7
 21.635 1034 Alaska-slab2-v3                                                                  210.9648   57.0387  6.8
 21.635 1035 Alaska-slab2-v3                                                                  210.8281   57.0879  8.2
 21.635 1036 Alaska-slab2-v3                                                                  210.6921   57.1379  9.5
 19.644 1037 Alaska-slab2-v3                                                                  210.5617   57.1925 10.6
 17.553 1038 Alaska-slab2-v3                                                                  210.4359   57.2507 11.6
 15.817 1039 Alaska-slab2-v3                                                                  210.3097   57.3090 12.3
 14.327 1040 Alaska-slab2-v3                                                                  210.1830   57.3673 13.0
 12.970 1041 Alaska-slab2-v3                                                                  210.0559   57.4255 13.6
 11.680 1042 Alaska-slab2-v3                                                                  209.9283   57.4835 14.2
 10.345 1043 Alaska-slab2-v3                                                                  209.8016   57.5422 14.8
  8.854 1044 Alaska-slab2-v3                                                                  209.6765   57.6020 15.5
  7.208 1045 Alaska-slab2-v3                                                                  209.5515   57.6619 16.2
  5.428 1046 Alaska-slab2-v3                                                                  209.4259   57.7216 17.0
  3.604 1047 Alaska-slab2-v3                                                                  209.2999   57.7811 17.8
  1.780 1048 Alaska-slab2-v3                                                                  209.1735   57.8405 18.6
 21.635 1065 Alaska-slab2-v3                                                                  210.6874   56.9346  6.8
 21.635 1066 Alaska-slab2-v3                                                                  210.5480   56.9808  8.4
 21.635 1067 Alaska-slab2-v3                                                                  210.4119   57.0299  9.8
 19.133 1068 Alaska-slab2-v3                                                                  210.2868   57.0872 10.9
 17.228 1069 Alaska-slab2-v3                                                                  210.1685   57.1498 11.8
 15.745 1070 Alaska-slab2-v3                                                                  210.0496   57.2125 12.4
 14.593 1071 Alaska-slab2-v3                                                                  209.9302   57.2750 12.9
 13.597 1072 Alaska-slab2-v3                                                                  209.8103   57.3375 13.4
 12.622 1073 Alaska-slab2-v3                                                                  209.6901   57.3999 13.8
 11.515 1074 Alaska-slab2-v3                                                                  209.5694   57.4622 14.3
 10.164 1075 Alaska-slab2-v3                                                                  209.4478   57.5238 14.9
  8.481 1076 Alaska-slab2-v3                                                                  209.3210   57.5823 15.7
  6.488 1077 Alaska-slab2-v3                                                                  209.1897   57.6379 16.6
  4.296 1078 Alaska-slab2-v3                                                                  209.0581   57.6934 17.6
  2.104 1079 Alaska-slab2-v3                                                                  208.9260   57.7487 18.6
 21.635 1095 Alaska-slab2-v3                                                                  210.4074   56.8380  6.8
 21.635 1096 Alaska-slab2-v3                                                                  210.2708   56.8864  8.3
 21.635 1097 Alaska-slab2-v3                                                                  210.1362   56.9367  9.6
 20.006 1098 Alaska-slab2-v3                                                                  210.0128   56.9950 10.7
 18.268 1099 Alaska-slab2-v3                                                                  209.8978   57.0594 11.5
 16.965 1100 Alaska-slab2-v3                                                                  209.7823   57.1238 12.1
 15.944 1101 Alaska-slab2-v3                                                                  209.6663   57.1881 12.6
 15.075 1102 Alaska-slab2-v3                                                                  209.5498   57.2524 13.0
 14.184 1103 Alaska-slab2-v3                                                                  209.4329   57.3166 13.4
 13.120 1104 Alaska-slab2-v3                                                                  209.3157   57.3806 13.9
 11.708 1105 Alaska-slab2-v3                                                                  209.1981   57.4444 14.5
  9.840 1106 Alaska-slab2-v3                                                                  209.0722   57.5028 15.4
  7.516 1107 Alaska-slab2-v3                                                                  208.9368   57.5550 16.5
  4.953 1108 Alaska-slab2-v3                                                                  208.8000   57.6062 17.6
  2.368 1109 Alaska-slab2-v3                                                                  208.6628   57.6573 18.8
 17.578 1124 Alaska-slab2-v3                                                                  210.1278   56.7480  6.7
 17.578 1125 Alaska-slab2-v3                                                                  210.0014   56.8041  8.0
 17.578 1126 Alaska-slab2-v3                                                                  209.8744   56.8602  9.1
 16.930 1127 Alaska-slab2-v3                                                                  209.7519   56.9196 10.1
 15.525 1128 Alaska-slab2-v3                                                                  209.6341   56.9823 10.9
 14.427 1129 Alaska-slab2-v3                                                                  209.5161   57.0452 11.5
 13.490 1130 Alaska-slab2-v3                                                                  209.3976   57.1080 12.0
 12.625 1131 Alaska-slab2-v3                                                                  209.2787   57.1707 12.5
 11.671 1132 Alaska-slab2-v3                                                                  209.1594   57.2333 13.0
 10.500 1133 Alaska-slab2-v3                                                                  209.0398   57.2957 13.7
  9.005 1134 Alaska-slab2-v3                                                                  208.9194   57.3575 14.5
  7.078 1135 Alaska-slab2-v3                                                                  208.7913   57.4141 15.6
  4.773 1136 Alaska-slab2-v3                                                                  208.6549   57.4649 16.9
  2.341 1137 Alaska-slab2-v3                                                                  208.5171   57.5147 18.2
 13.522 1153 Alaska-slab2-v3                                                                  209.8466   56.6594  6.6
 13.522 1154 Alaska-slab2-v3                                                                  209.7304   56.7223  7.6
 13.522 1155 Alaska-slab2-v3                                                                  209.6138   56.7850  8.6
 13.522 1156 Alaska-slab2-v3                                                                  209.4968   56.8478  9.5
 12.427 1157 Alaska-slab2-v3                                                                  209.3777   56.9096 10.4
 11.439 1158 Alaska-slab2-v3                                                                  209.2553   56.9697 11.1
 10.493 1159 Alaska-slab2-v3                                                                  209.1314   57.0291 11.7
  9.546 1160 Alaska-slab2-v3                                                                  209.0072   57.0883 12.4
  8.487 1161 Alaska-slab2-v3                                                                  208.8826   57.1474 13.1
  7.230 1162 Alaska-slab2-v3                                                                  208.7578   57.2063 14.0
  5.705 1163 Alaska-slab2-v3                                                                  208.6310   57.2637 15.1
  3.898 1164 Alaska-slab2-v3                                                                  208.4990   57.3173 16.4
  1.935 1165 Alaska-slab2-v3                                                                  208.3638   57.3687 17.8
  9.465 1181 Alaska-slab2-v3                                                                  209.5620   56.5690  6.5
  9.465 1182 Alaska-slab2-v3                                                                  209.4493   56.6338  7.4
  9.465 1183 Alaska-slab2-v3                                                                  209.3362   56.6985  8.4
  9.465 1184 Alaska-slab2-v3                                                                  209.2227   56.7631  9.3
  8.679 1185 Alaska-slab2-v3                                                                  209.1047   56.8252 10.2
  7.802 1186 Alaska-slab2-v3                                                                  208.9805   56.8838 11.0
  6.925 1187 Alaska-slab2-v3                                                                  208.8540   56.9412 11.9
  5.998 1188 Alaska-slab2-v3                                                                  208.7273   56.9984 12.8
  5.000 1189 Alaska-slab2-v3                                                                  208.6002   57.0555 13.8
  3.881 1190 Alaska-slab2-v3                                                                  208.4722   57.1118 14.9
  2.651 1191 Alaska-slab2-v3                                                                  208.3419   57.1666 16.1
  1.321 1192 Alaska-slab2-v3                                                                  208.2099   57.2201 17.5
  5.409 1208 Alaska-slab2-v3                                                                  209.2769   56.4763  6.5
  5.409 1209 Alaska-slab2-v3                                                                  209.1633   56.5403  7.6
  5.409 1210 Alaska-slab2-v3                                                                  209.0493   56.6043  8.6
  5.409 1211 Alaska-slab2-v3                                                                  208.9339   56.6675  9.7
  4.896 1212 Alaska-slab2-v3                                                                  208.8140   56.7282 10.7
  4.341 1213 Alaska-slab2-v3                                                                  208.6901   56.7867 11.7
  3.776 1214 Alaska-slab2-v3                                                                  208.5650   56.8445 12.7
  3.199 1215 Alaska-slab2-v3                                                                  208.4395   56.9022 13.7
  2.589 1216 Alaska-slab2-v3                                                                  208.3132   56.9594 14.8
  1.952 1217 Alaska-slab2-v3                                                                  208.1854   57.0156 16.0
  1.297 1218 Alaska-slab2-v3                                                                  208.0563   57.0710 17.2
  0.638 1219 Alaska-slab2-v3                                                                  207.9267   57.1262 18.4
  5.409 1235 Alaska-slab2-v3                                                                  208.9945   56.3819  6.7
  5.409 1236 Alaska-slab2-v3                                                                  208.8802   56.4447  8.1
  5.409 1237 Alaska-slab2-v3                                                                  208.7647   56.5072  9.4
  5.033 1238 Alaska-slab2-v3                                                                  208.6463   56.5684 10.6
  4.446 1239 Alaska-slab2-v3                                                                  208.5248   56.6279 11.7
  3.901 1240 Alaska-slab2-v3                                                                  208.4020   56.6869 12.7
  3.374 1241 Alaska-slab2-v3                                                                  208.2787   56.7458 13.7
  2.846 1242 Alaska-slab2-v3                                                                  208.1550   56.8045 14.6
  2.291 1243 Alaska-slab2-v3                                                                  208.0304   56.8627 15.7
  1.719 1244 Alaska-slab2-v3                                                                  207.9047   56.9202 16.7
  1.137 1245 Alaska-slab2-v3                                                                  207.7785   56.9776 17.8
  0.560 1246 Alaska-slab2-v3                                                                  207.6520   57.0348 18.9
  5.409 1261 Alaska-slab2-v3                                                                  208.7142   56.2852  7.0
  5.409 1262 Alaska-slab2-v3                                                                  208.5983   56.3460  8.8
  5.167 1263 Alaska-slab2-v3                                                                  208.4812   56.4069 10.4
  4.479 1264 Alaska-slab2-v3                                                                  208.3622   56.4673 11.7
  3.931 1265 Alaska-slab2-v3                                                                  208.2418   56.5275 12.7
  3.476 1266 Alaska-slab2-v3                                                                  208.1208   56.5876 13.5
  3.058 1267 Alaska-slab2-v3                                                                  207.9993   56.6476 14.3
  2.630 1268 Alaska-slab2-v3                                                                  207.8776   56.7076 15.1
  2.158 1269 Alaska-slab2-v3                                                                  207.7556   56.7674 16.0
  1.643 1270 Alaska-slab2-v3                                                                  207.6333   56.8270 16.9
  1.101 1271 Alaska-slab2-v3                                                                  207.5107   56.8865 17.9
  0.548 1272 Alaska-slab2-v3                                                                  207.3876   56.9458 18.9
  5.409 1286 Alaska-slab2-v3                                                                  208.4356   56.1865  7.2
  5.409 1287 Alaska-slab2-v3                                                                  208.3171   56.2446  9.4
  4.737 1288 Alaska-slab2-v3                                                                  208.2000   56.3048 11.1
  4.050 1289 Alaska-slab2-v3                                                                  208.0836   56.3666 12.4
  3.564 1290 Alaska-slab2-v3                                                                  207.9663   56.4286 13.3
  3.209 1291 Alaska-slab2-v3                                                                  207.8484   56.4905 13.9
  2.904 1292 Alaska-slab2-v3                                                                  207.7301   56.5524 14.5
  2.576 1293 Alaska-slab2-v3                                                                  207.6114   56.6141 15.1
  2.167 1294 Alaska-slab2-v3                                                                  207.4923   56.6756 15.9
  1.681 1295 Alaska-slab2-v3                                                                  207.3729   56.7369 16.7
  1.146 1296 Alaska-slab2-v3                                                                  207.2532   56.7980 17.7
  0.573 1297 Alaska-slab2-v3                                                                  207.1331   56.8590 18.8
  5.409 1311 Alaska-slab2-v3                                                                  208.1595   56.0867  7.3
  5.409 1312 Alaska-slab2-v3                                                                  208.0398   56.1434  9.6
  4.550 1313 Alaska-slab2-v3                                                                  207.9244   56.2042 11.4
  3.856 1314 Alaska-slab2-v3                                                                  207.8116   56.2679 12.6
  3.404 1315 Alaska-slab2-v3                                                                  207.6980   56.3317 13.5
  3.095 1316 Alaska-slab2-v3                                                                  207.5837   56.3957 14.0
  2.853 1317 Alaska-slab2-v3                                                                  207.4690   56.4595 14.5
  2.583 1318 Alaska-slab2-v3                                                                  207.3537   56.5231 14.9
  2.225 1319 Alaska-slab2-v3                                                                  207.2369   56.5859 15.6
  1.757 1320 Alaska-slab2-v3                                                                  207.1192   56.6480 16.5
  1.212 1321 Alaska-slab2-v3                                                                  207.0012   56.7100 17.4
  0.617 1322 Alaska-slab2-v3                                                                  206.8829   56.7717 18.5
  5.409 1335 Alaska-slab2-v3                                                                  207.8868   55.9865  7.2
  5.409 1336 Alaska-slab2-v3                                                                  207.7667   56.0430  9.5
  4.595 1337 Alaska-slab2-v3                                                                  207.6526   56.1043 11.3
  3.906 1338 Alaska-slab2-v3                                                                  207.5425   56.1693 12.5
  3.448 1339 Alaska-slab2-v3                                                                  207.4315   56.2344 13.4
  3.139 1340 Alaska-slab2-v3                                                                  207.3199   56.2996 13.9
  2.902 1341 Alaska-slab2-v3                                                                  207.2079   56.3648 14.4
  2.637 1342 Alaska-slab2-v3                                                                  207.0952   56.4297 14.8
  2.289 1343 Alaska-slab2-v3                                                                  206.9806   56.4935 15.5
  1.826 1344 Alaska-slab2-v3                                                                  206.8642   56.5562 16.3
  1.274 1345 Alaska-slab2-v3                                                                  206.7475   56.6188 17.3
  0.656 1346 Alaska-slab2-v3                                                                  206.6307   56.6812 18.4
  5.409 1359 Alaska-slab2-v3                                                                  207.6171   55.8859  7.2
  5.409 1360 Alaska-slab2-v3                                                                  207.4972   55.9427  9.3
  4.805 1361 Alaska-slab2-v3                                                                  207.3835   56.0042 11.0
  4.127 1362 Alaska-slab2-v3                                                                  207.2747   56.0698 12.2
  3.651 1363 Alaska-slab2-v3                                                                  207.1652   56.1355 13.1
  3.318 1364 Alaska-slab2-v3                                                                  207.0551   56.2013 13.7
  3.039 1365 Alaska-slab2-v3                                                                  206.9445   56.2670 14.2
  2.739 1366 Alaska-slab2-v3                                                                  206.8334   56.3326 14.8
  2.361 1367 Alaska-slab2-v3                                                                  206.7205   56.3971 15.5
  1.875 1368 Alaska-slab2-v3                                                                  206.6060   56.4607 16.4
  1.306 1369 Alaska-slab2-v3                                                                  206.4913   56.5241 17.4
  0.672 1370 Alaska-slab2-v3                                                                  206.3763   56.5873 18.6
  5.409 1383 Alaska-slab2-v3                                                                  207.3500   55.7844  7.0
  5.409 1384 Alaska-slab2-v3                                                                  207.2316   55.8425  9.0
  5.073 1385 Alaska-slab2-v3                                                                  207.1181   55.9043 10.6
  4.408 1386 Alaska-slab2-v3                                                                  207.0097   55.9699 11.9
  3.916 1387 Alaska-slab2-v3                                                                  206.9012   56.0360 12.8
  3.537 1388 Alaska-slab2-v3                                                                  206.7921   56.1021 13.5
  3.202 1389 Alaska-slab2-v3                                                                  206.6826   56.1682 14.1
  2.856 1390 Alaska-slab2-v3                                                                  206.5727   56.2341 14.7
  2.429 1391 Alaska-slab2-v3                                                                  206.4615   56.2993 15.5
  1.915 1392 Alaska-slab2-v3                                                                  206.3492   56.3639 16.5
  1.325 1393 Alaska-slab2-v3                                                                  206.2367   56.4282 17.5
  0.682 1394 Alaska-slab2-v3                                                                  206.1239   56.4924 18.7
  5.409 1406 Alaska-slab2-v3                                                                  207.0854   55.6821  6.9
  5.409 1407 Alaska-slab2-v3                                                                  206.9698   55.7423  8.7
  5.306 1408 Alaska-slab2-v3                                                                  206.8571   55.8047 10.2
  4.656 1409 Alaska-slab2-v3                                                                  206.7489   55.8703 11.4
  4.142 1410 Alaska-slab2-v3                                                                  206.6420   55.9370 12.3
  3.725 1411 Alaska-slab2-v3                                                                  206.5345   56.0037 13.1
  3.346 1412 Alaska-slab2-v3                                                                  206.4266   56.0704 13.8
  2.956 1413 Alaska-slab2-v3                                                                  206.3183   56.1369 14.5
  2.501 1414 Alaska-slab2-v3                                                                  206.2091   56.2030 15.4
  1.965 1415 Alaska-slab2-v3                                                                  206.0989   56.2685 16.4
  1.359 1416 Alaska-slab2-v3                                                                  205.9883   56.3337 17.5
  0.698 1417 Alaska-slab2-v3                                                                  205.8775   56.3987 18.7
  5.409 1429 Alaska-slab2-v3                                                                  206.8228   55.5788  6.8
  5.409 1430 Alaska-slab2-v3                                                                  206.7109   55.6415  8.3
  5.409 1431 Alaska-slab2-v3                                                                  206.5997   55.7049  9.7
  4.830 1432 Alaska-slab2-v3                                                                  206.4925   55.7709 10.9
  4.306 1433 Alaska-slab2-v3                                                                  206.3880   55.8387 11.8
  3.859 1434 Alaska-slab2-v3                                                                  206.2831   55.9065 12.6
  3.451 1435 Alaska-slab2-v3                                                                  206.1777   55.9743 13.4
  3.032 1436 Alaska-slab2-v3                                                                  206.0720   56.0420 14.1
  2.569 1437 Alaska-slab2-v3                                                                  205.9655   56.1092 15.0
  2.029 1438 Alaska-slab2-v3                                                                  205.8575   56.1757 15.9
  1.411 1439 Alaska-slab2-v3                                                                  205.7485   56.2416 17.1
  0.733 1440 Alaska-slab2-v3                                                                  205.6392   56.3072 18.3
