 26.154 2160 Alaska-slab2-v3                                                                  195.9164   52.7538  8.8
 18.180 2161 Alaska-slab2-v3                                                                  195.8277   52.8066 13.0
 13.819 2162 Alaska-slab2-v3                                                                  195.7503   52.8815 14.6
 12.952 2163 Alaska-slab2-v3                                                                  195.6716   52.9580 15.0
 10.772 2164 Alaska-slab2-v3                                                                  195.5985   53.0359 15.8
  5.911 2165 Alaska-slab2-v3                                                                  195.5310   53.1146 17.7
 26.154 2175 Alaska-slab2-v3                                                                  195.6419   52.6846  8.7
 22.081 2176 Alaska-slab2-v3                                                                  195.5535   52.7408 12.7
 18.008 2177 Alaska-slab2-v3                                                                  195.4769   52.8160 14.4
 16.745 2178 Alaska-slab2-v3                                                                  195.3993   52.8928 14.9
 14.506 2179 Alaska-slab2-v3                                                                  195.3277   52.9711 15.9
 10.147 2180 Alaska-slab2-v3                                                                  195.2615   53.0502 17.7
  4.954 2181 Alaska-slab2-v3                                                                  195.1957   53.1287 19.9
 26.154 2190 Alaska-slab2-v3                                                                  195.3701   52.6129  8.4
 22.994 2191 Alaska-slab2-v3                                                                  195.2821   52.6730 12.2
 18.645 2192 Alaska-slab2-v3                                                                  195.2065   52.7485 14.0
 16.747 2193 Alaska-slab2-v3                                                                  195.1300   52.8254 14.8
 14.152 2194 Alaska-slab2-v3                                                                  195.0595   52.9040 15.9
  9.851 2195 Alaska-slab2-v3                                                                  194.9946   52.9835 17.7
  4.854 2196 Alaska-slab2-v3                                                                  194.9299   53.0626 19.8
 26.154 2205 Alaska-slab2-v3                                                                  195.1009   52.5389  8.2
 23.962 2206 Alaska-slab2-v3                                                                  195.0141   52.6025 11.6
 19.335 2207 Alaska-slab2-v3                                                                  194.9402   52.6785 13.5
 16.876 2208 Alaska-slab2-v3                                                                  194.8651   52.7557 14.6
 14.002 2209 Alaska-slab2-v3                                                                  194.7952   52.8344 15.7
  9.765 2210 Alaska-slab2-v3                                                                  194.7309   52.9142 17.5
  4.846 2211 Alaska-slab2-v3                                                                  194.6671   52.9936 19.5
 45.769 2220 Alaska-slab2-v3                                                                  194.8340   52.4634  7.9
 43.256 2221 Alaska-slab2-v3                                                                  194.7491   52.5299 11.1
 34.891 2222 Alaska-slab2-v3                                                                  194.6767   52.6063 13.1
 29.906 2223 Alaska-slab2-v3                                                                  194.6038   52.6841 14.2
 24.748 2224 Alaska-slab2-v3                                                                  194.5343   52.7630 15.4
 17.467 2225 Alaska-slab2-v3                                                                  194.4699   52.8428 17.1
  8.798 2226 Alaska-slab2-v3                                                                  194.4069   52.9224 19.1
 65.385 2235 Alaska-slab2-v3                                                                  194.5680   52.3876  7.8
 62.765 2236 Alaska-slab2-v3                                                                  194.4852   52.4562 10.8
 50.704 2237 Alaska-slab2-v3                                                                  194.4138   52.5328 12.7
 43.190 2238 Alaska-slab2-v3                                                                  194.3434   52.6114 13.9
 35.865 2239 Alaska-slab2-v3                                                                  194.2746   52.6905 15.0
 25.762 2240 Alaska-slab2-v3                                                                  194.2100   52.7703 16.6
 13.260 2241 Alaska-slab2-v3                                                                  194.1478   52.8502 18.6
 85.000 2250 Alaska-slab2-v3                                                                  194.3010   52.3122  7.7
 81.821 2251 Alaska-slab2-v3                                                                  194.2199   52.3821 10.5
 66.009 2252 Alaska-slab2-v3                                                                  194.1497   52.4592 12.4
 55.970 2253 Alaska-slab2-v3                                                                  194.0814   52.5384 13.6
 46.767 2254 Alaska-slab2-v3                                                                  194.0136   52.6179 14.7
 34.301 2255 Alaska-slab2-v3                                                                  193.9493   52.6979 16.2
 17.987 2256 Alaska-slab2-v3                                                                  193.8879   52.7780 18.2
104.616 2265 Alaska-slab2-v3                                                                  194.0320   52.2386  7.6
100.340 2266 Alaska-slab2-v3                                                                  193.9525   52.3094 10.4
 80.731 2267 Alaska-slab2-v3                                                                  193.8835   52.3869 12.3
 68.423 2268 Alaska-slab2-v3                                                                  193.8169   52.4665 13.5
 57.471 2269 Alaska-slab2-v3                                                                  193.7501   52.5464 14.6
 42.660 2270 Alaska-slab2-v3                                                                  193.6866   52.6267 16.0
 22.842 2271 Alaska-slab2-v3                                                                  193.6262   52.7072 17.9
104.616 2279 Alaska-slab2-v3                                                                  193.7606   52.1681  7.6
 99.799 2280 Alaska-slab2-v3                                                                  193.6826   52.2395 10.4
 80.216 2281 Alaska-slab2-v3                                                                  193.6149   52.3174 12.3
 68.068 2282 Alaska-slab2-v3                                                                  193.5495   52.3974 13.5
 57.387 2283 Alaska-slab2-v3                                                                  193.4838   52.4776 14.5
 42.935 2284 Alaska-slab2-v3                                                                  193.4213   52.5583 15.9
 23.143 2285 Alaska-slab2-v3                                                                  193.3621   52.6391 17.8
104.616 2293 Alaska-slab2-v3                                                                  193.4869   52.1014  7.7
 99.500 2294 Alaska-slab2-v3                                                                  193.4102   52.1732 10.5
 79.871 2295 Alaska-slab2-v3                                                                  193.3439   52.2515 12.4
 67.865 2296 Alaska-slab2-v3                                                                  193.2795   52.3318 13.5
 57.424 2297 Alaska-slab2-v3                                                                  193.2149   52.4124 14.5
 42.911 2298 Alaska-slab2-v3                                                                  193.1537   52.4933 15.9
 23.074 2299 Alaska-slab2-v3                                                                  193.0957   52.5744 17.8
104.616 2307 Alaska-slab2-v3                                                                  193.2114   52.0382  7.7
 99.585 2308 Alaska-slab2-v3                                                                  193.1360   52.1104 10.6
 80.083 2309 Alaska-slab2-v3                                                                  193.0709   52.1890 12.4
 68.257 2310 Alaska-slab2-v3                                                                  193.0074   52.2696 13.6
 57.572 2311 Alaska-slab2-v3                                                                  192.9440   52.3504 14.6
 42.842 2312 Alaska-slab2-v3                                                                  192.8841   52.4317 16.0
 22.822 2313 Alaska-slab2-v3                                                                  192.8274   52.5130 18.0
104.616 2321 Alaska-slab2-v3                                                                  192.9351   51.9779  7.7
100.539 2322 Alaska-slab2-v3                                                                  192.8611   52.0507 10.5
 81.133 2323 Alaska-slab2-v3                                                                  192.7969   52.1296 12.4
 69.159 2324 Alaska-slab2-v3                                                                  192.7344   52.2105 13.6
 58.114 2325 Alaska-slab2-v3                                                                  192.6722   52.2915 14.6
 42.837 2326 Alaska-slab2-v3                                                                  192.6135   52.3730 16.1
 22.502 2327 Alaska-slab2-v3                                                                  192.5579   52.4546 18.1
104.616 2335 Alaska-slab2-v3                                                                  192.6588   51.9199  7.6
102.342 2336 Alaska-slab2-v3                                                                  192.5868   51.9938 10.3
 83.217 2337 Alaska-slab2-v3                                                                  192.5234   52.0730 12.2
 70.812 2338 Alaska-slab2-v3                                                                  192.4622   52.1542 13.4
 59.337 2339 Alaska-slab2-v3                                                                  192.4010   52.2355 14.5
 43.624 2340 Alaska-slab2-v3                                                                  192.3430   52.3171 16.0
 22.949 2341 Alaska-slab2-v3                                                                  192.2883   52.3988 18.0
104.616 2349 Alaska-slab2-v3                                                                  192.3835   51.8632  7.4
104.616 2350 Alaska-slab2-v3                                                                  192.3141   51.9389 10.0
 85.852 2351 Alaska-slab2-v3                                                                  192.2517   52.0185 11.8
 72.959 2352 Alaska-slab2-v3                                                                  192.1922   52.1001 13.0
 61.008 2353 Alaska-slab2-v3                                                                  192.1325   52.1817 14.1
 45.180 2354 Alaska-slab2-v3                                                                  192.0749   52.2635 15.6
 24.110 2355 Alaska-slab2-v3                                                                  192.0201   52.3451 17.7
104.616 2363 Alaska-slab2-v3                                                                  192.1090   51.8066  7.2
104.616 2364 Alaska-slab2-v3                                                                  192.0433   51.8843  9.5
102.278 2365 Alaska-slab2-v3                                                                  191.9823   51.9645 11.2
 90.066 2366 Alaska-slab2-v3                                                                  191.9245   52.0465 12.5
 78.903 2367 Alaska-slab2-v3                                                                  191.8665   52.1286 13.7
 65.164 2368 Alaska-slab2-v3                                                                  191.8094   52.2105 15.1
 46.750 2369 Alaska-slab2-v3                                                                  191.7544   52.2923 17.0
 24.520 2370 Alaska-slab2-v3                                                                  191.7002   52.3734 19.4
 85.000 2377 Alaska-slab2-v3                                                                  191.8351   51.7486  7.1
 85.000 2378 Alaska-slab2-v3                                                                  191.7736   51.8283  9.0
 84.960 2379 Alaska-slab2-v3                                                                  191.7145   51.9093 10.6
 74.410 2380 Alaska-slab2-v3                                                                  191.6577   51.9915 12.0
 64.739 2381 Alaska-slab2-v3                                                                  191.6008   52.0738 13.2
 53.630 2382 Alaska-slab2-v3                                                                  191.5442   52.1559 14.6
 39.403 2383 Alaska-slab2-v3                                                                  191.4894   52.2379 16.3
 21.420 2384 Alaska-slab2-v3                                                                  191.4364   52.3195 18.6
 65.385 2391 Alaska-slab2-v3                                                                  191.5618   51.6883  6.9
 65.385 2392 Alaska-slab2-v3                                                                  191.5042   51.7695  8.6
 65.385 2393 Alaska-slab2-v3                                                                  191.4470   51.8512 10.1
 57.831 2394 Alaska-slab2-v3                                                                  191.3907   51.9335 11.5
 49.705 2395 Alaska-slab2-v3                                                                  191.3344   52.0158 12.8
 40.945 2396 Alaska-slab2-v3                                                                  191.2780   52.0980 14.1
 30.344 2397 Alaska-slab2-v3                                                                  191.2237   52.1804 15.8
 16.949 2398 Alaska-slab2-v3                                                                  191.1719   52.2625 17.9
 45.769 2404 Alaska-slab2-v3                                                                  191.2896   51.6250  6.8
 45.769 2405 Alaska-slab2-v3                                                                  191.2343   51.7071  8.3
 45.769 2406 Alaska-slab2-v3                                                                  191.1788   51.7894  9.8
 41.172 2407 Alaska-slab2-v3                                                                  191.1231   51.8718 11.1
 35.193 2408 Alaska-slab2-v3                                                                  191.0673   51.9542 12.4
 28.716 2409 Alaska-slab2-v3                                                                  191.0114   52.0365 13.9
 21.198 2410 Alaska-slab2-v3                                                                  190.9577   52.1189 15.5
 11.867 2411 Alaska-slab2-v3                                                                  190.9069   52.2013 17.6
 26.154 2417 Alaska-slab2-v3                                                                  191.0187   51.5590  6.7
 26.154 2418 Alaska-slab2-v3                                                                  190.9645   51.6415  8.2
 26.154 2419 Alaska-slab2-v3                                                                  190.9099   51.7241  9.6
 24.090 2420 Alaska-slab2-v3                                                                  190.8552   51.8068 10.9
 20.638 2421 Alaska-slab2-v3                                                                  190.8003   51.8894 12.2
 16.848 2422 Alaska-slab2-v3                                                                  190.7453   51.9718 13.7
 12.357 2423 Alaska-slab2-v3                                                                  190.6924   52.0543 15.4
  6.853 2424 Alaska-slab2-v3                                                                  190.6429   52.1369 17.5
 26.154 2430 Alaska-slab2-v3                                                                  190.7489   51.4914  6.7
 26.154 2431 Alaska-slab2-v3                                                                  190.6952   51.5741  8.1
 26.154 2432 Alaska-slab2-v3                                                                  190.6413   51.6569  9.5
 24.553 2433 Alaska-slab2-v3                                                                  190.5875   51.7398 10.8
 21.171 2434 Alaska-slab2-v3                                                                  190.5337   51.8227 12.1
 17.376 2435 Alaska-slab2-v3                                                                  190.4798   51.9054 13.5
 12.728 2436 Alaska-slab2-v3                                                                  190.4282   51.9881 15.3
  6.971 2437 Alaska-slab2-v3                                                                  190.3804   52.0708 17.6
 26.154 2443 Alaska-slab2-v3                                                                  190.4797   51.4236  6.7
 26.154 2444 Alaska-slab2-v3                                                                  190.4265   51.5064  8.1
 26.154 2445 Alaska-slab2-v3                                                                  190.3732   51.5893  9.5
 24.653 2446 Alaska-slab2-v3                                                                  190.3203   51.6724 10.8
 21.344 2447 Alaska-slab2-v3                                                                  190.2676   51.7556 12.1
 17.573 2448 Alaska-slab2-v3                                                                  190.2149   51.8385 13.5
 12.904 2449 Alaska-slab2-v3                                                                  190.1648   51.9215 15.4
  7.055 2450 Alaska-slab2-v3                                                                  190.1187   52.0044 17.6
 26.154 2456 Alaska-slab2-v3                                                                  190.2103   51.3567  6.8
 26.154 2457 Alaska-slab2-v3                                                                  190.1579   51.4396  8.2
 26.154 2458 Alaska-slab2-v3                                                                  190.1055   51.5226  9.6
 24.436 2459 Alaska-slab2-v3                                                                  190.0536   51.6059 10.9
 21.127 2460 Alaska-slab2-v3                                                                  190.0020   51.6893 12.2
 17.411 2461 Alaska-slab2-v3                                                                  189.9504   51.7725 13.7
 12.778 2462 Alaska-slab2-v3                                                                  189.9018   51.8558 15.5
  7.025 2463 Alaska-slab2-v3                                                                  189.8574   51.9391 17.8
