 63.712 2479 Alaska-slab2-v3                                                                  189.4593   52.1155 28.2
 62.361 2492 Alaska-slab2-v3                                                                  189.2020   52.0562 28.9
 60.481 2505 Alaska-slab2-v3                                                                  188.9444   52.0005 30.0
 56.228 2530 Alaska-slab2-v3                                                                  188.4677   51.8201 28.5
 53.589 2543 Alaska-slab2-v3                                                                  188.2057   51.7729 29.5
 52.099 2555 Alaska-slab2-v3                                                                  187.9420   51.7281 30.1
 51.879 2567 Alaska-slab2-v3                                                                  187.6772   51.6860 30.5
 52.683 2579 Alaska-slab2-v3                                                                  187.4119   51.6459 30.7
 53.290 2591 Alaska-slab2-v3                                                                  187.1467   51.6067 30.9
 53.020 2603 Alaska-slab2-v3                                                                  186.8821   51.5678 30.8
 52.638 2615 Alaska-slab2-v3                                                                  186.6188   51.5299 30.1
 53.619 2627 Alaska-slab2-v3                                                                  186.3589   51.4940 28.9
 51.165 2641 Alaska-slab2-v3                                                                  186.0702   51.5418 30.9
 54.896 2654 Alaska-slab2-v3                                                                  185.8171   51.5119 28.8
 55.390 2668 Alaska-slab2-v3                                                                  185.5297   51.5645 30.6
 56.213 2682 Alaska-slab2-v3                                                                  185.2705   51.5377 28.9
 57.973 2727 Alaska-slab2-v3                                                                  184.4439   51.5407 30.5
 57.676 2742 Alaska-slab2-v3                                                                  184.1751   51.5155 30.4
 57.593 2757 Alaska-slab2-v3                                                                  183.9058   51.4915 30.5
 55.262 2816 Alaska-slab2-v3                                                                  182.8429   51.3366 28.2
 56.038 2831 Alaska-slab2-v3                                                                  182.5711   51.3262 28.6
 56.826 2845 Alaska-slab2-v3                                                                  182.2992   51.3193 28.9
 57.628 2859 Alaska-slab2-v3                                                                  182.0271   51.3159 29.3
 58.687 2873 Alaska-slab2-v3                                                                  181.7548   51.3158 29.9
 60.640 2913 Alaska-slab2-v3                                                                  180.9469   51.2527 29.2
 62.530 2950 Alaska-slab2-v3                                                                  180.1355   51.2137 28.3
 63.017 2962 Alaska-slab2-v3                                                                  179.8700   51.2268 29.0
 64.150 2974 Alaska-slab2-v3                                                                  179.6105   51.2369 29.5
 64.594 2986 Alaska-slab2-v3                                                                  179.3516   51.2497 30.0
281.625 3154 Alaska-slab2-v3                                                                  175.5472   51.7963 28.2
278.428 3165 Alaska-slab2-v3                                                                  175.2999   51.8530 28.5
275.190 3176 Alaska-slab2-v3                                                                  175.0535   51.9114 28.6
272.631 3187 Alaska-slab2-v3                                                                  174.8078   51.9715 28.6
270.884 3198 Alaska-slab2-v3                                                                  174.5626   52.0333 28.4
251.196 3243 Alaska-slab2-v3                                                                  173.6587   52.3759 29.9
251.069 3255 Alaska-slab2-v3                                                                  173.4221   52.4508 28.8
246.511 3306 Alaska-slab2-v3                                                                  172.5689   52.8464 30.0
247.486 3319 Alaska-slab2-v3                                                                  172.3427   52.9348 29.1
