  4.068 2164 Alaska-slab2-v3                                                                  195.5985   53.0359 15.8
  2.232 2165 Alaska-slab2-v3                                                                  195.5310   53.1146 17.7
  5.478 2179 Alaska-slab2-v3                                                                  195.3277   52.9711 15.9
  3.832 2180 Alaska-slab2-v3                                                                  195.2615   53.0502 17.7
  1.871 2181 Alaska-slab2-v3                                                                  195.1957   53.1287 19.9
  5.345 2194 Alaska-slab2-v3                                                                  195.0595   52.9040 15.9
  3.720 2195 Alaska-slab2-v3                                                                  194.9946   52.9835 17.7
  1.833 2196 Alaska-slab2-v3                                                                  194.9299   53.0626 19.8
  5.288 2209 Alaska-slab2-v3                                                                  194.7952   52.8344 15.7
  3.688 2210 Alaska-slab2-v3                                                                  194.7309   52.9142 17.5
  1.830 2211 Alaska-slab2-v3                                                                  194.6671   52.9936 19.5
  5.341 2224 Alaska-slab2-v3                                                                  194.5343   52.7630 15.4
  3.769 2225 Alaska-slab2-v3                                                                  194.4699   52.8428 17.1
  1.899 2226 Alaska-slab2-v3                                                                  194.4069   52.9224 19.1
  5.418 2239 Alaska-slab2-v3                                                                  194.2746   52.6905 15.0
  3.892 2240 Alaska-slab2-v3                                                                  194.2100   52.7703 16.6
  2.003 2241 Alaska-slab2-v3                                                                  194.1478   52.8502 18.6
  3.986 2255 Alaska-slab2-v3                                                                  193.9493   52.6979 16.2
  2.090 2256 Alaska-slab2-v3                                                                  193.8879   52.7780 18.2
  4.028 2270 Alaska-slab2-v3                                                                  193.6866   52.6267 16.0
  2.157 2271 Alaska-slab2-v3                                                                  193.6262   52.7072 17.9
  3.294 2284 Alaska-slab2-v3                                                                  193.4213   52.5583 15.9
  1.775 2285 Alaska-slab2-v3                                                                  193.3621   52.6391 17.8
  2.532 2298 Alaska-slab2-v3                                                                  193.1537   52.4933 15.9
  1.362 2299 Alaska-slab2-v3                                                                  193.0957   52.5744 17.8
  1.770 2312 Alaska-slab2-v3                                                                  192.8841   52.4317 16.0
  0.943 2313 Alaska-slab2-v3                                                                  192.8274   52.5130 18.0
  1.011 2326 Alaska-slab2-v3                                                                  192.6135   52.3730 16.1
  0.531 2327 Alaska-slab2-v3                                                                  192.5579   52.4546 18.1
  1.030 2340 Alaska-slab2-v3                                                                  192.3430   52.3171 16.0
  0.542 2341 Alaska-slab2-v3                                                                  192.2883   52.3988 18.0
  1.066 2354 Alaska-slab2-v3                                                                  192.0749   52.2635 15.6
  0.569 2355 Alaska-slab2-v3                                                                  192.0201   52.3451 17.7
  1.538 2368 Alaska-slab2-v3                                                                  191.8094   52.2105 15.1
  1.103 2369 Alaska-slab2-v3                                                                  191.7544   52.2923 17.0
  0.579 2370 Alaska-slab2-v3                                                                  191.7002   52.3734 19.4
  1.145 2383 Alaska-slab2-v3                                                                  191.4894   52.2379 16.3
  0.622 2384 Alaska-slab2-v3                                                                  191.4364   52.3195 18.6
  1.146 2397 Alaska-slab2-v3                                                                  191.2237   52.1804 15.8
  0.640 2398 Alaska-slab2-v3                                                                  191.1719   52.2625 17.9
  1.144 2410 Alaska-slab2-v3                                                                  190.9577   52.1189 15.5
  0.640 2411 Alaska-slab2-v3                                                                  190.9069   52.2013 17.6
  1.167 2423 Alaska-slab2-v3                                                                  190.6924   52.0543 15.4
  0.647 2424 Alaska-slab2-v3                                                                  190.6429   52.1369 17.5
  1.202 2436 Alaska-slab2-v3                                                                  190.4282   51.9881 15.3
  0.658 2437 Alaska-slab2-v3                                                                  190.3804   52.0708 17.6
  1.218 2449 Alaska-slab2-v3                                                                  190.1648   51.9215 15.4
  0.666 2450 Alaska-slab2-v3                                                                  190.1187   52.0044 17.6
  1.206 2462 Alaska-slab2-v3                                                                  189.9018   51.8558 15.5
  0.663 2463 Alaska-slab2-v3                                                                  189.8574   51.9391 17.8
