 41.864 0231 Alaska-slab2-v3                                                                  216.3398   60.3457  8.9
 36.620 0232 Alaska-slab2-v3                                                                  216.2532   60.4228 10.7
 31.068 0233 Alaska-slab2-v3                                                                  216.1527   60.4968 11.9
 27.146 0234 Alaska-slab2-v3                                                                  216.0465   60.5698 12.8
 24.017 0235 Alaska-slab2-v3                                                                  215.9396   60.6428 13.6
 20.756 0236 Alaska-slab2-v3                                                                  215.8326   60.7157 14.3
 38.783 0255 Alaska-slab2-v3                                                                  216.0024   60.2336 10.4
 31.026 0256 Alaska-slab2-v3                                                                  215.9029   60.3067 12.2
 26.114 0257 Alaska-slab2-v3                                                                  215.7964   60.3790 13.4
 23.097 0258 Alaska-slab2-v3                                                                  215.6890   60.4516 14.1
 20.986 0259 Alaska-slab2-v3                                                                  215.5810   60.5242 14.6
 41.864 0281 Alaska-slab2-v3                                                                  215.7667   60.0238  8.5
 37.733 0282 Alaska-slab2-v3                                                                  215.6685   60.0957 10.9
 30.565 0283 Alaska-slab2-v3                                                                  215.5633   60.1673 12.6
 25.970 0284 Alaska-slab2-v3                                                                  215.4567   60.2395 13.7
 23.103 0285 Alaska-slab2-v3                                                                  215.3492   60.3119 14.4
 21.080 0286 Alaska-slab2-v3                                                                  215.2419   60.3845 14.9
 41.864 0311 Alaska-slab2-v3                                                                  215.4642   59.8739  8.3
 40.027 0312 Alaska-slab2-v3                                                                  215.3509   59.9410 10.4
 33.525 0313 Alaska-slab2-v3                                                                  215.2419   60.0111 11.9
 28.543 0314 Alaska-slab2-v3                                                                  215.1347   60.0828 13.1
 24.658 0315 Alaska-slab2-v3                                                                  215.0267   60.1546 14.0
 21.492 0316 Alaska-slab2-v3                                                                  214.9191   60.2267 14.7
 41.864 0344 Alaska-slab2-v3                                                                  215.1063   59.7707  9.3
 36.442 0345 Alaska-slab2-v3                                                                  214.9901   59.8370 11.1
 30.532 0346 Alaska-slab2-v3                                                                  214.8804   59.9071 12.5
 26.194 0347 Alaska-slab2-v3                                                                  214.7697   59.9775 13.5
 22.963 0348 Alaska-slab2-v3                                                                  214.6583   60.0480 14.3
 20.454 0349 Alaska-slab2-v3                                                                  214.5502   60.1198 14.9
 41.864 0386 Alaska-slab2-v3                                                                  214.8431   59.6356  9.5
 35.932 0387 Alaska-slab2-v3                                                                  214.7243   59.7004 11.4
 30.252 0388 Alaska-slab2-v3                                                                  214.6103   59.7687 12.7
 26.339 0389 Alaska-slab2-v3                                                                  214.4953   59.8373 13.6
 23.772 0390 Alaska-slab2-v3                                                                  214.3795   59.9059 14.2
 22.131 0391 Alaska-slab2-v3                                                                  214.2631   59.9745 14.6
 20.995 0392 Alaska-slab2-v3                                                                  214.1482   60.0437 14.9
 41.864 0428 Alaska-slab2-v3                                                                  214.5858   59.4974  9.6
 35.440 0429 Alaska-slab2-v3                                                                  214.4641   59.5605 11.5
 29.687 0430 Alaska-slab2-v3                                                                  214.3463   59.6269 12.9
 25.782 0431 Alaska-slab2-v3                                                                  214.2275   59.6935 13.8
 23.388 0432 Alaska-slab2-v3                                                                  214.1078   59.7602 14.4
 22.045 0433 Alaska-slab2-v3                                                                  213.9875   59.8269 14.7
 21.415 0434 Alaska-slab2-v3                                                                  213.8667   59.8935 14.8
 20.953 0435 Alaska-slab2-v3                                                                  213.7462   59.9604 14.9
 41.864 0469 Alaska-slab2-v3                                                                  214.3377   59.3548  9.5
 34.484 0470 Alaska-slab2-v3                                                                  214.2120   59.4156 11.4
 28.571 0471 Alaska-slab2-v3                                                                  214.0899   59.4797 12.8
 24.514 0472 Alaska-slab2-v3                                                                  213.9667   59.5441 13.7
 22.011 0473 Alaska-slab2-v3                                                                  213.8427   59.6084 14.3
 20.630 0474 Alaska-slab2-v3                                                                  213.7181   59.6728 14.6
 19.983 0475 Alaska-slab2-v3                                                                  213.5930   59.7370 14.8
 19.637 0476 Alaska-slab2-v3                                                                  213.4673   59.8012 14.9
 19.249 0477 Alaska-slab2-v3                                                                  213.3418   59.8654 14.9
 41.864 0510 Alaska-slab2-v3                                                                  214.1024   59.2073  9.3
 35.822 0511 Alaska-slab2-v3                                                                  213.9719   59.2655 11.1
 30.061 0512 Alaska-slab2-v3                                                                  213.8453   59.3270 12.4
 25.946 0513 Alaska-slab2-v3                                                                  213.7176   59.3887 13.3
 23.260 0514 Alaska-slab2-v3                                                                  213.5892   59.4504 14.0
 21.571 0515 Alaska-slab2-v3                                                                  213.4601   59.5121 14.4
 20.575 0516 Alaska-slab2-v3                                                                  213.3304   59.5737 14.6
 19.968 0517 Alaska-slab2-v3                                                                  213.2003   59.6352 14.7
 19.275 0518 Alaska-slab2-v3                                                                  213.0697   59.6965 14.9
 41.864 0551 Alaska-slab2-v3                                                                  213.8813   59.0556  8.9
 38.140 0552 Alaska-slab2-v3                                                                  213.7467   59.1112 10.6
 32.544 0553 Alaska-slab2-v3                                                                  213.6158   59.1701 11.9
 28.369 0554 Alaska-slab2-v3                                                                  213.4846   59.2294 12.9
 25.312 0555 Alaska-slab2-v3                                                                  213.3527   59.2888 13.6
 23.203 0556 Alaska-slab2-v3                                                                  213.2201   59.3481 14.1
 21.696 0557 Alaska-slab2-v3                                                                  213.0869   59.4073 14.4
 20.534 0558 Alaska-slab2-v3                                                                  212.9532   59.4664 14.7
 19.458 0559 Alaska-slab2-v3                                                                  212.8188   59.5252 14.9
 41.864 0591 Alaska-slab2-v3                                                                  213.6725   58.9003  8.7
 40.837 0592 Alaska-slab2-v3                                                                  213.5347   58.9537 10.2
 35.470 0593 Alaska-slab2-v3                                                                  213.4001   59.0099 11.5
 31.236 0594 Alaska-slab2-v3                                                                  213.2660   59.0671 12.5
 27.923 0595 Alaska-slab2-v3                                                                  213.1312   59.1243 13.3
 25.366 0596 Alaska-slab2-v3                                                                  212.9957   59.1814 13.9
 23.437 0597 Alaska-slab2-v3                                                                  212.8597   59.2385 14.4
 21.844 0598 Alaska-slab2-v3                                                                  212.7232   59.2954 14.8
 41.864 0629 Alaska-slab2-v3                                                                  213.4727   58.7421  8.6
 41.128 0630 Alaska-slab2-v3                                                                  213.3324   58.7934 10.1
 35.745 0631 Alaska-slab2-v3                                                                  213.1942   58.8468 11.4
 31.372 0632 Alaska-slab2-v3                                                                  213.0564   58.9011 12.4
 27.881 0633 Alaska-slab2-v3                                                                  212.9178   58.9554 13.3
 25.106 0634 Alaska-slab2-v3                                                                  212.7787   59.0096 13.9
 22.919 0635 Alaska-slab2-v3                                                                  212.6390   59.0637 14.5
 21.153 0636 Alaska-slab2-v3                                                                  212.4985   59.1175 14.9
 41.864 0665 Alaska-slab2-v3                                                                  213.2794   58.5822  8.7
 39.570 0666 Alaska-slab2-v3                                                                  213.1372   58.6314 10.3
 33.954 0667 Alaska-slab2-v3                                                                  212.9951   58.6814 11.6
 29.496 0668 Alaska-slab2-v3                                                                  212.8525   58.7318 12.6
 25.980 0669 Alaska-slab2-v3                                                                  212.7092   58.7822 13.5
 23.279 0670 Alaska-slab2-v3                                                                  212.5653   58.8324 14.1
 21.179 0671 Alaska-slab2-v3                                                                  212.4209   58.8826 14.6
 19.549 0672 Alaska-slab2-v3                                                                  212.2756   58.9323 15.0
 41.864 0700 Alaska-slab2-v3                                                                  213.0897   58.4261  9.1
 38.185 0701 Alaska-slab2-v3                                                                  212.9473   58.4744 10.8
 32.476 0702 Alaska-slab2-v3                                                                  212.8039   58.5229 12.1
 28.205 0703 Alaska-slab2-v3                                                                  212.6595   58.5714 13.1
 25.076 0704 Alaska-slab2-v3                                                                  212.5144   58.6199 13.9
 22.920 0705 Alaska-slab2-v3                                                                  212.3686   58.6683 14.4
 21.397 0706 Alaska-slab2-v3                                                                  212.2224   58.7166 14.7
 41.864 0735 Alaska-slab2-v3                                                                  212.8990   58.2742  9.5
 35.714 0736 Alaska-slab2-v3                                                                  212.7582   58.3227 11.3
 29.861 0737 Alaska-slab2-v3                                                                  212.6163   58.3719 12.7
 25.789 0738 Alaska-slab2-v3                                                                  212.4734   58.4212 13.7
 23.116 0739 Alaska-slab2-v3                                                                  212.3297   58.4705 14.3
 21.547 0740 Alaska-slab2-v3                                                                  212.1853   58.5196 14.7
 20.656 0741 Alaska-slab2-v3                                                                  212.0405   58.5687 14.9
 41.864 0770 Alaska-slab2-v3                                                                  212.7037   58.1232  9.6
 34.954 0771 Alaska-slab2-v3                                                                  212.5640   58.1721 11.5
 29.086 0772 Alaska-slab2-v3                                                                  212.4241   58.2223 12.9
 25.089 0773 Alaska-slab2-v3                                                                  212.2830   58.2726 13.8
 22.580 0774 Alaska-slab2-v3                                                                  212.1411   58.3229 14.4
 21.177 0775 Alaska-slab2-v3                                                                  211.9987   58.3731 14.7
 20.454 0776 Alaska-slab2-v3                                                                  211.8558   58.4231 14.9
 20.028 0777 Alaska-slab2-v3                                                                  211.7126   58.4732 15.0
 41.864 0804 Alaska-slab2-v3                                                                  212.5018   57.9757  9.3
 36.316 0805 Alaska-slab2-v3                                                                  212.3630   58.0250 11.1
 30.555 0806 Alaska-slab2-v3                                                                  212.2250   58.0764 12.5
 26.458 0807 Alaska-slab2-v3                                                                  212.0860   58.1278 13.4
 23.770 0808 Alaska-slab2-v3                                                                  211.9461   58.1791 14.1
 22.020 0809 Alaska-slab2-v3                                                                  211.8057   58.2304 14.5
 20.996 0810 Alaska-slab2-v3                                                                  211.6649   58.2816 14.7
 20.185 0811 Alaska-slab2-v3                                                                  211.5236   58.3327 14.9
 41.864 0838 Alaska-slab2-v3                                                                  212.2938   57.8339  8.9
 38.713 0839 Alaska-slab2-v3                                                                  212.1557   57.8839 10.5
 33.225 0840 Alaska-slab2-v3                                                                  212.0188   57.9358 11.8
 29.067 0841 Alaska-slab2-v3                                                                  211.8814   57.9880 12.8
 26.023 0842 Alaska-slab2-v3                                                                  211.7432   58.0402 13.5
 23.794 0843 Alaska-slab2-v3                                                                  211.6045   58.0922 14.0
 22.165 0844 Alaska-slab2-v3                                                                  211.4652   58.1442 14.4
 20.750 0845 Alaska-slab2-v3                                                                  211.3256   58.1960 14.7
 41.864 0872 Alaska-slab2-v3                                                                  212.0783   57.6978  8.4
 40.890 0873 Alaska-slab2-v3                                                                  211.9416   57.7490  9.9
 35.648 0874 Alaska-slab2-v3                                                                  211.8053   57.8010 11.1
 31.447 0875 Alaska-slab2-v3                                                                  211.6687   57.8535 12.1
 28.112 0876 Alaska-slab2-v3                                                                  211.5314   57.9059 12.8
 25.426 0877 Alaska-slab2-v3                                                                  211.3937   57.9582 13.5
 23.130 0878 Alaska-slab2-v3                                                                  211.2554   58.0104 14.0
 21.138 0879 Alaska-slab2-v3                                                                  211.1167   58.0625 14.4
 19.102 0880 Alaska-slab2-v3                                                                  210.9789   58.1152 14.9
 41.864 0905 Alaska-slab2-v3                                                                  211.8526   57.5663  8.1
 41.864 0906 Alaska-slab2-v3                                                                  211.7178   57.6189  9.4
 38.983 0907 Alaska-slab2-v3                                                                  211.5824   57.6714 10.6
 34.830 0908 Alaska-slab2-v3                                                                  211.4462   57.7238 11.5
 31.313 0909 Alaska-slab2-v3                                                                  211.3094   57.7761 12.4
 28.305 0910 Alaska-slab2-v3                                                                  211.1721   57.8283 13.1
 25.593 0911 Alaska-slab2-v3                                                                  211.0343   57.8803 13.7
 23.051 0912 Alaska-slab2-v3                                                                  210.8961   57.9322 14.3
 20.593 0913 Alaska-slab2-v3                                                                  210.7591   57.9852 14.9
 41.864 0939 Alaska-slab2-v3                                                                  211.4814   57.4929  9.1
 39.143 0940 Alaska-slab2-v3                                                                  211.3469   57.5459 10.2
 34.832 0941 Alaska-slab2-v3                                                                  211.2112   57.5983 11.2
 30.957 0942 Alaska-slab2-v3                                                                  211.0747   57.6504 12.1
 27.474 0943 Alaska-slab2-v3                                                                  210.9378   57.7023 12.9
 24.252 0944 Alaska-slab2-v3                                                                  210.8003   57.7542 13.7
 21.204 0945 Alaska-slab2-v3                                                                  210.6624   57.8059 14.4
 41.864 0972 Alaska-slab2-v3                                                                  211.2308   57.3710  9.0
 39.920 0973 Alaska-slab2-v3                                                                  211.0969   57.4240 10.1
 35.556 0974 Alaska-slab2-v3                                                                  210.9619   57.4765 11.1
 31.539 0975 Alaska-slab2-v3                                                                  210.8263   57.5288 12.1
 27.823 0976 Alaska-slab2-v3                                                                  210.6901   57.5810 12.9
 24.367 0977 Alaska-slab2-v3                                                                  210.5535   57.6331 13.7
 21.126 0978 Alaska-slab2-v3                                                                  210.4165   57.6851 14.5
 41.864 1004 Alaska-slab2-v3                                                                  210.9669   57.2526  9.2
 39.429 1005 Alaska-slab2-v3                                                                  210.8334   57.3056 10.3
 35.120 1006 Alaska-slab2-v3                                                                  210.7011   57.3598 11.3
 31.285 1007 Alaska-slab2-v3                                                                  210.5684   57.4139 12.2
 27.751 1008 Alaska-slab2-v3                                                                  210.4353   57.4680 13.0
 24.519 1009 Alaska-slab2-v3                                                                  210.3017   57.5220 13.7
 21.417 1010 Alaska-slab2-v3                                                                  210.1676   57.5759 14.5
 41.864 1035 Alaska-slab2-v3                                                                  210.8281   57.0879  8.2
 41.864 1036 Alaska-slab2-v3                                                                  210.6921   57.1379  9.5
 38.011 1037 Alaska-slab2-v3                                                                  210.5617   57.1925 10.6
 33.965 1038 Alaska-slab2-v3                                                                  210.4359   57.2507 11.6
 30.607 1039 Alaska-slab2-v3                                                                  210.3097   57.3090 12.3
 27.723 1040 Alaska-slab2-v3                                                                  210.1830   57.3673 13.0
 25.097 1041 Alaska-slab2-v3                                                                  210.0559   57.4255 13.6
 22.600 1042 Alaska-slab2-v3                                                                  209.9283   57.4835 14.2
 20.017 1043 Alaska-slab2-v3                                                                  209.8016   57.5422 14.8
 41.864 1066 Alaska-slab2-v3                                                                  210.5480   56.9808  8.4
 41.864 1067 Alaska-slab2-v3                                                                  210.4119   57.0299  9.8
 37.022 1068 Alaska-slab2-v3                                                                  210.2868   57.0872 10.9
 33.337 1069 Alaska-slab2-v3                                                                  210.1685   57.1498 11.8
 30.466 1070 Alaska-slab2-v3                                                                  210.0496   57.2125 12.4
 28.238 1071 Alaska-slab2-v3                                                                  209.9302   57.2750 12.9
 26.310 1072 Alaska-slab2-v3                                                                  209.8103   57.3375 13.4
 24.424 1073 Alaska-slab2-v3                                                                  209.6901   57.3999 13.8
 22.282 1074 Alaska-slab2-v3                                                                  209.5694   57.4622 14.3
 19.668 1075 Alaska-slab2-v3                                                                  209.4478   57.5238 14.9
 41.864 1096 Alaska-slab2-v3                                                                  210.2708   56.8864  8.3
 41.864 1097 Alaska-slab2-v3                                                                  210.1362   56.9367  9.6
 38.712 1098 Alaska-slab2-v3                                                                  210.0128   56.9950 10.7
 35.349 1099 Alaska-slab2-v3                                                                  209.8978   57.0594 11.5
 32.827 1100 Alaska-slab2-v3                                                                  209.7823   57.1238 12.1
 30.852 1101 Alaska-slab2-v3                                                                  209.6663   57.1881 12.6
 29.170 1102 Alaska-slab2-v3                                                                  209.5498   57.2524 13.0
 27.447 1103 Alaska-slab2-v3                                                                  209.4329   57.3166 13.4
 25.387 1104 Alaska-slab2-v3                                                                  209.3157   57.3806 13.9
 22.655 1105 Alaska-slab2-v3                                                                  209.1981   57.4444 14.5
 41.864 1126 Alaska-slab2-v3                                                                  209.8744   56.8602  9.1
 40.320 1127 Alaska-slab2-v3                                                                  209.7519   56.9196 10.1
 36.974 1128 Alaska-slab2-v3                                                                  209.6341   56.9823 10.9
 34.358 1129 Alaska-slab2-v3                                                                  209.5161   57.0452 11.5
 32.127 1130 Alaska-slab2-v3                                                                  209.3976   57.1080 12.0
 30.068 1131 Alaska-slab2-v3                                                                  209.2787   57.1707 12.5
 27.795 1132 Alaska-slab2-v3                                                                  209.1594   57.2333 13.0
 25.007 1133 Alaska-slab2-v3                                                                  209.0398   57.2957 13.7
 21.447 1134 Alaska-slab2-v3                                                                  208.9194   57.3575 14.5
 41.864 1155 Alaska-slab2-v3                                                                  209.6138   56.7850  8.6
 41.864 1156 Alaska-slab2-v3                                                                  209.4968   56.8478  9.5
 38.476 1157 Alaska-slab2-v3                                                                  209.3777   56.9096 10.4
 35.415 1158 Alaska-slab2-v3                                                                  209.2553   56.9697 11.1
 32.486 1159 Alaska-slab2-v3                                                                  209.1314   57.0291 11.7
 29.556 1160 Alaska-slab2-v3                                                                  209.0072   57.0883 12.4
 26.277 1161 Alaska-slab2-v3                                                                  208.8826   57.1474 13.1
 22.386 1162 Alaska-slab2-v3                                                                  208.7578   57.2063 14.0
 41.864 1183 Alaska-slab2-v3                                                                  209.3362   56.6985  8.4
 41.864 1184 Alaska-slab2-v3                                                                  209.2227   56.7631  9.3
 38.387 1185 Alaska-slab2-v3                                                                  209.1047   56.8252 10.2
 34.508 1186 Alaska-slab2-v3                                                                  208.9805   56.8838 11.0
 30.629 1187 Alaska-slab2-v3                                                                  208.8540   56.9412 11.9
 26.527 1188 Alaska-slab2-v3                                                                  208.7273   56.9984 12.8
 22.114 1189 Alaska-slab2-v3                                                                  208.6002   57.0555 13.8
 17.165 1190 Alaska-slab2-v3                                                                  208.4722   57.1118 14.9
 41.864 1210 Alaska-slab2-v3                                                                  209.0493   56.6043  8.6
 41.864 1211 Alaska-slab2-v3                                                                  208.9339   56.6675  9.7
 37.894 1212 Alaska-slab2-v3                                                                  208.8140   56.7282 10.7
 33.603 1213 Alaska-slab2-v3                                                                  208.6901   56.7867 11.7
 29.225 1214 Alaska-slab2-v3                                                                  208.5650   56.8445 12.7
 24.762 1215 Alaska-slab2-v3                                                                  208.4395   56.9022 13.7
 20.042 1216 Alaska-slab2-v3                                                                  208.3132   56.9594 14.8
 41.864 1236 Alaska-slab2-v3                                                                  208.8802   56.4447  8.1
 41.864 1237 Alaska-slab2-v3                                                                  208.7647   56.5072  9.4
 38.958 1238 Alaska-slab2-v3                                                                  208.6463   56.5684 10.6
 34.409 1239 Alaska-slab2-v3                                                                  208.5248   56.6279 11.7
 30.198 1240 Alaska-slab2-v3                                                                  208.4020   56.6869 12.7
 26.112 1241 Alaska-slab2-v3                                                                  208.2787   56.7458 13.7
 22.027 1242 Alaska-slab2-v3                                                                  208.1550   56.8045 14.6
 41.864 1262 Alaska-slab2-v3                                                                  208.5983   56.3460  8.8
 39.997 1263 Alaska-slab2-v3                                                                  208.4812   56.4069 10.4
 34.666 1264 Alaska-slab2-v3                                                                  208.3622   56.4673 11.7
 30.428 1265 Alaska-slab2-v3                                                                  208.2418   56.5275 12.7
 26.902 1266 Alaska-slab2-v3                                                                  208.1208   56.5876 13.5
 23.671 1267 Alaska-slab2-v3                                                                  207.9993   56.6476 14.3
 73.262 1287 Alaska-slab2-v3                                                                  208.3171   56.2446  9.4
 64.169 1288 Alaska-slab2-v3                                                                  208.2000   56.3048 11.1
 54.854 1289 Alaska-slab2-v3                                                                  208.0836   56.3666 12.4
 48.275 1290 Alaska-slab2-v3                                                                  207.9663   56.4286 13.3
 43.469 1291 Alaska-slab2-v3                                                                  207.8484   56.4905 13.9
 39.329 1292 Alaska-slab2-v3                                                                  207.7301   56.5524 14.5
104.660 1312 Alaska-slab2-v3                                                                  208.0398   56.1434  9.6
 88.034 1313 Alaska-slab2-v3                                                                  207.9244   56.2042 11.4
 74.605 1314 Alaska-slab2-v3                                                                  207.8116   56.2679 12.6
 65.866 1315 Alaska-slab2-v3                                                                  207.6980   56.3317 13.5
 59.897 1316 Alaska-slab2-v3                                                                  207.5837   56.3957 14.0
 55.208 1317 Alaska-slab2-v3                                                                  207.4690   56.4595 14.5
 49.985 1318 Alaska-slab2-v3                                                                  207.3537   56.5231 14.9
136.058 1336 Alaska-slab2-v3                                                                  207.7667   56.0430  9.5
115.591 1337 Alaska-slab2-v3                                                                  207.6526   56.1043 11.3
 98.245 1338 Alaska-slab2-v3                                                                  207.5425   56.1693 12.5
 86.728 1339 Alaska-slab2-v3                                                                  207.4315   56.2344 13.4
 78.957 1340 Alaska-slab2-v3                                                                  207.3199   56.2996 13.9
 72.990 1341 Alaska-slab2-v3                                                                  207.2079   56.3648 14.4
 66.329 1342 Alaska-slab2-v3                                                                  207.0952   56.4297 14.8
167.456 1360 Alaska-slab2-v3                                                                  207.4972   55.9427  9.3
148.756 1361 Alaska-slab2-v3                                                                  207.3835   56.0042 11.0
127.771 1362 Alaska-slab2-v3                                                                  207.2747   56.0698 12.2
113.048 1363 Alaska-slab2-v3                                                                  207.1652   56.1355 13.1
102.725 1364 Alaska-slab2-v3                                                                  207.0551   56.2013 13.7
 94.094 1365 Alaska-slab2-v3                                                                  206.9445   56.2670 14.2
 84.786 1366 Alaska-slab2-v3                                                                  206.8334   56.3326 14.8
167.456 1384 Alaska-slab2-v3                                                                  207.2316   55.8425  9.0
157.074 1385 Alaska-slab2-v3                                                                  207.1181   55.9043 10.6
136.477 1386 Alaska-slab2-v3                                                                  207.0097   55.9699 11.9
121.239 1387 Alaska-slab2-v3                                                                  206.9012   56.0360 12.8
109.517 1388 Alaska-slab2-v3                                                                  206.7921   56.1021 13.5
 99.134 1389 Alaska-slab2-v3                                                                  206.6826   56.1682 14.1
 88.417 1390 Alaska-slab2-v3                                                                  206.5727   56.2341 14.7
167.456 1407 Alaska-slab2-v3                                                                  206.9698   55.7423  8.7
164.272 1408 Alaska-slab2-v3                                                                  206.8571   55.8047 10.2
144.157 1409 Alaska-slab2-v3                                                                  206.7489   55.8703 11.4
128.232 1410 Alaska-slab2-v3                                                                  206.6420   55.9370 12.3
115.325 1411 Alaska-slab2-v3                                                                  206.5345   56.0037 13.1
103.592 1412 Alaska-slab2-v3                                                                  206.4266   56.0704 13.8
 91.523 1413 Alaska-slab2-v3                                                                  206.3183   56.1369 14.5
167.456 1430 Alaska-slab2-v3                                                                  206.7109   55.6415  8.3
167.456 1431 Alaska-slab2-v3                                                                  206.5997   55.7049  9.7
149.533 1432 Alaska-slab2-v3                                                                  206.4925   55.7709 10.9
133.317 1433 Alaska-slab2-v3                                                                  206.3880   55.8387 11.8
119.490 1434 Alaska-slab2-v3                                                                  206.2831   55.9065 12.6
106.858 1435 Alaska-slab2-v3                                                                  206.1777   55.9743 13.4
 93.885 1436 Alaska-slab2-v3                                                                  206.0720   56.0420 14.1
 79.546 1437 Alaska-slab2-v3                                                                  205.9655   56.1092 15.0
167.456 1453 Alaska-slab2-v3                                                                  206.4544   55.5398  8.0
167.456 1454 Alaska-slab2-v3                                                                  206.3461   55.6049  9.2
153.560 1455 Alaska-slab2-v3                                                                  206.2403   55.6716 10.3
137.202 1456 Alaska-slab2-v3                                                                  206.1377   55.7402 11.2
122.602 1457 Alaska-slab2-v3                                                                  206.0354   55.8091 12.1
109.058 1458 Alaska-slab2-v3                                                                  205.9326   55.8780 12.8
 95.338 1459 Alaska-slab2-v3                                                                  205.8296   55.9468 13.6
 80.738 1460 Alaska-slab2-v3                                                                  205.7260   56.0154 14.4
167.456 1477 Alaska-slab2-v3                                                                  206.0955   55.5043  8.8
167.456 1478 Alaska-slab2-v3                                                                  205.9916   55.5720  9.8
156.226 1479 Alaska-slab2-v3                                                                  205.8897   55.6408 10.7
142.145 1480 Alaska-slab2-v3                                                                  205.7890   55.7103 11.5
128.735 1481 Alaska-slab2-v3                                                                  205.6879   55.7798 12.3
115.325 1482 Alaska-slab2-v3                                                                  205.5864   55.8492 13.1
101.077 1483 Alaska-slab2-v3                                                                  205.4847   55.9185 13.9
 85.488 1484 Alaska-slab2-v3                                                                  205.3819   55.9873 14.9
167.456 1500 Alaska-slab2-v3                                                                  205.8458   55.4021  8.3
167.456 1501 Alaska-slab2-v3                                                                  205.7450   55.4712  9.2
162.940 1502 Alaska-slab2-v3                                                                  205.6444   55.5406 10.1
148.793 1503 Alaska-slab2-v3                                                                  205.5441   55.6102 10.9
134.817 1504 Alaska-slab2-v3                                                                  205.4433   55.6797 11.7
120.330 1505 Alaska-slab2-v3                                                                  205.3421   55.7491 12.6
105.161 1506 Alaska-slab2-v3                                                                  205.2407   55.8184 13.5
 88.458 1507 Alaska-slab2-v3                                                                  205.1389   55.8874 14.5
167.456 1524 Alaska-slab2-v3                                                                  205.4988   55.3689  8.7
167.456 1525 Alaska-slab2-v3                                                                  205.4008   55.4394  9.5
157.596 1526 Alaska-slab2-v3                                                                  205.3016   55.5095 10.3
143.363 1527 Alaska-slab2-v3                                                                  205.2007   55.5787 11.2
128.100 1528 Alaska-slab2-v3                                                                  205.0989   55.6477 12.1
111.809 1529 Alaska-slab2-v3                                                                  204.9969   55.7165 13.0
 93.803 1530 Alaska-slab2-v3                                                                  204.8945   55.7851 14.1
167.456 1547 Alaska-slab2-v3                                                                  205.2584   55.2577  8.5
167.456 1548 Alaska-slab2-v3                                                                  205.1624   55.3289  9.3
161.433 1549 Alaska-slab2-v3                                                                  205.0641   55.3994 10.1
146.288 1550 Alaska-slab2-v3                                                                  204.9633   55.4688 11.0
129.938 1551 Alaska-slab2-v3                                                                  204.8619   55.5377 11.9
112.383 1552 Alaska-slab2-v3                                                                  204.7602   55.6064 12.9
 93.280 1553 Alaska-slab2-v3                                                                  204.6582   55.6750 14.0
167.456 1570 Alaska-slab2-v3                                                                  205.0209   55.1392  8.5
167.456 1571 Alaska-slab2-v3                                                                  204.9251   55.2105  9.3
158.898 1572 Alaska-slab2-v3                                                                  204.8280   55.2811 10.2
142.299 1573 Alaska-slab2-v3                                                                  204.7290   55.3509 11.1
124.490 1574 Alaska-slab2-v3                                                                  204.6291   55.4202 12.2
105.817 1575 Alaska-slab2-v3                                                                  204.5289   55.4895 13.2
 86.624 1576 Alaska-slab2-v3                                                                  204.4284   55.5586 14.4
167.456 1593 Alaska-slab2-v3                                                                  204.7814   55.0242  8.6
167.456 1594 Alaska-slab2-v3                                                                  204.6865   55.0957  9.4
154.975 1595 Alaska-slab2-v3                                                                  204.5900   55.1664 10.4
137.467 1596 Alaska-slab2-v3                                                                  204.4918   55.2363 11.4
118.918 1597 Alaska-slab2-v3                                                                  204.3930   55.3061 12.5
100.023 1598 Alaska-slab2-v3                                                                  204.2939   55.3757 13.6
 81.128 1599 Alaska-slab2-v3                                                                  204.1944   55.4452 14.6
167.456 1615 Alaska-slab2-v3                                                                  204.6288   54.8438  8.0
167.456 1616 Alaska-slab2-v3                                                                  204.5354   54.9157  8.9
165.984 1617 Alaska-slab2-v3                                                                  204.4412   54.9874  9.8
149.351 1618 Alaska-slab2-v3                                                                  204.3449   55.0581 10.7
131.851 1619 Alaska-slab2-v3                                                                  204.2470   55.1280 11.7
113.659 1620 Alaska-slab2-v3                                                                  204.1487   55.1978 12.8
 95.467 1621 Alaska-slab2-v3                                                                  204.0501   55.2676 13.8
 77.448 1622 Alaska-slab2-v3                                                                  203.9512   55.3373 14.9
167.456 1638 Alaska-slab2-v3                                                                  204.3707   54.7446  8.3
167.456 1639 Alaska-slab2-v3                                                                  204.2784   54.8168  9.2
159.794 1640 Alaska-slab2-v3                                                                  204.1843   54.8883 10.2
143.436 1641 Alaska-slab2-v3                                                                  204.0877   54.9587 11.1
126.733 1642 Alaska-slab2-v3                                                                  203.9900   55.0287 12.1
110.031 1643 Alaska-slab2-v3                                                                  203.8920   55.0987 13.1
 93.156 1644 Alaska-slab2-v3                                                                  203.7936   55.1685 14.0
167.456 1661 Alaska-slab2-v3                                                                  204.0996   54.6557  8.6
167.456 1662 Alaska-slab2-v3                                                                  204.0074   54.7278  9.6
155.707 1663 Alaska-slab2-v3                                                                  203.9128   54.7990 10.6
139.984 1664 Alaska-slab2-v3                                                                  203.8162   54.8693 11.5
124.768 1665 Alaska-slab2-v3                                                                  203.7191   54.9396 12.4
109.553 1666 Alaska-slab2-v3                                                                  203.6216   55.0097 13.3
 94.337 1667 Alaska-slab2-v3                                                                  203.5239   55.0798 14.2
167.456 1683 Alaska-slab2-v3                                                                  203.8178   54.5758  8.9
159.172 1684 Alaska-slab2-v3                                                                  203.7246   54.6474 10.0
142.074 1685 Alaska-slab2-v3                                                                  203.6297   54.7183 10.9
126.386 1686 Alaska-slab2-v3                                                                  203.5336   54.7888 11.8
111.050 1687 Alaska-slab2-v3                                                                  203.4371   54.8593 12.7
 95.891 1688 Alaska-slab2-v3                                                                  203.3403   54.9297 13.6
 80.203 1689 Alaska-slab2-v3                                                                  203.2432   55.0001 14.4
167.456 1705 Alaska-slab2-v3                                                                  203.5301   54.5031  9.1
150.265 1706 Alaska-slab2-v3                                                                  203.4363   54.5742 10.1
132.437 1707 Alaska-slab2-v3                                                                  203.3410   54.6449 11.1
116.246 1708 Alaska-slab2-v3                                                                  203.2450   54.7154 12.0
100.419 1709 Alaska-slab2-v3                                                                  203.1487   54.7859 12.9
 84.229 1710 Alaska-slab2-v3                                                                  203.0520   54.8563 13.8
 66.946 1711 Alaska-slab2-v3                                                                  202.9552   54.9266 14.7
167.456 1726 Alaska-slab2-v3                                                                  203.2397   54.4355  9.2
159.156 1727 Alaska-slab2-v3                                                                  203.1452   54.5063 10.3
142.385 1728 Alaska-slab2-v3                                                                  203.0494   54.5766 11.2
126.641 1729 Alaska-slab2-v3                                                                  202.9530   54.6469 12.2
111.238 1730 Alaska-slab2-v3                                                                  202.8563   54.7171 13.1
 94.638 1731 Alaska-slab2-v3                                                                  202.7593   54.7871 14.0
167.456 1745 Alaska-slab2-v3                                                                  203.0409   54.3010  8.0
167.456 1746 Alaska-slab2-v3                                                                  202.9467   54.3715  9.3
151.399 1747 Alaska-slab2-v3                                                                  202.8513   54.4418 10.4
133.753 1748 Alaska-slab2-v3                                                                  202.7548   54.5117 11.4
117.167 1749 Alaska-slab2-v3                                                                  202.6578   54.5816 12.3
 99.874 1750 Alaska-slab2-v3                                                                  202.5605   54.6514 13.3
 80.640 1751 Alaska-slab2-v3                                                                  202.4631   54.7210 14.4
