 27.052 0231 Alaska-slab2-v3                                                                  216.3398   60.3457  8.9
 18.203 0232 Alaska-slab2-v3                                                                  216.2532   60.4228 10.7
 11.832 0233 Alaska-slab2-v3                                                                  216.1527   60.4968 11.9
  7.332 0234 Alaska-slab2-v3                                                                  216.0465   60.5698 12.8
  3.742 0235 Alaska-slab2-v3                                                                  215.9396   60.6428 13.6
 20.496 0255 Alaska-slab2-v3                                                                  216.0024   60.2336 10.4
 11.563 0256 Alaska-slab2-v3                                                                  215.9029   60.3067 12.2
  5.906 0257 Alaska-slab2-v3                                                                  215.7964   60.3790 13.4
  2.432 0258 Alaska-slab2-v3                                                                  215.6890   60.4516 14.1
 31.071 0281 Alaska-slab2-v3                                                                  215.7667   60.0238  8.5
 19.207 0282 Alaska-slab2-v3                                                                  215.6685   60.0957 10.9
 10.940 0283 Alaska-slab2-v3                                                                  215.5633   60.1673 12.6
  5.640 0284 Alaska-slab2-v3                                                                  215.4567   60.2395 13.7
  2.334 0285 Alaska-slab2-v3                                                                  215.3492   60.3119 14.4
 31.667 0311 Alaska-slab2-v3                                                                  215.4642   59.8739  8.3
 21.520 0312 Alaska-slab2-v3                                                                  215.3509   59.9410 10.4
 13.971 0313 Alaska-slab2-v3                                                                  215.2419   60.0111 11.9
  8.186 0314 Alaska-slab2-v3                                                                  215.1347   60.0828 13.1
  3.677 0315 Alaska-slab2-v3                                                                  215.0267   60.1546 14.0
 26.999 0344 Alaska-slab2-v3                                                                  215.1063   59.7707  9.3
 18.258 0345 Alaska-slab2-v3                                                                  214.9901   59.8370 11.1
 11.508 0346 Alaska-slab2-v3                                                                  214.8804   59.9071 12.5
  6.555 0347 Alaska-slab2-v3                                                                  214.7697   59.9775 13.5
  2.865 0348 Alaska-slab2-v3                                                                  214.6583   60.0480 14.3
 26.218 0386 Alaska-slab2-v3                                                                  214.8431   59.6356  9.5
 17.204 0387 Alaska-slab2-v3                                                                  214.7243   59.7004 11.4
 10.661 0388 Alaska-slab2-v3                                                                  214.6103   59.7687 12.7
  6.155 0389 Alaska-slab2-v3                                                                  214.4953   59.8373 13.6
  3.198 0390 Alaska-slab2-v3                                                                  214.3795   59.9059 14.2
  1.308 0391 Alaska-slab2-v3                                                                  214.2631   59.9745 14.6
 25.857 0428 Alaska-slab2-v3                                                                  214.5858   59.4974  9.6
 16.674 0429 Alaska-slab2-v3                                                                  214.4641   59.5605 11.5
 10.053 0430 Alaska-slab2-v3                                                                  214.3463   59.6269 12.9
  5.558 0431 Alaska-slab2-v3                                                                  214.2275   59.6935 13.8
  2.803 0432 Alaska-slab2-v3                                                                  214.1078   59.7602 14.4
  1.257 0433 Alaska-slab2-v3                                                                  213.9875   59.8269 14.7
  0.532 0434 Alaska-slab2-v3                                                                  213.8667   59.8935 14.8
 26.117 0469 Alaska-slab2-v3                                                                  214.3377   59.3548  9.5
 17.072 0470 Alaska-slab2-v3                                                                  214.2120   59.4156 11.4
 10.447 0471 Alaska-slab2-v3                                                                  214.0899   59.4797 12.8
  5.900 0472 Alaska-slab2-v3                                                                  213.9667   59.5441 13.7
  3.095 0473 Alaska-slab2-v3                                                                  213.8427   59.6084 14.3
  1.548 0474 Alaska-slab2-v3                                                                  213.7181   59.6728 14.6
  0.822 0475 Alaska-slab2-v3                                                                  213.5930   59.7370 14.8
  0.435 0476 Alaska-slab2-v3                                                                  213.4673   59.8012 14.9
 27.193 0510 Alaska-slab2-v3                                                                  214.1024   59.2073  9.3
 18.550 0511 Alaska-slab2-v3                                                                  213.9719   59.2655 11.1
 12.091 0512 Alaska-slab2-v3                                                                  213.8453   59.3270 12.4
  7.478 0513 Alaska-slab2-v3                                                                  213.7176   59.3887 13.3
  4.467 0514 Alaska-slab2-v3                                                                  213.5892   59.4504 14.0
  2.574 0515 Alaska-slab2-v3                                                                  213.4601   59.5121 14.4
  1.457 0516 Alaska-slab2-v3                                                                  213.3304   59.5737 14.6
  0.777 0517 Alaska-slab2-v3                                                                  213.2003   59.6352 14.7
 28.989 0551 Alaska-slab2-v3                                                                  213.8813   59.0556  8.9
 21.004 0552 Alaska-slab2-v3                                                                  213.7467   59.1112 10.6
 14.712 0553 Alaska-slab2-v3                                                                  213.6158   59.1701 11.9
 10.018 0554 Alaska-slab2-v3                                                                  213.4846   59.2294 12.9
  6.582 0555 Alaska-slab2-v3                                                                  213.3527   59.2888 13.6
  4.210 0556 Alaska-slab2-v3                                                                  213.2201   59.3481 14.1
  2.517 0557 Alaska-slab2-v3                                                                  213.0869   59.4073 14.4
  1.210 0558 Alaska-slab2-v3                                                                  212.9532   59.4664 14.7
 29.813 0591 Alaska-slab2-v3                                                                  213.6725   58.9003  8.7
 22.176 0592 Alaska-slab2-v3                                                                  213.5347   58.9537 10.2
 15.910 0593 Alaska-slab2-v3                                                                  213.4001   59.0099 11.5
 10.966 0594 Alaska-slab2-v3                                                                  213.2660   59.0671 12.5
  7.098 0595 Alaska-slab2-v3                                                                  213.1312   59.1243 13.3
  4.112 0596 Alaska-slab2-v3                                                                  212.9957   59.1814 13.9
  1.860 0597 Alaska-slab2-v3                                                                  212.8597   59.2385 14.4
 30.495 0629 Alaska-slab2-v3                                                                  213.4727   58.7421  8.6
 23.066 0630 Alaska-slab2-v3                                                                  213.3324   58.7934 10.1
 16.850 0631 Alaska-slab2-v3                                                                  213.1942   58.8468 11.4
 11.800 0632 Alaska-slab2-v3                                                                  213.0564   58.9011 12.4
  7.769 0633 Alaska-slab2-v3                                                                  212.9178   58.9554 13.3
  4.565 0634 Alaska-slab2-v3                                                                  212.7787   59.0096 13.9
  2.039 0635 Alaska-slab2-v3                                                                  212.6390   59.0637 14.5
 30.215 0665 Alaska-slab2-v3                                                                  213.2794   58.5822  8.7
 22.541 0666 Alaska-slab2-v3                                                                  213.1372   58.6314 10.3
 16.218 0667 Alaska-slab2-v3                                                                  212.9951   58.6814 11.6
 11.198 0668 Alaska-slab2-v3                                                                  212.8525   58.7318 12.6
  7.240 0669 Alaska-slab2-v3                                                                  212.7092   58.7822 13.5
  4.199 0670 Alaska-slab2-v3                                                                  212.5653   58.8324 14.1
  1.834 0671 Alaska-slab2-v3                                                                  212.4209   58.8826 14.6
 27.843 0700 Alaska-slab2-v3                                                                  213.0897   58.4261  9.1
 19.461 0701 Alaska-slab2-v3                                                                  212.9473   58.4744 10.8
 12.843 0702 Alaska-slab2-v3                                                                  212.8039   58.5229 12.1
  7.892 0703 Alaska-slab2-v3                                                                  212.6595   58.5714 13.1
  4.265 0704 Alaska-slab2-v3                                                                  212.5144   58.6199 13.9
  1.765 0705 Alaska-slab2-v3                                                                  212.3686   58.6683 14.4
 26.239 0735 Alaska-slab2-v3                                                                  212.8990   58.2742  9.5
 17.250 0736 Alaska-slab2-v3                                                                  212.7582   58.3227 11.3
 10.544 0737 Alaska-slab2-v3                                                                  212.6163   58.3719 12.7
  5.880 0738 Alaska-slab2-v3                                                                  212.4734   58.4212 13.7
  2.818 0739 Alaska-slab2-v3                                                                  212.3297   58.4705 14.3
  1.020 0740 Alaska-slab2-v3                                                                  212.1853   58.5196 14.7
 26.047 0770 Alaska-slab2-v3                                                                  212.7037   58.1232  9.6
 16.930 0771 Alaska-slab2-v3                                                                  212.5640   58.1721 11.5
 10.274 0772 Alaska-slab2-v3                                                                  212.4241   58.2223 12.9
  5.740 0773 Alaska-slab2-v3                                                                  212.2830   58.2726 13.8
  2.894 0774 Alaska-slab2-v3                                                                  212.1411   58.3229 14.4
  1.302 0775 Alaska-slab2-v3                                                                  211.9987   58.3731 14.7
  0.482 0776 Alaska-slab2-v3                                                                  211.8558   58.4231 14.9
 27.029 0804 Alaska-slab2-v3                                                                  212.5018   57.9757  9.3
 18.343 0805 Alaska-slab2-v3                                                                  212.3630   58.0250 11.1
 11.792 0806 Alaska-slab2-v3                                                                  212.2250   58.0764 12.5
  7.133 0807 Alaska-slab2-v3                                                                  212.0860   58.1278 13.4
  4.076 0808 Alaska-slab2-v3                                                                  211.9461   58.1791 14.1
  2.087 0809 Alaska-slab2-v3                                                                  211.8057   58.2304 14.5
  0.922 0810 Alaska-slab2-v3                                                                  211.6649   58.2816 14.7
 28.578 0838 Alaska-slab2-v3                                                                  212.2938   57.8339  8.9
 20.609 0839 Alaska-slab2-v3                                                                  212.1557   57.8839 10.5
 14.313 0840 Alaska-slab2-v3                                                                  212.0188   57.9358 11.8
  9.542 0841 Alaska-slab2-v3                                                                  211.8814   57.9880 12.8
  6.050 0842 Alaska-slab2-v3                                                                  211.7432   58.0402 13.5
  3.492 0843 Alaska-slab2-v3                                                                  211.6045   58.0922 14.0
  1.623 0844 Alaska-slab2-v3                                                                  211.4652   58.1442 14.4
 31.333 0872 Alaska-slab2-v3                                                                  212.0783   57.6978  8.4
 24.360 0873 Alaska-slab2-v3                                                                  211.9416   57.7490  9.9
 18.500 0874 Alaska-slab2-v3                                                                  211.8053   57.8010 11.1
 13.802 0875 Alaska-slab2-v3                                                                  211.6687   57.8535 12.1
 10.073 0876 Alaska-slab2-v3                                                                  211.5314   57.9059 12.8
  7.071 0877 Alaska-slab2-v3                                                                  211.3937   57.9582 13.5
  4.504 0878 Alaska-slab2-v3                                                                  211.2554   58.0104 14.0
  2.276 0879 Alaska-slab2-v3                                                                  211.1167   58.0625 14.4
 32.879 0905 Alaska-slab2-v3                                                                  211.8526   57.5663  8.1
 26.575 0906 Alaska-slab2-v3                                                                  211.7178   57.6189  9.4
 21.046 0907 Alaska-slab2-v3                                                                  211.5824   57.6714 10.6
 16.294 0908 Alaska-slab2-v3                                                                  211.4462   57.7238 11.5
 12.269 0909 Alaska-slab2-v3                                                                  211.3094   57.7761 12.4
  8.826 0910 Alaska-slab2-v3                                                                  211.1721   57.8283 13.1
  5.722 0911 Alaska-slab2-v3                                                                  211.0343   57.8803 13.7
  2.813 0912 Alaska-slab2-v3                                                                  210.8961   57.9322 14.3
 26.316 0939 Alaska-slab2-v3                                                                  211.4814   57.4929  9.1
 20.731 0940 Alaska-slab2-v3                                                                  211.3469   57.5459 10.2
 15.749 0941 Alaska-slab2-v3                                                                  211.2112   57.5983 11.2
 11.271 0942 Alaska-slab2-v3                                                                  211.0747   57.6504 12.1
  7.246 0943 Alaska-slab2-v3                                                                  210.9378   57.7023 12.9
  3.522 0944 Alaska-slab2-v3                                                                  210.8003   57.7542 13.7
 27.227 0972 Alaska-slab2-v3                                                                  211.2308   57.3710  9.0
 21.692 0973 Alaska-slab2-v3                                                                  211.0969   57.4240 10.1
 16.655 0974 Alaska-slab2-v3                                                                  210.9619   57.4765 11.1
 12.018 0975 Alaska-slab2-v3                                                                  210.8263   57.5288 12.1
  7.729 0976 Alaska-slab2-v3                                                                  210.6901   57.5810 12.9
  3.740 0977 Alaska-slab2-v3                                                                  210.5535   57.6331 13.7
 26.484 1004 Alaska-slab2-v3                                                                  210.9669   57.2526  9.2
 20.887 1005 Alaska-slab2-v3                                                                  210.8334   57.3056 10.3
 15.890 1006 Alaska-slab2-v3                                                                  210.7011   57.3598 11.3
 11.443 1007 Alaska-slab2-v3                                                                  210.5684   57.4139 12.2
  7.346 1008 Alaska-slab2-v3                                                                  210.4353   57.4680 13.0
  3.598 1009 Alaska-slab2-v3                                                                  210.3017   57.5220 13.7
 32.320 1035 Alaska-slab2-v3                                                                  210.8281   57.0879  8.2
 25.924 1036 Alaska-slab2-v3                                                                  210.6921   57.1379  9.5
 20.407 1037 Alaska-slab2-v3                                                                  210.5617   57.1925 10.6
 15.818 1038 Alaska-slab2-v3                                                                  210.4359   57.2507 11.6
 12.010 1039 Alaska-slab2-v3                                                                  210.3097   57.3090 12.3
  8.739 1040 Alaska-slab2-v3                                                                  210.1830   57.3673 13.0
  5.761 1041 Alaska-slab2-v3                                                                  210.0559   57.4255 13.6
  2.929 1042 Alaska-slab2-v3                                                                  209.9283   57.4835 14.2
 31.754 1066 Alaska-slab2-v3                                                                  210.5480   56.9808  8.4
 25.036 1067 Alaska-slab2-v3                                                                  210.4119   57.0299  9.8
 19.574 1068 Alaska-slab2-v3                                                                  210.2868   57.0872 10.9
 15.418 1069 Alaska-slab2-v3                                                                  210.1685   57.1498 11.8
 12.180 1070 Alaska-slab2-v3                                                                  210.0496   57.2125 12.4
  9.666 1071 Alaska-slab2-v3                                                                  209.9302   57.2750 12.9
  7.491 1072 Alaska-slab2-v3                                                                  209.8103   57.3375 13.4
  5.365 1073 Alaska-slab2-v3                                                                  209.6901   57.3999 13.8
  2.948 1074 Alaska-slab2-v3                                                                  209.5694   57.4622 14.3
 30.981 1096 Alaska-slab2-v3                                                                  210.2708   56.8864  8.3
 24.367 1097 Alaska-slab2-v3                                                                  210.1362   56.9367  9.6
 18.996 1098 Alaska-slab2-v3                                                                  210.0128   56.9950 10.7
 15.018 1099 Alaska-slab2-v3                                                                  209.8978   57.0594 11.5
 12.034 1100 Alaska-slab2-v3                                                                  209.7823   57.1238 12.1
  9.697 1101 Alaska-slab2-v3                                                                  209.6663   57.1881 12.6
  7.708 1102 Alaska-slab2-v3                                                                  209.5498   57.2524 13.0
  5.669 1103 Alaska-slab2-v3                                                                  209.4329   57.3166 13.4
  3.232 1104 Alaska-slab2-v3                                                                  209.3157   57.3806 13.9
 26.822 1126 Alaska-slab2-v3                                                                  209.8744   56.8602  9.1
 21.896 1127 Alaska-slab2-v3                                                                  209.7519   56.9196 10.1
 18.014 1128 Alaska-slab2-v3                                                                  209.6341   56.9823 10.9
 14.979 1129 Alaska-slab2-v3                                                                  209.5161   57.0452 11.5
 12.391 1130 Alaska-slab2-v3                                                                  209.3976   57.1080 12.0
 10.002 1131 Alaska-slab2-v3                                                                  209.2787   57.1707 12.5
  7.365 1132 Alaska-slab2-v3                                                                  209.1594   57.2333 13.0
  4.130 1133 Alaska-slab2-v3                                                                  209.0398   57.2957 13.7
 27.862 1155 Alaska-slab2-v3                                                                  209.6138   56.7850  8.6
 23.124 1156 Alaska-slab2-v3                                                                  209.4968   56.8478  9.5
 18.952 1157 Alaska-slab2-v3                                                                  209.3777   56.9096 10.4
 15.347 1158 Alaska-slab2-v3                                                                  209.2553   56.9697 11.1
 11.897 1159 Alaska-slab2-v3                                                                  209.1314   57.0291 11.7
  8.446 1160 Alaska-slab2-v3                                                                  209.0072   57.0883 12.4
  4.584 1161 Alaska-slab2-v3                                                                  208.8826   57.1474 13.1
 31.748 1183 Alaska-slab2-v3                                                                  209.3362   56.6985  8.4
 27.296 1184 Alaska-slab2-v3                                                                  209.2227   56.7631  9.3
 23.037 1185 Alaska-slab2-v3                                                                  209.1047   56.8252 10.2
 18.826 1186 Alaska-slab2-v3                                                                  208.9805   56.8838 11.0
 14.616 1187 Alaska-slab2-v3                                                                  208.8540   56.9412 11.9
 10.163 1188 Alaska-slab2-v3                                                                  208.7273   56.9984 12.8
  5.372 1189 Alaska-slab2-v3                                                                  208.6002   57.0555 13.8
 30.188 1210 Alaska-slab2-v3                                                                  209.0493   56.6043  8.6
 25.173 1211 Alaska-slab2-v3                                                                  208.9339   56.6675  9.7
 20.255 1212 Alaska-slab2-v3                                                                  208.8140   56.7282 10.7
 15.386 1213 Alaska-slab2-v3                                                                  208.6901   56.7867 11.7
 10.420 1214 Alaska-slab2-v3                                                                  208.5650   56.8445 12.7
  5.356 1215 Alaska-slab2-v3                                                                  208.4395   56.9022 13.7
 32.207 1236 Alaska-slab2-v3                                                                  208.8802   56.4447  8.1
 25.696 1237 Alaska-slab2-v3                                                                  208.7647   56.5072  9.4
 19.827 1238 Alaska-slab2-v3                                                                  208.6463   56.5684 10.6
 14.500 1239 Alaska-slab2-v3                                                                  208.5248   56.6279 11.7
  9.568 1240 Alaska-slab2-v3                                                                  208.4020   56.6869 12.7
  4.784 1241 Alaska-slab2-v3                                                                  208.2787   56.7458 13.7
 27.670 1262 Alaska-slab2-v3                                                                  208.5983   56.3460  8.8
 19.642 1263 Alaska-slab2-v3                                                                  208.4812   56.4069 10.4
 13.229 1264 Alaska-slab2-v3                                                                  208.3622   56.4673 11.7
  8.129 1265 Alaska-slab2-v3                                                                  208.2418   56.5275 12.7
  3.888 1266 Alaska-slab2-v3                                                                  208.1208   56.5876 13.5
 44.649 1287 Alaska-slab2-v3                                                                  208.3171   56.2446  9.4
 29.301 1288 Alaska-slab2-v3                                                                  208.2000   56.3048 11.1
 18.313 1289 Alaska-slab2-v3                                                                  208.0836   56.3666 12.4
 10.552 1290 Alaska-slab2-v3                                                                  207.9663   56.4286 13.3
  4.883 1291 Alaska-slab2-v3                                                                  207.8484   56.4905 13.9
 65.006 1312 Alaska-slab2-v3                                                                  208.0398   56.1434  9.6
 43.136 1313 Alaska-slab2-v3                                                                  207.9244   56.2042 11.4
 27.912 1314 Alaska-slab2-v3                                                                  207.8116   56.2679 12.6
 18.004 1315 Alaska-slab2-v3                                                                  207.6980   56.3317 13.5
 11.237 1316 Alaska-slab2-v3                                                                  207.5837   56.3957 14.0
  5.921 1317 Alaska-slab2-v3                                                                  207.4690   56.4595 14.5
 84.400 1336 Alaska-slab2-v3                                                                  207.7667   56.0430  9.5
 56.214 1337 Alaska-slab2-v3                                                                  207.6526   56.1043 11.3
 36.420 1338 Alaska-slab2-v3                                                                  207.5425   56.1693 12.5
 23.277 1339 Alaska-slab2-v3                                                                  207.4315   56.2344 13.4
 14.410 1340 Alaska-slab2-v3                                                                  207.3199   56.2996 13.9
  7.601 1341 Alaska-slab2-v3                                                                  207.2079   56.3648 14.4
107.553 1360 Alaska-slab2-v3                                                                  207.4972   55.9427  9.3
 73.918 1361 Alaska-slab2-v3                                                                  207.3835   56.0042 11.0
 49.670 1362 Alaska-slab2-v3                                                                  207.2747   56.0698 12.2
 32.657 1363 Alaska-slab2-v3                                                                  207.1652   56.1355 13.1
 20.728 1364 Alaska-slab2-v3                                                                  207.0551   56.2013 13.7
 10.755 1365 Alaska-slab2-v3                                                                  206.9445   56.2670 14.2
112.507 1384 Alaska-slab2-v3                                                                  207.2316   55.8425  9.0
 80.502 1385 Alaska-slab2-v3                                                                  207.1181   55.9043 10.6
 56.352 1386 Alaska-slab2-v3                                                                  207.0097   55.9699 11.9
 38.484 1387 Alaska-slab2-v3                                                                  206.9012   56.0360 12.8
 24.740 1388 Alaska-slab2-v3                                                                  206.7921   56.1021 13.5
 12.566 1389 Alaska-slab2-v3                                                                  206.6826   56.1682 14.1
116.644 1407 Alaska-slab2-v3                                                                  206.9698   55.7423  8.7
 86.388 1408 Alaska-slab2-v3                                                                  206.8571   55.8047 10.2
 62.502 1409 Alaska-slab2-v3                                                                  206.7489   55.8703 11.4
 43.592 1410 Alaska-slab2-v3                                                                  206.6420   55.9370 12.3
 28.265 1411 Alaska-slab2-v3                                                                  206.5345   56.0037 13.1
 14.332 1412 Alaska-slab2-v3                                                                  206.4266   56.0704 13.8
128.090 1430 Alaska-slab2-v3                                                                  206.7109   55.6415  8.3
101.622 1431 Alaska-slab2-v3                                                                  206.5997   55.7049  9.7
 79.211 1432 Alaska-slab2-v3                                                                  206.4925   55.7709 10.9
 60.857 1433 Alaska-slab2-v3                                                                  206.3880   55.8387 11.8
 45.208 1434 Alaska-slab2-v3                                                                  206.2831   55.9065 12.6
 30.912 1435 Alaska-slab2-v3                                                                  206.1777   55.9743 13.4
 16.229 1436 Alaska-slab2-v3                                                                  206.0720   56.0420 14.1
129.010 1453 Alaska-slab2-v3                                                                  206.4544   55.5398  8.0
104.608 1454 Alaska-slab2-v3                                                                  206.3461   55.6049  9.2
 82.807 1455 Alaska-slab2-v3                                                                  206.2403   55.6716 10.3
 64.205 1456 Alaska-slab2-v3                                                                  206.1377   55.7402 11.2
 47.604 1457 Alaska-slab2-v3                                                                  206.0354   55.8091 12.1
 32.203 1458 Alaska-slab2-v3                                                                  205.9326   55.8780 12.8
 16.601 1459 Alaska-slab2-v3                                                                  205.8296   55.9468 13.6
118.872 1477 Alaska-slab2-v3                                                                  206.0955   55.5043  8.8
 99.643 1478 Alaska-slab2-v3                                                                  205.9916   55.5720  9.8
 81.968 1479 Alaska-slab2-v3                                                                  205.8897   55.6408 10.7
 65.652 1480 Alaska-slab2-v3                                                                  205.7890   55.7103 11.5
 50.113 1481 Alaska-slab2-v3                                                                  205.6879   55.7798 12.3
 34.574 1482 Alaska-slab2-v3                                                                  205.5864   55.8492 13.1
 18.064 1483 Alaska-slab2-v3                                                                  205.4847   55.9185 13.9
122.525 1500 Alaska-slab2-v3                                                                  205.8458   55.4021  8.3
104.736 1501 Alaska-slab2-v3                                                                  205.7450   55.4712  9.2
 87.347 1502 Alaska-slab2-v3                                                                  205.6444   55.5406 10.1
 70.757 1503 Alaska-slab2-v3                                                                  205.5441   55.6102 10.9
 54.367 1504 Alaska-slab2-v3                                                                  205.4433   55.6797 11.7
 37.377 1505 Alaska-slab2-v3                                                                  205.3421   55.7491 12.6
 19.588 1506 Alaska-slab2-v3                                                                  205.2407   55.8184 13.5
109.360 1524 Alaska-slab2-v3                                                                  205.4988   55.3689  8.7
 93.121 1525 Alaska-slab2-v3                                                                  205.4008   55.4394  9.5
 76.470 1526 Alaska-slab2-v3                                                                  205.3016   55.5095 10.3
 59.408 1527 Alaska-slab2-v3                                                                  205.2007   55.5787 11.2
 41.113 1528 Alaska-slab2-v3                                                                  205.0989   55.6477 12.1
 21.584 1529 Alaska-slab2-v3                                                                  204.9969   55.7165 13.0
114.251 1547 Alaska-slab2-v3                                                                  205.2584   55.2577  8.5
 98.400 1548 Alaska-slab2-v3                                                                  205.1624   55.3289  9.3
 81.519 1549 Alaska-slab2-v3                                                                  205.0641   55.3994 10.1
 63.404 1550 Alaska-slab2-v3                                                                  204.9633   55.4688 11.0
 43.848 1551 Alaska-slab2-v3                                                                  204.8619   55.5377 11.9
 22.850 1552 Alaska-slab2-v3                                                                  204.7602   55.6064 12.9
118.145 1570 Alaska-slab2-v3                                                                  205.0209   55.1392  8.5
102.044 1571 Alaska-slab2-v3                                                                  204.9251   55.2105  9.3
 84.131 1572 Alaska-slab2-v3                                                                  204.8280   55.2811 10.2
 64.809 1573 Alaska-slab2-v3                                                                  204.7290   55.3509 11.1
 44.078 1574 Alaska-slab2-v3                                                                  204.6291   55.4202 12.2
 22.341 1575 Alaska-slab2-v3                                                                  204.5289   55.4895 13.2
119.439 1593 Alaska-slab2-v3                                                                  204.7814   55.0242  8.6
102.659 1594 Alaska-slab2-v3                                                                  204.6865   55.0957  9.4
 84.101 1595 Alaska-slab2-v3                                                                  204.5900   55.1664 10.4
 64.162 1596 Alaska-slab2-v3                                                                  204.4918   55.2363 11.4
 43.038 1597 Alaska-slab2-v3                                                                  204.3930   55.3061 12.5
 21.519 1598 Alaska-slab2-v3                                                                  204.2939   55.3757 13.6
133.425 1615 Alaska-slab2-v3                                                                  204.6288   54.8438  8.0
116.893 1616 Alaska-slab2-v3                                                                  204.5354   54.9157  8.9
 99.388 1617 Alaska-slab2-v3                                                                  204.4412   54.9874  9.8
 80.716 1618 Alaska-slab2-v3                                                                  204.3449   55.0581 10.7
 61.072 1619 Alaska-slab2-v3                                                                  204.2470   55.1280 11.7
 40.650 1620 Alaska-slab2-v3                                                                  204.1487   55.1978 12.8
 20.228 1621 Alaska-slab2-v3                                                                  204.0501   55.2676 13.8
118.162 1638 Alaska-slab2-v3                                                                  204.3707   54.7446  8.3
 99.017 1639 Alaska-slab2-v3                                                                  204.2784   54.8168  9.2
 79.667 1640 Alaska-slab2-v3                                                                  204.1843   54.8883 10.2
 60.110 1641 Alaska-slab2-v3                                                                  204.0877   54.9587 11.1
 40.142 1642 Alaska-slab2-v3                                                                  203.9900   55.0287 12.1
 20.174 1643 Alaska-slab2-v3                                                                  203.8920   55.0987 13.1
113.538 1661 Alaska-slab2-v3                                                                  204.0996   54.6557  8.6
 93.227 1662 Alaska-slab2-v3                                                                  204.0074   54.7278  9.6
 73.728 1663 Alaska-slab2-v3                                                                  203.9128   54.7990 10.6
 54.839 1664 Alaska-slab2-v3                                                                  203.8162   54.8693 11.5
 36.559 1665 Alaska-slab2-v3                                                                  203.7191   54.9396 12.4
 18.280 1666 Alaska-slab2-v3                                                                  203.6216   55.0097 13.3
110.809 1683 Alaska-slab2-v3                                                                  203.8178   54.5758  8.9
 89.607 1684 Alaska-slab2-v3                                                                  203.7246   54.6474 10.0
 70.206 1685 Alaska-slab2-v3                                                                  203.6297   54.7183 10.9
 52.404 1686 Alaska-slab2-v3                                                                  203.5336   54.7888 11.8
 35.003 1687 Alaska-slab2-v3                                                                  203.4371   54.8593 12.7
 17.801 1688 Alaska-slab2-v3                                                                  203.3403   54.9297 13.6
111.057 1705 Alaska-slab2-v3                                                                  203.5301   54.5031  9.1
 89.866 1706 Alaska-slab2-v3                                                                  203.4363   54.5742 10.1
 70.637 1707 Alaska-slab2-v3                                                                  203.3410   54.6449 11.1
 53.174 1708 Alaska-slab2-v3                                                                  203.2450   54.7154 12.0
 36.103 1709 Alaska-slab2-v3                                                                  203.1487   54.7859 12.9
 18.640 1710 Alaska-slab2-v3                                                                  203.0520   54.8563 13.8
100.252 1726 Alaska-slab2-v3                                                                  203.2397   54.4355  9.2
 77.608 1727 Alaska-slab2-v3                                                                  203.1452   54.5063 10.3
 57.434 1728 Alaska-slab2-v3                                                                  203.0494   54.5766 11.2
 38.495 1729 Alaska-slab2-v3                                                                  202.9530   54.6469 12.2
 19.968 1730 Alaska-slab2-v3                                                                  202.8563   54.7171 13.1
127.964 1745 Alaska-slab2-v3                                                                  203.0409   54.3010  8.0
102.893 1746 Alaska-slab2-v3                                                                  202.9467   54.3715  9.3
 80.429 1747 Alaska-slab2-v3                                                                  202.8513   54.4418 10.4
 60.372 1748 Alaska-slab2-v3                                                                  202.7548   54.5117 11.4
 41.518 1749 Alaska-slab2-v3                                                                  202.6578   54.5816 12.3
 21.862 1750 Alaska-slab2-v3                                                                  202.5605   54.6514 13.3
