  4.194 3350 Alaska-slab2-v3                                                                  170.8230   52.6053  8.5
  1.944 3351 Alaska-slab2-v3                                                                  170.9229   52.6706 10.0
  4.158 3364 Alaska-slab2-v3                                                                  170.5766   52.7064  8.4
  1.939 3365 Alaska-slab2-v3                                                                  170.6783   52.7708  9.8
  4.156 3378 Alaska-slab2-v3                                                                  170.3296   52.8082  8.3
  1.968 3379 Alaska-slab2-v3                                                                  170.4332   52.8718  9.7
  5.510 3393 Alaska-slab2-v3                                                                  170.0819   52.9101  8.1
  3.573 3394 Alaska-slab2-v3                                                                  170.1869   52.9731  9.5
  3.608 3409 Alaska-slab2-v3                                                                  169.9321   53.0825  9.3
  3.640 3418 Alaska-slab2-v3                                                                  169.6686   53.1994  9.0
  3.622 3427 Alaska-slab2-v3                                                                  169.4050   53.3152  8.8
  1.842 3428 Alaska-slab2-v3                                                                  169.4998   53.3843 10.0
  3.572 3436 Alaska-slab2-v3                                                                  169.1410   53.4303  8.7
  1.825 3437 Alaska-slab2-v3                                                                  169.2331   53.5010  9.9
  3.521 3445 Alaska-slab2-v3                                                                  168.8772   53.5452  8.6
  1.800 3446 Alaska-slab2-v3                                                                  168.9678   53.6168  9.7
  3.898 3454 Alaska-slab2-v3                                                                  168.6148   53.6597  8.4
  2.695 3455 Alaska-slab2-v3                                                                  168.7047   53.7319  9.4
  2.819 3463 Alaska-slab2-v3                                                                  168.3536   53.7742  8.2
  1.928 3464 Alaska-slab2-v3                                                                  168.4421   53.8471  9.1
  2.332 3473 Alaska-slab2-v3                                                                  168.0922   53.8895  8.1
  1.787 3474 Alaska-slab2-v3                                                                  168.1790   53.9633  8.9
  1.230 3475 Alaska-slab2-v3                                                                  168.2618   54.0384  9.8
  1.285 3483 Alaska-slab2-v3                                                                  167.8302   54.0058  8.1
  0.976 3484 Alaska-slab2-v3                                                                  167.9147   54.0806  8.9
  0.667 3485 Alaska-slab2-v3                                                                  167.9964   54.1563  9.8
  1.303 3494 Alaska-slab2-v3                                                                  167.5675   54.1229  8.1
  0.992 3495 Alaska-slab2-v3                                                                  167.6494   54.1988  8.9
  0.677 3496 Alaska-slab2-v3                                                                  167.7277   54.2757  9.8
  1.330 3505 Alaska-slab2-v3                                                                  167.3044   54.2406  8.1
  1.017 3506 Alaska-slab2-v3                                                                  167.3837   54.3175  8.9
  0.694 3507 Alaska-slab2-v3                                                                  167.4581   54.3956  9.8
  1.325 3517 Alaska-slab2-v3                                                                  167.0410   54.3585  8.1
  1.009 3518 Alaska-slab2-v3                                                                  167.1176   54.4364  9.0
  0.686 3519 Alaska-slab2-v3                                                                  167.1884   54.5156  9.8
  1.041 3529 Alaska-slab2-v3                                                                  166.7761   54.4767  8.2
  0.784 3530 Alaska-slab2-v3                                                                  166.8495   54.5557  9.1
  0.529 3531 Alaska-slab2-v3                                                                  166.9145   54.6365  9.9
  0.631 3541 Alaska-slab2-v3                                                                  166.5086   54.5954  8.4
  0.416 3542 Alaska-slab2-v3                                                                  166.5778   54.6756  9.4
  0.426 3553 Alaska-slab2-v3                                                                  166.2376   54.7142  8.8
  0.274 3554 Alaska-slab2-v3                                                                  166.2954   54.7968  9.9
  0.256 3564 Alaska-slab2-v3                                                                  165.9035   54.7504  8.1
  0.160 3565 Alaska-slab2-v3                                                                  165.9582   54.8337  9.4
