  1.834 2479 Alaska-slab2-v3                                                                  189.4593   52.1155 28.2
  0.982 2480 Alaska-slab2-v3                                                                  189.4161   52.1913 32.8
  1.795 2492 Alaska-slab2-v3                                                                  189.2020   52.0562 28.9
  0.958 2493 Alaska-slab2-v3                                                                  189.1599   52.1321 33.5
  1.733 2505 Alaska-slab2-v3                                                                  188.9444   52.0005 30.0
  0.915 2506 Alaska-slab2-v3                                                                  188.9029   52.0766 34.5
  1.650 2518 Alaska-slab2-v3                                                                  188.6861   51.9482 31.2
  2.248 2530 Alaska-slab2-v3                                                                  188.4677   51.8201 28.5
  1.567 2531 Alaska-slab2-v3                                                                  188.4266   51.8989 32.4
  1.543 2543 Alaska-slab2-v3                                                                  188.2057   51.7729 29.5
  0.806 2544 Alaska-slab2-v3                                                                  188.1654   51.8521 33.3
  1.520 2555 Alaska-slab2-v3                                                                  187.9420   51.7281 30.1
  0.803 2556 Alaska-slab2-v3                                                                  187.9027   51.8077 34.0
  1.530 2567 Alaska-slab2-v3                                                                  187.6772   51.6860 30.5
  0.817 2568 Alaska-slab2-v3                                                                  187.6391   51.7656 34.4
  1.547 2579 Alaska-slab2-v3                                                                  187.4119   51.6459 30.7
  0.825 2580 Alaska-slab2-v3                                                                  187.3752   51.7253 34.7
  1.542 2591 Alaska-slab2-v3                                                                  187.1467   51.6067 30.9
  0.809 2592 Alaska-slab2-v3                                                                  187.1114   51.6861 34.9
  1.512 2603 Alaska-slab2-v3                                                                  186.8821   51.5678 30.8
  0.780 2604 Alaska-slab2-v3                                                                  186.8482   51.6477 34.8
  1.484 2615 Alaska-slab2-v3                                                                  186.6188   51.5299 30.1
  0.754 2616 Alaska-slab2-v3                                                                  186.5861   51.6103 34.0
  2.117 2627 Alaska-slab2-v3                                                                  186.3589   51.4940 28.9
  1.455 2628 Alaska-slab2-v3                                                                  186.3262   51.5747 32.7
  1.497 2641 Alaska-slab2-v3                                                                  186.0702   51.5418 30.9
  0.791 2642 Alaska-slab2-v3                                                                  186.0397   51.6227 34.8
  1.578 2654 Alaska-slab2-v3                                                                  185.8171   51.5119 28.8
  0.825 2655 Alaska-slab2-v3                                                                  185.7851   51.5923 32.6
  1.639 2668 Alaska-slab2-v3                                                                  185.5297   51.5645 30.6
  0.887 2669 Alaska-slab2-v3                                                                  185.4992   51.6439 34.8
  1.675 2682 Alaska-slab2-v3                                                                  185.2705   51.5377 28.9
  0.915 2683 Alaska-slab2-v3                                                                  185.2410   51.6181 32.9
  1.710 2697 Alaska-slab2-v3                                                                  184.9782   51.5924 31.6
  1.701 2712 Alaska-slab2-v3                                                                  184.7119   51.5665 30.9
  1.690 2727 Alaska-slab2-v3                                                                  184.4439   51.5407 30.5
  0.905 2728 Alaska-slab2-v3                                                                  184.4180   51.6199 34.9
  1.686 2742 Alaska-slab2-v3                                                                  184.1751   51.5155 30.4
  0.905 2743 Alaska-slab2-v3                                                                  184.1508   51.5951 34.7
  1.689 2757 Alaska-slab2-v3                                                                  183.9058   51.4915 30.5
  0.910 2758 Alaska-slab2-v3                                                                  183.8829   51.5713 34.9
  1.695 2772 Alaska-slab2-v3                                                                  183.6363   51.4695 30.8
  1.694 2787 Alaska-slab2-v3                                                                  183.3666   51.4498 31.2
  1.690 2802 Alaska-slab2-v3                                                                  183.0966   51.4329 31.6
  2.331 2816 Alaska-slab2-v3                                                                  182.8429   51.3366 28.2
  1.675 2817 Alaska-slab2-v3                                                                  182.8264   51.4190 32.1
  1.650 2831 Alaska-slab2-v3                                                                  182.5711   51.3262 28.6
  0.889 2832 Alaska-slab2-v3                                                                  182.5560   51.4083 32.5
  1.653 2845 Alaska-slab2-v3                                                                  182.2992   51.3193 28.9
  0.881 2846 Alaska-slab2-v3                                                                  182.2854   51.4011 33.0
  1.671 2859 Alaska-slab2-v3                                                                  182.0271   51.3159 29.3
  0.889 2860 Alaska-slab2-v3                                                                  182.0147   51.3972 33.5
  1.700 2873 Alaska-slab2-v3                                                                  181.7548   51.3158 29.9
  0.906 2874 Alaska-slab2-v3                                                                  181.7439   51.3965 34.2
  1.728 2887 Alaska-slab2-v3                                                                  181.4828   51.3188 30.8
  0.934 2901 Alaska-slab2-v3                                                                  181.2114   51.3246 32.1
  1.739 2913 Alaska-slab2-v3                                                                  180.9469   51.2527 29.2
  0.919 2914 Alaska-slab2-v3                                                                  180.9410   51.3333 33.7
  1.716 2926 Alaska-slab2-v3                                                                  180.6755   51.2646 30.6
  0.919 2939 Alaska-slab2-v3                                                                  180.4047   51.2788 31.9
  1.787 2950 Alaska-slab2-v3                                                                  180.1355   51.2137 28.3
  0.945 2951 Alaska-slab2-v3                                                                  180.1347   51.2944 32.8
  1.818 2962 Alaska-slab2-v3                                                                  179.8700   51.2268 29.0
  0.974 2963 Alaska-slab2-v3                                                                  179.8713   51.3067 33.5
  1.833 2974 Alaska-slab2-v3                                                                  179.6105   51.2369 29.5
  0.974 2975 Alaska-slab2-v3                                                                  179.6141   51.3158 34.2
  1.826 2986 Alaska-slab2-v3                                                                  179.3516   51.2497 30.0
  0.959 2987 Alaska-slab2-v3                                                                  179.3576   51.3281 34.9
  1.808 2998 Alaska-slab2-v3                                                                  179.0935   51.2676 30.5
  1.793 3010 Alaska-slab2-v3                                                                  178.8365   51.2910 31.0
  0.972 3022 Alaska-slab2-v3                                                                  178.5809   51.3197 31.5
  0.978 3033 Alaska-slab2-v3                                                                  178.3268   51.3528 31.9
  1.741 3044 Alaska-slab2-v3                                                                  178.0743   51.3896 32.0
  2.518 3055 Alaska-slab2-v3                                                                  177.8232   51.4294 32.0
  3.303 3066 Alaska-slab2-v3                                                                  177.5734   51.4719 31.8
  4.101 3077 Alaska-slab2-v3                                                                  177.3246   51.5169 31.5
  4.142 3088 Alaska-slab2-v3                                                                  177.0763   51.5638 31.1
  4.193 3099 Alaska-slab2-v3                                                                  176.8278   51.6123 31.0
  4.217 3111 Alaska-slab2-v3                                                                  176.5792   51.6616 31.1
  4.178 3122 Alaska-slab2-v3                                                                  176.3306   51.7115 31.6
  4.107 3133 Alaska-slab2-v3                                                                  176.0830   51.7624 32.2
  4.053 3144 Alaska-slab2-v3                                                                  175.8363   51.8148 32.8
  7.798 3154 Alaska-slab2-v3                                                                  175.5472   51.7963 28.2
  4.050 3155 Alaska-slab2-v3                                                                  175.5906   51.8690 33.3
  7.771 3165 Alaska-slab2-v3                                                                  175.2999   51.8530 28.5
  4.068 3166 Alaska-slab2-v3                                                                  175.3460   51.9253 33.5
  7.744 3176 Alaska-slab2-v3                                                                  175.0535   51.9114 28.6
  4.087 3177 Alaska-slab2-v3                                                                  175.1021   51.9833 33.6
  7.702 3187 Alaska-slab2-v3                                                                  174.8078   51.9715 28.6
  4.077 3188 Alaska-slab2-v3                                                                  174.8591   52.0429 33.5
  7.653 3198 Alaska-slab2-v3                                                                  174.5626   52.0333 28.4
  4.048 3199 Alaska-slab2-v3                                                                  174.6167   52.1044 33.3
  3.989 3210 Alaska-slab2-v3                                                                  174.3752   52.1680 32.8
  3.918 3221 Alaska-slab2-v3                                                                  174.1350   52.2344 32.0
  3.891 3232 Alaska-slab2-v3                                                                  173.8962   52.3037 31.0
  7.118 3243 Alaska-slab2-v3                                                                  173.6587   52.3759 29.9
  3.731 3244 Alaska-slab2-v3                                                                  173.7229   52.4449 34.6
  7.130 3255 Alaska-slab2-v3                                                                  173.4221   52.4508 28.8
  3.747 3256 Alaska-slab2-v3                                                                  173.4899   52.5195 33.4
  3.764 3268 Alaska-slab2-v3                                                                  173.2576   52.5969 32.4
  6.899 3280 Alaska-slab2-v3                                                                  173.0263   52.6772 31.5
  6.969 3293 Alaska-slab2-v3                                                                  172.7967   52.7605 30.8
  7.044 3306 Alaska-slab2-v3                                                                  172.5689   52.8464 30.0
  3.719 3307 Alaska-slab2-v3                                                                  172.6444   52.9119 34.7
  7.099 3319 Alaska-slab2-v3                                                                  172.3427   52.9348 29.1
  3.767 3320 Alaska-slab2-v3                                                                  172.4215   52.9996 33.7
  3.797 3333 Alaska-slab2-v3                                                                  172.2004   53.0895 32.4
  6.856 3346 Alaska-slab2-v3                                                                  171.9804   53.1815 30.8
