 50.226 2479 Alaska-slab2-v3                                                                  189.4593   52.1155 28.2
 26.890 2480 Alaska-slab2-v3                                                                  189.4161   52.1913 32.8
 49.153 2492 Alaska-slab2-v3                                                                  189.2020   52.0562 28.9
 26.222 2493 Alaska-slab2-v3                                                                  189.1599   52.1321 33.5
 47.454 2505 Alaska-slab2-v3                                                                  188.9444   52.0005 30.0
 25.062 2506 Alaska-slab2-v3                                                                  188.9029   52.0766 34.5
 24.450 2518 Alaska-slab2-v3                                                                  188.6861   51.9482 31.2
 44.016 2530 Alaska-slab2-v3                                                                  188.4677   51.8201 28.5
 22.940 2531 Alaska-slab2-v3                                                                  188.4266   51.8989 32.4
 42.252 2543 Alaska-slab2-v3                                                                  188.2057   51.7729 29.5
 22.063 2544 Alaska-slab2-v3                                                                  188.1654   51.8521 33.3
 41.626 2555 Alaska-slab2-v3                                                                  187.9420   51.7281 30.1
 21.989 2556 Alaska-slab2-v3                                                                  187.9027   51.8077 34.0
 41.893 2567 Alaska-slab2-v3                                                                  187.6772   51.6860 30.5
 22.383 2568 Alaska-slab2-v3                                                                  187.6391   51.7656 34.4
 42.370 2579 Alaska-slab2-v3                                                                  187.4119   51.6459 30.7
 22.581 2580 Alaska-slab2-v3                                                                  187.3752   51.7253 34.7
 42.219 2591 Alaska-slab2-v3                                                                  187.1467   51.6067 30.9
 22.153 2592 Alaska-slab2-v3                                                                  187.1114   51.6861 34.9
 41.416 2603 Alaska-slab2-v3                                                                  186.8821   51.5678 30.8
 21.360 2604 Alaska-slab2-v3                                                                  186.8482   51.6477 34.8
 40.651 2615 Alaska-slab2-v3                                                                  186.6188   51.5299 30.1
 20.660 2616 Alaska-slab2-v3                                                                  186.5861   51.6103 34.0
 41.044 2627 Alaska-slab2-v3                                                                  186.3589   51.4940 28.9
 20.682 2628 Alaska-slab2-v3                                                                  186.3262   51.5747 32.7
 40.992 2641 Alaska-slab2-v3                                                                  186.0702   51.5418 30.9
 21.672 2642 Alaska-slab2-v3                                                                  186.0397   51.6227 34.8
 43.201 2654 Alaska-slab2-v3                                                                  185.8171   51.5119 28.8
 22.581 2655 Alaska-slab2-v3                                                                  185.7851   51.5923 32.6
 44.896 2668 Alaska-slab2-v3                                                                  185.5297   51.5645 30.6
 24.296 2669 Alaska-slab2-v3                                                                  185.4992   51.6439 34.8
 45.871 2682 Alaska-slab2-v3                                                                  185.2705   51.5377 28.9
 25.058 2683 Alaska-slab2-v3                                                                  185.2410   51.6181 32.9
 25.204 2697 Alaska-slab2-v3                                                                  184.9782   51.5924 31.6
 24.885 2712 Alaska-slab2-v3                                                                  184.7119   51.5665 30.9
 46.280 2727 Alaska-slab2-v3                                                                  184.4439   51.5407 30.5
 24.780 2728 Alaska-slab2-v3                                                                  184.4180   51.6199 34.9
 46.171 2742 Alaska-slab2-v3                                                                  184.1751   51.5155 30.4
 24.782 2743 Alaska-slab2-v3                                                                  184.1508   51.5951 34.7
 46.257 2757 Alaska-slab2-v3                                                                  183.9058   51.4915 30.5
 24.915 2758 Alaska-slab2-v3                                                                  183.8829   51.5713 34.9
 24.505 2772 Alaska-slab2-v3                                                                  183.6363   51.4695 30.8
 24.566 2787 Alaska-slab2-v3                                                                  183.3666   51.4498 31.2
 20.063 2802 Alaska-slab2-v3                                                                  183.0966   51.4329 31.6
 28.232 2816 Alaska-slab2-v3                                                                  182.8429   51.3366 28.2
 15.414 2817 Alaska-slab2-v3                                                                  182.8264   51.4190 32.1
 19.771 2831 Alaska-slab2-v3                                                                  182.5711   51.3262 28.6
 10.657 2832 Alaska-slab2-v3                                                                  182.5560   51.4083 32.5
 11.319 2845 Alaska-slab2-v3                                                                  182.2992   51.3193 28.9
  6.030 2846 Alaska-slab2-v3                                                                  182.2854   51.4011 33.0
 11.442 2859 Alaska-slab2-v3                                                                  182.0271   51.3159 29.3
  6.085 2860 Alaska-slab2-v3                                                                  182.0147   51.3972 33.5
 11.642 2873 Alaska-slab2-v3                                                                  181.7548   51.3158 29.9
  6.201 2874 Alaska-slab2-v3                                                                  181.7439   51.3965 34.2
  6.363 2887 Alaska-slab2-v3                                                                  181.4828   51.3188 30.8
  6.391 2901 Alaska-slab2-v3                                                                  181.2114   51.3246 32.1
 11.902 2913 Alaska-slab2-v3                                                                  180.9469   51.2527 29.2
  6.293 2914 Alaska-slab2-v3                                                                  180.9410   51.3333 33.7
  6.321 2926 Alaska-slab2-v3                                                                  180.6755   51.2646 30.6
  6.288 2939 Alaska-slab2-v3                                                                  180.4047   51.2788 31.9
 12.231 2950 Alaska-slab2-v3                                                                  180.1355   51.2137 28.3
  6.472 2951 Alaska-slab2-v3                                                                  180.1347   51.2944 32.8
 12.448 2962 Alaska-slab2-v3                                                                  179.8700   51.2268 29.0
  6.671 2963 Alaska-slab2-v3                                                                  179.8713   51.3067 33.5
 12.552 2974 Alaska-slab2-v3                                                                  179.6105   51.2369 29.5
  6.670 2975 Alaska-slab2-v3                                                                  179.6141   51.3158 34.2
  6.857 2986 Alaska-slab2-v3                                                                  179.3516   51.2497 30.0
  6.792 2998 Alaska-slab2-v3                                                                  179.0935   51.2676 30.5
  6.692 3010 Alaska-slab2-v3                                                                  178.8365   51.2910 31.0
  6.652 3022 Alaska-slab2-v3                                                                  178.5809   51.3197 31.5
  6.692 3033 Alaska-slab2-v3                                                                  178.3268   51.3528 31.9
  6.811 3044 Alaska-slab2-v3                                                                  178.0743   51.3896 32.0
  6.896 3055 Alaska-slab2-v3                                                                  177.8232   51.4294 32.0
  6.957 3066 Alaska-slab2-v3                                                                  177.5734   51.4719 31.8
  7.018 3077 Alaska-slab2-v3                                                                  177.3246   51.5169 31.5
  7.089 3088 Alaska-slab2-v3                                                                  177.0763   51.5638 31.1
  7.176 3099 Alaska-slab2-v3                                                                  176.8278   51.6123 31.0
  7.217 3111 Alaska-slab2-v3                                                                  176.5792   51.6616 31.1
  7.150 3122 Alaska-slab2-v3                                                                  176.3306   51.7115 31.6
  7.028 3133 Alaska-slab2-v3                                                                  176.0830   51.7624 32.2
  6.936 3144 Alaska-slab2-v3                                                                  175.8363   51.8148 32.8
 13.347 3154 Alaska-slab2-v3                                                                  175.5472   51.7963 28.2
  6.932 3155 Alaska-slab2-v3                                                                  175.5906   51.8690 33.3
 13.300 3165 Alaska-slab2-v3                                                                  175.2999   51.8530 28.5
  6.962 3166 Alaska-slab2-v3                                                                  175.3460   51.9253 33.5
 13.254 3176 Alaska-slab2-v3                                                                  175.0535   51.9114 28.6
  6.995 3177 Alaska-slab2-v3                                                                  175.1021   51.9833 33.6
 13.182 3187 Alaska-slab2-v3                                                                  174.8078   51.9715 28.6
  6.979 3188 Alaska-slab2-v3                                                                  174.8591   52.0429 33.5
 13.099 3198 Alaska-slab2-v3                                                                  174.5626   52.0333 28.4
  6.928 3199 Alaska-slab2-v3                                                                  174.6167   52.1044 33.3
  6.828 3210 Alaska-slab2-v3                                                                  174.3752   52.1680 32.8
  6.705 3221 Alaska-slab2-v3                                                                  174.1350   52.2344 32.0
  6.659 3232 Alaska-slab2-v3                                                                  173.8962   52.3037 31.0
 12.182 3243 Alaska-slab2-v3                                                                  173.6587   52.3759 29.9
  6.386 3244 Alaska-slab2-v3                                                                  173.7229   52.4449 34.6
 12.203 3255 Alaska-slab2-v3                                                                  173.4221   52.4508 28.8
  6.413 3256 Alaska-slab2-v3                                                                  173.4899   52.5195 33.4
  6.442 3268 Alaska-slab2-v3                                                                  173.2576   52.5969 32.4
  6.447 3280 Alaska-slab2-v3                                                                  173.0263   52.6772 31.5
  6.484 3293 Alaska-slab2-v3                                                                  172.7967   52.7605 30.8
 12.056 3306 Alaska-slab2-v3                                                                  172.5689   52.8464 30.0
  6.365 3307 Alaska-slab2-v3                                                                  172.6444   52.9119 34.7
 12.149 3319 Alaska-slab2-v3                                                                  172.3427   52.9348 29.1
  6.447 3320 Alaska-slab2-v3                                                                  172.4215   52.9996 33.7
  6.499 3333 Alaska-slab2-v3                                                                  172.2004   53.0895 32.4
  6.482 3346 Alaska-slab2-v3                                                                  171.9804   53.1815 30.8
