 22.213 0770 Alaska-slab2-v3                                                                  212.7037   58.1232  9.6
 14.439 0771 Alaska-slab2-v3                                                                  212.5640   58.1721 11.5
  8.762 0772 Alaska-slab2-v3                                                                  212.4241   58.2223 12.9
  4.895 0773 Alaska-slab2-v3                                                                  212.2830   58.2726 13.8
  2.468 0774 Alaska-slab2-v3                                                                  212.1411   58.3229 14.4
  1.111 0775 Alaska-slab2-v3                                                                  211.9987   58.3731 14.7
  0.411 0776 Alaska-slab2-v3                                                                  211.8558   58.4231 14.9
 23.051 0804 Alaska-slab2-v3                                                                  212.5018   57.9757  9.3
 15.643 0805 Alaska-slab2-v3                                                                  212.3630   58.0250 11.1
 10.056 0806 Alaska-slab2-v3                                                                  212.2250   58.0764 12.5
  6.083 0807 Alaska-slab2-v3                                                                  212.0860   58.1278 13.4
  3.476 0808 Alaska-slab2-v3                                                                  211.9461   58.1791 14.1
  1.780 0809 Alaska-slab2-v3                                                                  211.8057   58.2304 14.5
  0.786 0810 Alaska-slab2-v3                                                                  211.6649   58.2816 14.7
 24.372 0838 Alaska-slab2-v3                                                                  212.2938   57.8339  8.9
 17.576 0839 Alaska-slab2-v3                                                                  212.1557   57.8839 10.5
 12.207 0840 Alaska-slab2-v3                                                                  212.0188   57.9358 11.8
  8.138 0841 Alaska-slab2-v3                                                                  211.8814   57.9880 12.8
  5.160 0842 Alaska-slab2-v3                                                                  211.7432   58.0402 13.5
  2.978 0843 Alaska-slab2-v3                                                                  211.6045   58.0922 14.0
  1.384 0844 Alaska-slab2-v3                                                                  211.4652   58.1442 14.4
 26.722 0872 Alaska-slab2-v3                                                                  212.0783   57.6978  8.4
 20.774 0873 Alaska-slab2-v3                                                                  211.9416   57.7490  9.9
 15.777 0874 Alaska-slab2-v3                                                                  211.8053   57.8010 11.1
 11.771 0875 Alaska-slab2-v3                                                                  211.6687   57.8535 12.1
  8.591 0876 Alaska-slab2-v3                                                                  211.5314   57.9059 12.8
  6.030 0877 Alaska-slab2-v3                                                                  211.3937   57.9582 13.5
  3.841 0878 Alaska-slab2-v3                                                                  211.2554   58.0104 14.0
  1.941 0879 Alaska-slab2-v3                                                                  211.1167   58.0625 14.4
 28.040 0905 Alaska-slab2-v3                                                                  211.8526   57.5663  8.1
 22.663 0906 Alaska-slab2-v3                                                                  211.7178   57.6189  9.4
 17.949 0907 Alaska-slab2-v3                                                                  211.5824   57.6714 10.6
 13.896 0908 Alaska-slab2-v3                                                                  211.4462   57.7238 11.5
 10.463 0909 Alaska-slab2-v3                                                                  211.3094   57.7761 12.4
  7.527 0910 Alaska-slab2-v3                                                                  211.1721   57.8283 13.1
  4.880 0911 Alaska-slab2-v3                                                                  211.0343   57.8803 13.7
  2.399 0912 Alaska-slab2-v3                                                                  210.8961   57.9322 14.3
 22.443 0939 Alaska-slab2-v3                                                                  211.4814   57.4929  9.1
 17.680 0940 Alaska-slab2-v3                                                                  211.3469   57.5459 10.2
 13.431 0941 Alaska-slab2-v3                                                                  211.2112   57.5983 11.2
  9.612 0942 Alaska-slab2-v3                                                                  211.0747   57.6504 12.1
  6.179 0943 Alaska-slab2-v3                                                                  210.9378   57.7023 12.9
  3.004 0944 Alaska-slab2-v3                                                                  210.8003   57.7542 13.7
 23.220 0972 Alaska-slab2-v3                                                                  211.2308   57.3710  9.0
 18.499 0973 Alaska-slab2-v3                                                                  211.0969   57.4240 10.1
 14.204 0974 Alaska-slab2-v3                                                                  210.9619   57.4765 11.1
 10.249 0975 Alaska-slab2-v3                                                                  210.8263   57.5288 12.1
  6.592 0976 Alaska-slab2-v3                                                                  210.6901   57.5810 12.9
  3.190 0977 Alaska-slab2-v3                                                                  210.5535   57.6331 13.7
 22.586 1004 Alaska-slab2-v3                                                                  210.9669   57.2526  9.2
 17.813 1005 Alaska-slab2-v3                                                                  210.8334   57.3056 10.3
 13.552 1006 Alaska-slab2-v3                                                                  210.7011   57.3598 11.3
  9.759 1007 Alaska-slab2-v3                                                                  210.5684   57.4139 12.2
  6.264 1008 Alaska-slab2-v3                                                                  210.4353   57.4680 13.0
  3.068 1009 Alaska-slab2-v3                                                                  210.3017   57.5220 13.7
 27.563 1035 Alaska-slab2-v3                                                                  210.8281   57.0879  8.2
 22.109 1036 Alaska-slab2-v3                                                                  210.6921   57.1379  9.5
 17.404 1037 Alaska-slab2-v3                                                                  210.5617   57.1925 10.6
 13.490 1038 Alaska-slab2-v3                                                                  210.4359   57.2507 11.6
 10.242 1039 Alaska-slab2-v3                                                                  210.3097   57.3090 12.3
  7.453 1040 Alaska-slab2-v3                                                                  210.1830   57.3673 13.0
  4.913 1041 Alaska-slab2-v3                                                                  210.0559   57.4255 13.6
  2.498 1042 Alaska-slab2-v3                                                                  209.9283   57.4835 14.2
 27.080 1066 Alaska-slab2-v3                                                                  210.5480   56.9808  8.4
 21.351 1067 Alaska-slab2-v3                                                                  210.4119   57.0299  9.8
 16.693 1068 Alaska-slab2-v3                                                                  210.2868   57.0872 10.9
 13.149 1069 Alaska-slab2-v3                                                                  210.1685   57.1498 11.8
 10.387 1070 Alaska-slab2-v3                                                                  210.0496   57.2125 12.4
  8.244 1071 Alaska-slab2-v3                                                                  209.9302   57.2750 12.9
  6.389 1072 Alaska-slab2-v3                                                                  209.8103   57.3375 13.4
  4.575 1073 Alaska-slab2-v3                                                                  209.6901   57.3999 13.8
  2.514 1074 Alaska-slab2-v3                                                                  209.5694   57.4622 14.3
 26.421 1096 Alaska-slab2-v3                                                                  210.2708   56.8864  8.3
 20.781 1097 Alaska-slab2-v3                                                                  210.1362   56.9367  9.6
 16.200 1098 Alaska-slab2-v3                                                                  210.0128   56.9950 10.7
 12.808 1099 Alaska-slab2-v3                                                                  209.8978   57.0594 11.5
 10.263 1100 Alaska-slab2-v3                                                                  209.7823   57.1238 12.1
  8.270 1101 Alaska-slab2-v3                                                                  209.6663   57.1881 12.6
  6.573 1102 Alaska-slab2-v3                                                                  209.5498   57.2524 13.0
  4.835 1103 Alaska-slab2-v3                                                                  209.4329   57.3166 13.4
  2.757 1104 Alaska-slab2-v3                                                                  209.3157   57.3806 13.9
 22.875 1126 Alaska-slab2-v3                                                                  209.8744   56.8602  9.1
 18.673 1127 Alaska-slab2-v3                                                                  209.7519   56.9196 10.1
 15.363 1128 Alaska-slab2-v3                                                                  209.6341   56.9823 10.9
 12.774 1129 Alaska-slab2-v3                                                                  209.5161   57.0452 11.5
 10.567 1130 Alaska-slab2-v3                                                                  209.3976   57.1080 12.0
  8.530 1131 Alaska-slab2-v3                                                                  209.2787   57.1707 12.5
  6.281 1132 Alaska-slab2-v3                                                                  209.1594   57.2333 13.0
  3.522 1133 Alaska-slab2-v3                                                                  209.0398   57.2957 13.7
 23.761 1155 Alaska-slab2-v3                                                                  209.6138   56.7850  8.6
 19.721 1156 Alaska-slab2-v3                                                                  209.4968   56.8478  9.5
 16.163 1157 Alaska-slab2-v3                                                                  209.3777   56.9096 10.4
 13.088 1158 Alaska-slab2-v3                                                                  209.2553   56.9697 11.1
 10.146 1159 Alaska-slab2-v3                                                                  209.1314   57.0291 11.7
  7.203 1160 Alaska-slab2-v3                                                                  209.0072   57.0883 12.4
  3.909 1161 Alaska-slab2-v3                                                                  208.8826   57.1474 13.1
 27.075 1183 Alaska-slab2-v3                                                                  209.3362   56.6985  8.4
 23.278 1184 Alaska-slab2-v3                                                                  209.2227   56.7631  9.3
 19.646 1185 Alaska-slab2-v3                                                                  209.1047   56.8252 10.2
 16.055 1186 Alaska-slab2-v3                                                                  208.9805   56.8838 11.0
 12.465 1187 Alaska-slab2-v3                                                                  208.8540   56.9412 11.9
  8.667 1188 Alaska-slab2-v3                                                                  208.7273   56.9984 12.8
  4.581 1189 Alaska-slab2-v3                                                                  208.6002   57.0555 13.8
 25.745 1210 Alaska-slab2-v3                                                                  209.0493   56.6043  8.6
 21.468 1211 Alaska-slab2-v3                                                                  208.9339   56.6675  9.7
 17.274 1212 Alaska-slab2-v3                                                                  208.8140   56.7282 10.7
 13.121 1213 Alaska-slab2-v3                                                                  208.6901   56.7867 11.7
  8.886 1214 Alaska-slab2-v3                                                                  208.5650   56.8445 12.7
  4.568 1215 Alaska-slab2-v3                                                                  208.4395   56.9022 13.7
 27.467 1236 Alaska-slab2-v3                                                                  208.8802   56.4447  8.1
 21.914 1237 Alaska-slab2-v3                                                                  208.7647   56.5072  9.4
 16.909 1238 Alaska-slab2-v3                                                                  208.6463   56.5684 10.6
 12.366 1239 Alaska-slab2-v3                                                                  208.5248   56.6279 11.7
  8.160 1240 Alaska-slab2-v3                                                                  208.4020   56.6869 12.7
  4.080 1241 Alaska-slab2-v3                                                                  208.2787   56.7458 13.7
 23.598 1262 Alaska-slab2-v3                                                                  208.5983   56.3460  8.8
 16.751 1263 Alaska-slab2-v3                                                                  208.4812   56.4069 10.4
 11.282 1264 Alaska-slab2-v3                                                                  208.3622   56.4673 11.7
  6.933 1265 Alaska-slab2-v3                                                                  208.2418   56.5275 12.7
  3.316 1266 Alaska-slab2-v3                                                                  208.1208   56.5876 13.5
 21.759 1287 Alaska-slab2-v3                                                                  208.3171   56.2446  9.4
 14.279 1288 Alaska-slab2-v3                                                                  208.2000   56.3048 11.1
  8.924 1289 Alaska-slab2-v3                                                                  208.0836   56.3666 12.4
  5.142 1290 Alaska-slab2-v3                                                                  207.9663   56.4286 13.3
  2.380 1291 Alaska-slab2-v3                                                                  207.8484   56.4905 13.9
 22.175 1312 Alaska-slab2-v3                                                                  208.0398   56.1434  9.6
 14.715 1313 Alaska-slab2-v3                                                                  207.9244   56.2042 11.4
  9.521 1314 Alaska-slab2-v3                                                                  207.8116   56.2679 12.6
  6.142 1315 Alaska-slab2-v3                                                                  207.6980   56.3317 13.5
  3.833 1316 Alaska-slab2-v3                                                                  207.5837   56.3957 14.0
  2.020 1317 Alaska-slab2-v3                                                                  207.4690   56.4595 14.5
 22.147 1336 Alaska-slab2-v3                                                                  207.7667   56.0430  9.5
 14.751 1337 Alaska-slab2-v3                                                                  207.6526   56.1043 11.3
  9.557 1338 Alaska-slab2-v3                                                                  207.5425   56.1693 12.5
  6.108 1339 Alaska-slab2-v3                                                                  207.4315   56.2344 13.4
  3.781 1340 Alaska-slab2-v3                                                                  207.3199   56.2996 13.9
  1.994 1341 Alaska-slab2-v3                                                                  207.2079   56.3648 14.4
 22.931 1360 Alaska-slab2-v3                                                                  207.4972   55.9427  9.3
 15.760 1361 Alaska-slab2-v3                                                                  207.3835   56.0042 11.0
 10.590 1362 Alaska-slab2-v3                                                                  207.2747   56.0698 12.2
  6.963 1363 Alaska-slab2-v3                                                                  207.1652   56.1355 13.1
  4.419 1364 Alaska-slab2-v3                                                                  207.0551   56.2013 13.7
  2.293 1365 Alaska-slab2-v3                                                                  206.9445   56.2670 14.2
 19.489 1384 Alaska-slab2-v3                                                                  207.2316   55.8425  9.0
 13.945 1385 Alaska-slab2-v3                                                                  207.1181   55.9043 10.6
  9.762 1386 Alaska-slab2-v3                                                                  207.0097   55.9699 11.9
  6.667 1387 Alaska-slab2-v3                                                                  206.9012   56.0360 12.8
  4.286 1388 Alaska-slab2-v3                                                                  206.7921   56.1021 13.5
  2.177 1389 Alaska-slab2-v3                                                                  206.6826   56.1682 14.1
 15.543 1407 Alaska-slab2-v3                                                                  206.9698   55.7423  8.7
 11.512 1408 Alaska-slab2-v3                                                                  206.8571   55.8047 10.2
  8.329 1409 Alaska-slab2-v3                                                                  206.7489   55.8703 11.4
  5.809 1410 Alaska-slab2-v3                                                                  206.6420   55.9370 12.3
  3.766 1411 Alaska-slab2-v3                                                                  206.5345   56.0037 13.1
  1.910 1412 Alaska-slab2-v3                                                                  206.4266   56.0704 13.8
 11.948 1430 Alaska-slab2-v3                                                                  206.7109   55.6415  8.3
  9.479 1431 Alaska-slab2-v3                                                                  206.5997   55.7049  9.7
  7.389 1432 Alaska-slab2-v3                                                                  206.4925   55.7709 10.9
  5.677 1433 Alaska-slab2-v3                                                                  206.3880   55.8387 11.8
  4.217 1434 Alaska-slab2-v3                                                                  206.2831   55.9065 12.6
  2.883 1435 Alaska-slab2-v3                                                                  206.1777   55.9743 13.4
  1.514 1436 Alaska-slab2-v3                                                                  206.0720   56.0420 14.1
  6.876 1453 Alaska-slab2-v3                                                                  206.4544   55.5398  8.0
  5.576 1454 Alaska-slab2-v3                                                                  206.3461   55.6049  9.2
  4.414 1455 Alaska-slab2-v3                                                                  206.2403   55.6716 10.3
  3.422 1456 Alaska-slab2-v3                                                                  206.1377   55.7402 11.2
  2.537 1457 Alaska-slab2-v3                                                                  206.0354   55.8091 12.1
  1.716 1458 Alaska-slab2-v3                                                                  205.9326   55.8780 12.8
  0.885 1459 Alaska-slab2-v3                                                                  205.8296   55.9468 13.6
  6.336 1477 Alaska-slab2-v3                                                                  206.0955   55.5043  8.8
  5.311 1478 Alaska-slab2-v3                                                                  205.9916   55.5720  9.8
  4.369 1479 Alaska-slab2-v3                                                                  205.8897   55.6408 10.7
  3.499 1480 Alaska-slab2-v3                                                                  205.7890   55.7103 11.5
  2.671 1481 Alaska-slab2-v3                                                                  205.6879   55.7798 12.3
  1.843 1482 Alaska-slab2-v3                                                                  205.5864   55.8492 13.1
  0.963 1483 Alaska-slab2-v3                                                                  205.4847   55.9185 13.9
  6.531 1500 Alaska-slab2-v3                                                                  205.8458   55.4021  8.3
  5.583 1501 Alaska-slab2-v3                                                                  205.7450   55.4712  9.2
  4.656 1502 Alaska-slab2-v3                                                                  205.6444   55.5406 10.1
  3.771 1503 Alaska-slab2-v3                                                                  205.5441   55.6102 10.9
  2.898 1504 Alaska-slab2-v3                                                                  205.4433   55.6797 11.7
  1.992 1505 Alaska-slab2-v3                                                                  205.3421   55.7491 12.6
  1.044 1506 Alaska-slab2-v3                                                                  205.2407   55.8184 13.5
  5.829 1524 Alaska-slab2-v3                                                                  205.4988   55.3689  8.7
  4.963 1525 Alaska-slab2-v3                                                                  205.4008   55.4394  9.5
  4.076 1526 Alaska-slab2-v3                                                                  205.3016   55.5095 10.3
  3.167 1527 Alaska-slab2-v3                                                                  205.2007   55.5787 11.2
  2.191 1528 Alaska-slab2-v3                                                                  205.0989   55.6477 12.1
  1.150 1529 Alaska-slab2-v3                                                                  204.9969   55.7165 13.0
  6.090 1547 Alaska-slab2-v3                                                                  205.2584   55.2577  8.5
  5.245 1548 Alaska-slab2-v3                                                                  205.1624   55.3289  9.3
  4.345 1549 Alaska-slab2-v3                                                                  205.0641   55.3994 10.1
  3.380 1550 Alaska-slab2-v3                                                                  204.9633   55.4688 11.0
  2.337 1551 Alaska-slab2-v3                                                                  204.8619   55.5377 11.9
  1.218 1552 Alaska-slab2-v3                                                                  204.7602   55.6064 12.9
  6.297 1570 Alaska-slab2-v3                                                                  205.0209   55.1392  8.5
  5.439 1571 Alaska-slab2-v3                                                                  204.9251   55.2105  9.3
  4.484 1572 Alaska-slab2-v3                                                                  204.8280   55.2811 10.2
  3.454 1573 Alaska-slab2-v3                                                                  204.7290   55.3509 11.1
  2.349 1574 Alaska-slab2-v3                                                                  204.6291   55.4202 12.2
  1.191 1575 Alaska-slab2-v3                                                                  204.5289   55.4895 13.2
  6.366 1593 Alaska-slab2-v3                                                                  204.7814   55.0242  8.6
  5.472 1594 Alaska-slab2-v3                                                                  204.6865   55.0957  9.4
  4.483 1595 Alaska-slab2-v3                                                                  204.5900   55.1664 10.4
  3.420 1596 Alaska-slab2-v3                                                                  204.4918   55.2363 11.4
  2.294 1597 Alaska-slab2-v3                                                                  204.3930   55.3061 12.5
  1.147 1598 Alaska-slab2-v3                                                                  204.2939   55.3757 13.6
  7.112 1615 Alaska-slab2-v3                                                                  204.6288   54.8438  8.0
  6.231 1616 Alaska-slab2-v3                                                                  204.5354   54.9157  8.9
  5.298 1617 Alaska-slab2-v3                                                                  204.4412   54.9874  9.8
  4.302 1618 Alaska-slab2-v3                                                                  204.3449   55.0581 10.7
  3.255 1619 Alaska-slab2-v3                                                                  204.2470   55.1280 11.7
  2.167 1620 Alaska-slab2-v3                                                                  204.1487   55.1978 12.8
  1.078 1621 Alaska-slab2-v3                                                                  204.0501   55.2676 13.8
  6.298 1638 Alaska-slab2-v3                                                                  204.3707   54.7446  8.3
  5.278 1639 Alaska-slab2-v3                                                                  204.2784   54.8168  9.2
  4.246 1640 Alaska-slab2-v3                                                                  204.1843   54.8883 10.2
  3.204 1641 Alaska-slab2-v3                                                                  204.0877   54.9587 11.1
  2.140 1642 Alaska-slab2-v3                                                                  203.9900   55.0287 12.1
  1.075 1643 Alaska-slab2-v3                                                                  203.8920   55.0987 13.1
  6.052 1661 Alaska-slab2-v3                                                                  204.0996   54.6557  8.6
  4.969 1662 Alaska-slab2-v3                                                                  204.0074   54.7278  9.6
  3.930 1663 Alaska-slab2-v3                                                                  203.9128   54.7990 10.6
  2.923 1664 Alaska-slab2-v3                                                                  203.8162   54.8693 11.5
  1.949 1665 Alaska-slab2-v3                                                                  203.7191   54.9396 12.4
  0.974 1666 Alaska-slab2-v3                                                                  203.6216   55.0097 13.3
  5.906 1683 Alaska-slab2-v3                                                                  203.8178   54.5758  8.9
  4.776 1684 Alaska-slab2-v3                                                                  203.7246   54.6474 10.0
  3.742 1685 Alaska-slab2-v3                                                                  203.6297   54.7183 10.9
  2.793 1686 Alaska-slab2-v3                                                                  203.5336   54.7888 11.8
  1.866 1687 Alaska-slab2-v3                                                                  203.4371   54.8593 12.7
  0.949 1688 Alaska-slab2-v3                                                                  203.3403   54.9297 13.6
  5.919 1705 Alaska-slab2-v3                                                                  203.5301   54.5031  9.1
  4.790 1706 Alaska-slab2-v3                                                                  203.4363   54.5742 10.1
  3.765 1707 Alaska-slab2-v3                                                                  203.3410   54.6449 11.1
  2.834 1708 Alaska-slab2-v3                                                                  203.2450   54.7154 12.0
  1.924 1709 Alaska-slab2-v3                                                                  203.1487   54.7859 12.9
  0.994 1710 Alaska-slab2-v3                                                                  203.0520   54.8563 13.8
  5.344 1726 Alaska-slab2-v3                                                                  203.2397   54.4355  9.2
  4.137 1727 Alaska-slab2-v3                                                                  203.1452   54.5063 10.3
  3.061 1728 Alaska-slab2-v3                                                                  203.0494   54.5766 11.2
  2.052 1729 Alaska-slab2-v3                                                                  202.9530   54.6469 12.2
  1.064 1730 Alaska-slab2-v3                                                                  202.8563   54.7171 13.1
  6.821 1745 Alaska-slab2-v3                                                                  203.0409   54.3010  8.0
  5.484 1746 Alaska-slab2-v3                                                                  202.9467   54.3715  9.3
  4.287 1747 Alaska-slab2-v3                                                                  202.8513   54.4418 10.4
  3.218 1748 Alaska-slab2-v3                                                                  202.7548   54.5117 11.4
  2.213 1749 Alaska-slab2-v3                                                                  202.6578   54.5816 12.3
  1.165 1750 Alaska-slab2-v3                                                                  202.5605   54.6514 13.3
  7.031 1765 Alaska-slab2-v3                                                                  202.7468   54.2407  8.1
  5.687 1766 Alaska-slab2-v3                                                                  202.6515   54.3106  9.4
  4.498 1767 Alaska-slab2-v3                                                                  202.5552   54.3803 10.6
  3.422 1768 Alaska-slab2-v3                                                                  202.4578   54.4497 11.6
  2.388 1769 Alaska-slab2-v3                                                                  202.3600   54.5191 12.6
  1.272 1770 Alaska-slab2-v3                                                                  202.2619   54.5883 13.7
  6.482 1784 Alaska-slab2-v3                                                                  202.4519   54.1833  8.1
  5.026 1785 Alaska-slab2-v3                                                                  202.3560   54.2528  9.5
  3.701 1786 Alaska-slab2-v3                                                                  202.2587   54.3219 10.7
  2.496 1787 Alaska-slab2-v3                                                                  202.1601   54.3906 11.8
  1.292 1788 Alaska-slab2-v3                                                                  202.0612   54.4592 12.9
  6.677 1803 Alaska-slab2-v3                                                                  202.1571   54.1283  8.2
  5.224 1804 Alaska-slab2-v3                                                                  202.0608   54.1975  9.5
  3.889 1805 Alaska-slab2-v3                                                                  201.9626   54.2661 10.8
  2.639 1806 Alaska-slab2-v3                                                                  201.8628   54.3340 11.9
  1.367 1807 Alaska-slab2-v3                                                                  201.7627   54.4018 13.1
  6.807 1821 Alaska-slab2-v3                                                                  201.8617   54.0745  8.2
  5.362 1822 Alaska-slab2-v3                                                                  201.7650   54.1434  9.6
  4.022 1823 Alaska-slab2-v3                                                                  201.6662   54.2115 10.9
  2.744 1824 Alaska-slab2-v3                                                                  201.5657   54.2789 12.1
  1.445 1825 Alaska-slab2-v3                                                                  201.4649   54.3462 13.3
  5.942 1839 Alaska-slab2-v3                                                                  201.5647   54.0202  8.3
  4.317 1840 Alaska-slab2-v3                                                                  201.4665   54.0882  9.8
  2.852 1841 Alaska-slab2-v3                                                                  201.3671   54.1560 11.1
  1.454 1842 Alaska-slab2-v3                                                                  201.2668   54.2234 12.3
  5.946 1856 Alaska-slab2-v3                                                                  201.2655   53.9641  8.6
  4.266 1857 Alaska-slab2-v3                                                                  201.1650   54.0308 10.1
  2.818 1858 Alaska-slab2-v3                                                                  201.0653   54.0982 11.4
  1.459 1859 Alaska-slab2-v3                                                                  200.9656   54.1659 12.6
  5.947 1873 Alaska-slab2-v3                                                                  200.9652   53.9058  8.9
  4.213 1874 Alaska-slab2-v3                                                                  200.8627   53.9709 10.5
  2.777 1875 Alaska-slab2-v3                                                                  200.7636   54.0385 11.9
  1.447 1876 Alaska-slab2-v3                                                                  200.6643   54.1064 13.1
  4.965 1890 Alaska-slab2-v3                                                                  200.6664   53.8460  9.2
  2.997 1891 Alaska-slab2-v3                                                                  200.5628   53.9102 11.0
  1.425 1892 Alaska-slab2-v3                                                                  200.4644   53.9780 12.4
  4.929 1907 Alaska-slab2-v3                                                                  200.3709   53.7866  9.5
  2.933 1908 Alaska-slab2-v3                                                                  200.2675   53.8503 11.3
  1.389 1909 Alaska-slab2-v3                                                                  200.1695   53.9183 12.7
  4.858 1924 Alaska-slab2-v3                                                                  200.0792   53.7284  9.6
  2.856 1925 Alaska-slab2-v3                                                                  199.9768   53.7924 11.5
  1.346 1926 Alaska-slab2-v3                                                                  199.8801   53.8610 12.9
  4.787 1941 Alaska-slab2-v3                                                                  199.7909   53.6720  9.6
  2.784 1942 Alaska-slab2-v3                                                                  199.6904   53.7369 11.5
  1.309 1943 Alaska-slab2-v3                                                                  199.5958   53.8066 12.8
  4.752 1958 Alaska-slab2-v3                                                                  199.5056   53.6169  9.6
  2.755 1959 Alaska-slab2-v3                                                                  199.4072   53.6831 11.3
  1.294 1960 Alaska-slab2-v3                                                                  199.3153   53.7539 12.6
  5.668 1975 Alaska-slab2-v3                                                                  199.2223   53.5625  9.4
  3.862 1976 Alaska-slab2-v3                                                                  199.1261   53.6299 11.1
  2.491 1977 Alaska-slab2-v3                                                                  199.0365   53.7018 12.4
  1.308 1978 Alaska-slab2-v3                                                                  198.9464   53.7737 13.6
  5.730 1992 Alaska-slab2-v3                                                                  198.9403   53.5080  9.2
  3.936 1993 Alaska-slab2-v3                                                                  198.8460   53.5765 10.9
  2.532 1994 Alaska-slab2-v3                                                                  198.7579   53.6489 12.2
  1.298 1995 Alaska-slab2-v3                                                                  198.6694   53.7215 13.4
  5.851 2008 Alaska-slab2-v3                                                                  198.6587   53.4528  9.0
  4.085 2009 Alaska-slab2-v3                                                                  198.5659   53.5222 10.6
  2.638 2010 Alaska-slab2-v3                                                                  198.4779   53.5946 12.0
  1.341 2011 Alaska-slab2-v3                                                                  198.3898   53.6672 13.2
  5.982 2024 Alaska-slab2-v3                                                                  198.3749   53.3958  8.9
  4.235 2025 Alaska-slab2-v3                                                                  198.2830   53.4657 10.6
  2.774 2026 Alaska-slab2-v3                                                                  198.1946   53.5378 11.9
  1.429 2027 Alaska-slab2-v3                                                                  198.1064   53.6102 13.2
  6.050 2040 Alaska-slab2-v3                                                                  198.0871   53.3362  9.0
  4.310 2041 Alaska-slab2-v3                                                                  197.9952   53.4060 10.7
  2.859 2042 Alaska-slab2-v3                                                                  197.9073   53.4782 12.1
  1.502 2043 Alaska-slab2-v3                                                                  197.8192   53.5506 13.4
  4.939 2056 Alaska-slab2-v3                                                                  197.7964   53.2740  9.4
  2.979 2057 Alaska-slab2-v3                                                                  197.7048   53.3436 11.2
  1.451 2058 Alaska-slab2-v3                                                                  197.6178   53.4162 12.6
  4.706 2071 Alaska-slab2-v3                                                                  197.5054   53.2094 10.1
  2.743 2072 Alaska-slab2-v3                                                                  197.4159   53.2794 12.0
  1.351 2073 Alaska-slab2-v3                                                                  197.3297   53.3524 13.3
  3.380 2086 Alaska-slab2-v3                                                                  197.2162   53.1421 11.0
  1.284 2087 Alaska-slab2-v3                                                                  197.1304   53.2137 12.9
  6.714 2100 Alaska-slab2-v3                                                                  197.0307   53.0183  8.2
  2.992 2101 Alaska-slab2-v3                                                                  196.9324   53.0739 11.7
  1.015 2102 Alaska-slab2-v3                                                                  196.8491   53.1466 13.6
  6.571 2115 Alaska-slab2-v3                                                                  196.7498   52.9534  8.5
  2.554 2116 Alaska-slab2-v3                                                                  196.6541   53.0059 12.4
  0.716 2117 Alaska-slab2-v3                                                                  196.5720   53.0791 14.1
  6.430 2130 Alaska-slab2-v3                                                                  196.4706   52.8875  8.7
  2.205 2131 Alaska-slab2-v3                                                                  196.3781   52.9384 12.8
  0.464 2132 Alaska-slab2-v3                                                                  196.2978   53.0122 14.5
  6.351 2145 Alaska-slab2-v3                                                                  196.1928   52.8211  8.8
  2.025 2146 Alaska-slab2-v3                                                                  196.1029   52.8721 13.0
  0.319 2147 Alaska-slab2-v3                                                                  196.0243   52.9465 14.7
