  1.945 3113 Alaska-slab2-v3                                                                  175.9635   50.9730  7.1
  1.945 3114 Alaska-slab2-v3                                                                  176.0134   51.0555  9.0
  1.945 3124 Alaska-slab2-v3                                                                  175.6909   51.0312  7.1
  1.945 3125 Alaska-slab2-v3                                                                  175.7436   51.1130  9.1
  1.945 3135 Alaska-slab2-v3                                                                  175.4189   51.0910  7.1
  1.945 3136 Alaska-slab2-v3                                                                  175.4744   51.1720  9.1
  1.945 3146 Alaska-slab2-v3                                                                  175.1476   51.1524  7.1
  1.945 3147 Alaska-slab2-v3                                                                  175.2060   51.2325  9.2
  1.945 3157 Alaska-slab2-v3                                                                  174.8771   51.2153  7.2
  1.768 3158 Alaska-slab2-v3                                                                  174.9384   51.2945  9.3
  1.945 3168 Alaska-slab2-v3                                                                  174.6074   51.2799  7.2
  1.755 3169 Alaska-slab2-v3                                                                  174.6719   51.3578  9.4
  1.945 3179 Alaska-slab2-v3                                                                  174.3383   51.3460  7.3
  1.733 3180 Alaska-slab2-v3                                                                  174.4062   51.4227  9.6
  1.945 3190 Alaska-slab2-v3                                                                  174.0700   51.4139  7.3
  1.709 3191 Alaska-slab2-v3                                                                  174.1411   51.4893  9.6
  1.945 3201 Alaska-slab2-v3                                                                  173.8023   51.4837  7.3
  1.685 3202 Alaska-slab2-v3                                                                  173.8768   51.5579  9.7
  1.945 3212 Alaska-slab2-v3                                                                  173.5355   51.5558  7.3
  1.945 3213 Alaska-slab2-v3                                                                  173.6131   51.6288  9.6
  1.945 3223 Alaska-slab2-v3                                                                  173.2698   51.6305  7.3
  1.945 3224 Alaska-slab2-v3                                                                  173.3505   51.7024  9.6
  1.945 3234 Alaska-slab2-v3                                                                  173.0059   51.7080  7.2
  1.926 3235 Alaska-slab2-v3                                                                  173.0895   51.7788  9.5
  3.403 3246 Alaska-slab2-v3                                                                  172.7438   51.7888  7.2
  3.320 3247 Alaska-slab2-v3                                                                  172.8302   51.8584  9.4
  4.862 3258 Alaska-slab2-v3                                                                  172.4838   51.8731  7.2
  4.699 3259 Alaska-slab2-v3                                                                  172.5730   51.9417  9.3
  6.321 3270 Alaska-slab2-v3                                                                  172.2263   51.9610  7.1
  6.097 3271 Alaska-slab2-v3                                                                  172.3179   52.0289  9.1
  7.779 3283 Alaska-slab2-v3                                                                  171.9713   52.0523  7.0
  7.779 3284 Alaska-slab2-v3                                                                  172.0646   52.1197  8.9
  7.779 3296 Alaska-slab2-v3                                                                  171.7183   52.1464  6.9
  7.779 3297 Alaska-slab2-v3                                                                  171.8132   52.2133  8.7
  7.779 3309 Alaska-slab2-v3                                                                  171.4673   52.2427  6.9
  7.779 3310 Alaska-slab2-v3                                                                  171.5637   52.3090  8.6
  7.779 3322 Alaska-slab2-v3                                                                  171.2178   52.3409  6.9
  7.779 3323 Alaska-slab2-v3                                                                  171.3160   52.4064  8.6
  7.779 3335 Alaska-slab2-v3                                                                  170.9693   52.4405  6.9
  7.779 3336 Alaska-slab2-v3                                                                  171.0693   52.5052  8.5
  7.779 3349 Alaska-slab2-v3                                                                  170.7214   52.5414  6.8
  7.779 3350 Alaska-slab2-v3                                                                  170.8230   52.6053  8.5
  7.546 3351 Alaska-slab2-v3                                                                  170.9229   52.6706 10.0
  7.779 3363 Alaska-slab2-v3                                                                  170.4736   52.6431  6.8
  7.779 3364 Alaska-slab2-v3                                                                  170.5766   52.7064  8.4
  7.492 3365 Alaska-slab2-v3                                                                  170.6783   52.7708  9.8
  7.779 3377 Alaska-slab2-v3                                                                  170.2255   52.7452  6.8
  7.779 3378 Alaska-slab2-v3                                                                  170.3296   52.8082  8.3
  7.526 3379 Alaska-slab2-v3                                                                  170.4332   52.8718  9.7
  7.779 3392 Alaska-slab2-v3                                                                  169.9768   52.8474  6.7
  7.779 3393 Alaska-slab2-v3                                                                  170.0819   52.9101  8.1
  7.612 3394 Alaska-slab2-v3                                                                  170.1869   52.9731  9.5
  7.779 3407 Alaska-slab2-v3                                                                  169.7243   52.9548  6.7
  7.779 3408 Alaska-slab2-v3                                                                  169.8281   53.0187  8.0
  7.779 3409 Alaska-slab2-v3                                                                  169.9321   53.0825  9.3
  7.779 3416 Alaska-slab2-v3                                                                  169.4675   53.0673  6.6
  7.779 3417 Alaska-slab2-v3                                                                  169.5679   53.1334  7.8
  7.779 3418 Alaska-slab2-v3                                                                  169.6686   53.1994  9.0
  7.779 3425 Alaska-slab2-v3                                                                  169.2101   53.1793  6.6
  7.779 3426 Alaska-slab2-v3                                                                  169.3074   53.2473  7.7
  7.779 3427 Alaska-slab2-v3                                                                  169.4050   53.3152  8.8
  7.070 3428 Alaska-slab2-v3                                                                  169.4998   53.3843 10.0
  7.779 3434 Alaska-slab2-v3                                                                  168.9521   53.2912  6.6
  7.779 3435 Alaska-slab2-v3                                                                  169.0464   53.3608  7.6
  7.779 3436 Alaska-slab2-v3                                                                  169.1410   53.4303  8.7
  6.992 3437 Alaska-slab2-v3                                                                  169.2331   53.5010  9.9
  7.779 3443 Alaska-slab2-v3                                                                  168.6937   53.4032  6.5
  7.779 3444 Alaska-slab2-v3                                                                  168.7853   53.4742  7.5
  7.779 3445 Alaska-slab2-v3                                                                  168.8772   53.5452  8.6
  6.861 3446 Alaska-slab2-v3                                                                  168.9678   53.6168  9.7
  7.779 3452 Alaska-slab2-v3                                                                  168.4354   53.5154  6.5
  7.779 3453 Alaska-slab2-v3                                                                  168.5250   53.5876  7.4
  7.661 3454 Alaska-slab2-v3                                                                  168.6148   53.6597  8.4
  6.718 3455 Alaska-slab2-v3                                                                  168.7047   53.7319  9.4
  7.779 3461 Alaska-slab2-v3                                                                  168.1774   53.6281  6.4
  7.779 3462 Alaska-slab2-v3                                                                  168.2654   53.7012  7.3
  7.779 3463 Alaska-slab2-v3                                                                  168.3536   53.7742  8.2
  7.523 3464 Alaska-slab2-v3                                                                  168.4421   53.8471  9.1
  6.321 3471 Alaska-slab2-v3                                                                  167.9197   53.7416  6.4
  6.321 3472 Alaska-slab2-v3                                                                  168.0058   53.8156  7.3
  6.321 3473 Alaska-slab2-v3                                                                  168.0922   53.8895  8.1
  5.813 3474 Alaska-slab2-v3                                                                  168.1790   53.9633  8.9
  5.149 3475 Alaska-slab2-v3                                                                  168.2618   54.0384  9.8
  4.862 3481 Alaska-slab2-v3                                                                  167.6621   53.8559  6.4
  4.862 3482 Alaska-slab2-v3                                                                  167.7460   53.9309  7.3
  4.862 3483 Alaska-slab2-v3                                                                  167.8302   54.0058  8.1
  4.862 3484 Alaska-slab2-v3                                                                  167.9147   54.0806  8.9
  4.445 3485 Alaska-slab2-v3                                                                  167.9964   54.1563  9.8
  3.403 3492 Alaska-slab2-v3                                                                  167.4045   53.9710  6.4
  3.403 3493 Alaska-slab2-v3                                                                  167.4858   54.0470  7.2
  3.403 3494 Alaska-slab2-v3                                                                  167.5675   54.1229  8.1
  3.315 3495 Alaska-slab2-v3                                                                  167.6494   54.1988  8.9
  2.983 3496 Alaska-slab2-v3                                                                  167.7277   54.2757  9.8
  1.945 3503 Alaska-slab2-v3                                                                  167.1467   54.0865  6.4
  1.945 3504 Alaska-slab2-v3                                                                  167.2254   54.1636  7.2
  1.945 3505 Alaska-slab2-v3                                                                  167.3044   54.2406  8.1
  1.945 3506 Alaska-slab2-v3                                                                  167.3837   54.3175  8.9
  1.859 3507 Alaska-slab2-v3                                                                  167.4581   54.3956  9.8
  1.945 3515 Alaska-slab2-v3                                                                  166.8888   54.2024  6.4
  1.945 3516 Alaska-slab2-v3                                                                  166.9648   54.2805  7.3
  1.945 3517 Alaska-slab2-v3                                                                  167.0410   54.3585  8.1
  1.945 3518 Alaska-slab2-v3                                                                  167.1176   54.4364  9.0
  1.799 3519 Alaska-slab2-v3                                                                  167.1884   54.5156  9.8
  1.556 3527 Alaska-slab2-v3                                                                  166.6302   54.3186  6.4
  1.556 3528 Alaska-slab2-v3                                                                  166.7030   54.3977  7.3
  1.556 3529 Alaska-slab2-v3                                                                  166.7761   54.4767  8.2
  1.538 3530 Alaska-slab2-v3                                                                  166.8495   54.5557  9.1
  1.387 3531 Alaska-slab2-v3                                                                  166.9145   54.6365  9.9
  1.167 3539 Alaska-slab2-v3                                                                  166.3705   54.4349  6.5
  1.167 3540 Alaska-slab2-v3                                                                  166.4394   54.5152  7.5
  1.167 3541 Alaska-slab2-v3                                                                  166.5086   54.5954  8.4
  1.109 3542 Alaska-slab2-v3                                                                  166.5778   54.6756  9.4
  0.778 3551 Alaska-slab2-v3                                                                  166.1096   54.5512  6.6
  0.778 3552 Alaska-slab2-v3                                                                  166.1735   54.6327  7.7
  0.778 3553 Alaska-slab2-v3                                                                  166.2376   54.7142  8.8
  0.708 3554 Alaska-slab2-v3                                                                  166.2954   54.7968  9.9
  0.389 3563 Alaska-slab2-v3                                                                  165.8466   54.6675  6.7
  0.389 3564 Alaska-slab2-v3                                                                  165.9035   54.7504  8.1
  0.389 3565 Alaska-slab2-v3                                                                  165.9582   54.8337  9.4
