  4.483 3114 Alaska-slab2-v3                                                                  176.0134   51.0555  9.0
  4.483 3125 Alaska-slab2-v3                                                                  175.7436   51.1130  9.1
  4.483 3136 Alaska-slab2-v3                                                                  175.4744   51.1720  9.1
  4.483 3147 Alaska-slab2-v3                                                                  175.2060   51.2325  9.2
  4.483 3158 Alaska-slab2-v3                                                                  174.9384   51.2945  9.3
  4.483 3169 Alaska-slab2-v3                                                                  174.6719   51.3578  9.4
  4.483 3180 Alaska-slab2-v3                                                                  174.4062   51.4227  9.6
  4.483 3191 Alaska-slab2-v3                                                                  174.1411   51.4893  9.6
  4.483 3202 Alaska-slab2-v3                                                                  173.8768   51.5579  9.7
  4.483 3213 Alaska-slab2-v3                                                                  173.6131   51.6288  9.6
  4.483 3224 Alaska-slab2-v3                                                                  173.3505   51.7024  9.6
  4.483 3235 Alaska-slab2-v3                                                                  173.0895   51.7788  9.5
  7.845 3247 Alaska-slab2-v3                                                                  172.8302   51.8584  9.4
 11.207 3259 Alaska-slab2-v3                                                                  172.5730   51.9417  9.3
 14.569 3271 Alaska-slab2-v3                                                                  172.3179   52.0289  9.1
 17.931 3284 Alaska-slab2-v3                                                                  172.0646   52.1197  8.9
 17.931 3297 Alaska-slab2-v3                                                                  171.8132   52.2133  8.7
 17.931 3310 Alaska-slab2-v3                                                                  171.5637   52.3090  8.6
 17.931 3323 Alaska-slab2-v3                                                                  171.3160   52.4064  8.6
 17.931 3336 Alaska-slab2-v3                                                                  171.0693   52.5052  8.5
 17.931 3350 Alaska-slab2-v3                                                                  170.8230   52.6053  8.5
 17.931 3351 Alaska-slab2-v3                                                                  170.9229   52.6706 10.0
 17.931 3364 Alaska-slab2-v3                                                                  170.5766   52.7064  8.4
 17.931 3365 Alaska-slab2-v3                                                                  170.6783   52.7708  9.8
 17.931 3378 Alaska-slab2-v3                                                                  170.3296   52.8082  8.3
 17.931 3379 Alaska-slab2-v3                                                                  170.4332   52.8718  9.7
 17.931 3393 Alaska-slab2-v3                                                                  170.0819   52.9101  8.1
 17.931 3394 Alaska-slab2-v3                                                                  170.1869   52.9731  9.5
 17.931 3409 Alaska-slab2-v3                                                                  169.9321   53.0825  9.3
 17.931 3418 Alaska-slab2-v3                                                                  169.6686   53.1994  9.0
 17.931 3427 Alaska-slab2-v3                                                                  169.4050   53.3152  8.8
 16.298 3428 Alaska-slab2-v3                                                                  169.4998   53.3843 10.0
 17.931 3436 Alaska-slab2-v3                                                                  169.1410   53.4303  8.7
 16.117 3437 Alaska-slab2-v3                                                                  169.2331   53.5010  9.9
 17.931 3445 Alaska-slab2-v3                                                                  168.8772   53.5452  8.6
 15.815 3446 Alaska-slab2-v3                                                                  168.9678   53.6168  9.7
 17.660 3454 Alaska-slab2-v3                                                                  168.6148   53.6597  8.4
 15.485 3455 Alaska-slab2-v3                                                                  168.7047   53.7319  9.4
 17.931 3463 Alaska-slab2-v3                                                                  168.3536   53.7742  8.2
 17.341 3464 Alaska-slab2-v3                                                                  168.4421   53.8471  9.1
 14.569 3473 Alaska-slab2-v3                                                                  168.0922   53.8895  8.1
 13.400 3474 Alaska-slab2-v3                                                                  168.1790   53.9633  8.9
 11.870 3475 Alaska-slab2-v3                                                                  168.2618   54.0384  9.8
 11.207 3483 Alaska-slab2-v3                                                                  167.8302   54.0058  8.1
 11.207 3484 Alaska-slab2-v3                                                                  167.9147   54.0806  8.9
 10.246 3485 Alaska-slab2-v3                                                                  167.9964   54.1563  9.8
  7.845 3494 Alaska-slab2-v3                                                                  167.5675   54.1229  8.1
  7.642 3495 Alaska-slab2-v3                                                                  167.6494   54.1988  8.9
  6.876 3496 Alaska-slab2-v3                                                                  167.7277   54.2757  9.8
  4.483 3505 Alaska-slab2-v3                                                                  167.3044   54.2406  8.1
  4.483 3506 Alaska-slab2-v3                                                                  167.3837   54.3175  8.9
  4.285 3507 Alaska-slab2-v3                                                                  167.4581   54.3956  9.8
  4.483 3517 Alaska-slab2-v3                                                                  167.0410   54.3585  8.1
  4.483 3518 Alaska-slab2-v3                                                                  167.1176   54.4364  9.0
  4.147 3519 Alaska-slab2-v3                                                                  167.1884   54.5156  9.8
  3.586 3529 Alaska-slab2-v3                                                                  166.7761   54.4767  8.2
  3.544 3530 Alaska-slab2-v3                                                                  166.8495   54.5557  9.1
  3.197 3531 Alaska-slab2-v3                                                                  166.9145   54.6365  9.9
  2.690 3541 Alaska-slab2-v3                                                                  166.5086   54.5954  8.4
  2.557 3542 Alaska-slab2-v3                                                                  166.5778   54.6756  9.4
  1.793 3553 Alaska-slab2-v3                                                                  166.2376   54.7142  8.8
  1.632 3554 Alaska-slab2-v3                                                                  166.2954   54.7968  9.9
  0.897 3564 Alaska-slab2-v3                                                                  165.9035   54.7504  8.1
  0.897 3565 Alaska-slab2-v3                                                                  165.9582   54.8337  9.4
