  8.908 2700 Alaska-slab2-v3                                                                  184.9459   50.5211  7.2
  8.908 2701 Alaska-slab2-v3                                                                  184.9321   50.6085  9.4
  8.908 2702 Alaska-slab2-v3                                                                  184.9167   50.6967 11.2
  8.724 2703 Alaska-slab2-v3                                                                  184.9002   50.7854 12.4
  7.999 2704 Alaska-slab2-v3                                                                  184.8836   50.8745 13.4
  7.267 2705 Alaska-slab2-v3                                                                  184.8668   50.9635 14.4
  6.336 2706 Alaska-slab2-v3                                                                  184.8487   51.0521 15.7
  5.135 2707 Alaska-slab2-v3                                                                  184.8291   51.1401 17.3
  3.648 2708 Alaska-slab2-v3                                                                  184.8091   51.2274 19.3
  1.927 2709 Alaska-slab2-v3                                                                  184.7869   51.3139 21.7
  8.908 2715 Alaska-slab2-v3                                                                  184.6650   50.4933  7.2
  8.908 2716 Alaska-slab2-v3                                                                  184.6522   50.5808  9.4
  8.908 2717 Alaska-slab2-v3                                                                  184.6381   50.6690 11.2
  8.510 2718 Alaska-slab2-v3                                                                  184.6230   50.7578 12.5
  7.716 2719 Alaska-slab2-v3                                                                  184.6078   50.8468 13.6
  6.958 2720 Alaska-slab2-v3                                                                  184.5923   50.9359 14.6
  6.082 2721 Alaska-slab2-v3                                                                  184.5748   51.0247 15.8
  4.983 2722 Alaska-slab2-v3                                                                  184.5556   51.1130 17.3
  3.616 2723 Alaska-slab2-v3                                                                  184.5363   51.2007 19.1
  1.946 2724 Alaska-slab2-v3                                                                  184.5152   51.2874 21.4
  8.908 2730 Alaska-slab2-v3                                                                  184.3837   50.4670  7.2
  8.908 2731 Alaska-slab2-v3                                                                  184.3720   50.5546  9.4
  8.908 2732 Alaska-slab2-v3                                                                  184.3591   50.6428 11.2
  8.394 2733 Alaska-slab2-v3                                                                  184.3452   50.7316 12.6
  7.561 2734 Alaska-slab2-v3                                                                  184.3312   50.8207 13.7
  6.773 2735 Alaska-slab2-v3                                                                  184.3167   50.9099 14.7
  5.896 2736 Alaska-slab2-v3                                                                  184.2999   50.9987 15.9
  4.838 2737 Alaska-slab2-v3                                                                  184.2813   51.0871 17.3
  3.533 2738 Alaska-slab2-v3                                                                  184.2627   51.1751 19.0
  1.928 2739 Alaska-slab2-v3                                                                  184.2425   51.2621 21.2
  8.908 2745 Alaska-slab2-v3                                                                  184.1023   50.4426  7.2
  8.908 2746 Alaska-slab2-v3                                                                  184.0914   50.5302  9.3
  8.908 2747 Alaska-slab2-v3                                                                  184.0794   50.6186 11.1
  8.430 2748 Alaska-slab2-v3                                                                  184.0666   50.7074 12.5
  7.594 2749 Alaska-slab2-v3                                                                  184.0536   50.7966 13.6
  6.789 2750 Alaska-slab2-v3                                                                  184.0402   50.8858 14.6
  5.871 2751 Alaska-slab2-v3                                                                  184.0244   50.9747 15.9
  4.772 2752 Alaska-slab2-v3                                                                  184.0065   51.0631 17.3
  3.462 2753 Alaska-slab2-v3                                                                  183.9887   51.1511 19.1
  1.897 2754 Alaska-slab2-v3                                                                  183.9695   51.2384 21.1
  8.908 2760 Alaska-slab2-v3                                                                  183.8205   50.4203  7.2
  8.908 2761 Alaska-slab2-v3                                                                  183.8105   50.5081  9.3
  8.908 2762 Alaska-slab2-v3                                                                  183.7994   50.5965 11.0
  8.605 2763 Alaska-slab2-v3                                                                  183.7875   50.6855 12.3
  7.805 2764 Alaska-slab2-v3                                                                  183.7755   50.7748 13.4
  6.990 2765 Alaska-slab2-v3                                                                  183.7633   50.8640 14.5
  6.026 2766 Alaska-slab2-v3                                                                  183.7487   50.9529 15.8
  4.844 2767 Alaska-slab2-v3                                                                  183.7317   51.0412 17.4
  3.454 2768 Alaska-slab2-v3                                                                  183.7146   51.1291 19.2
  1.884 2769 Alaska-slab2-v3                                                                  183.6962   51.2164 21.3
  8.908 2775 Alaska-slab2-v3                                                                  183.5384   50.4006  7.1
  8.908 2776 Alaska-slab2-v3                                                                  183.5292   50.4885  9.2
  8.908 2777 Alaska-slab2-v3                                                                  183.5191   50.5771 10.9
  8.871 2778 Alaska-slab2-v3                                                                  183.5081   50.6662 12.2
  8.106 2779 Alaska-slab2-v3                                                                  183.4970   50.7555 13.2
  7.304 2780 Alaska-slab2-v3                                                                  183.4859   50.8448 14.3
  6.304 2781 Alaska-slab2-v3                                                                  183.4725   50.9336 15.6
  5.031 2782 Alaska-slab2-v3                                                                  183.4566   51.0218 17.4
  3.553 2783 Alaska-slab2-v3                                                                  183.4403   51.1095 19.4
  1.905 2784 Alaska-slab2-v3                                                                  183.4229   51.1966 21.6
  8.908 2790 Alaska-slab2-v3                                                                  183.2559   50.3839  7.1
  8.908 2791 Alaska-slab2-v3                                                                  183.2476   50.4719  9.2
  8.908 2792 Alaska-slab2-v3                                                                  183.2383   50.5605 10.8
  8.908 2793 Alaska-slab2-v3                                                                  183.2282   50.6497 12.1
  8.373 2794 Alaska-slab2-v3                                                                  183.2180   50.7391 13.1
  7.572 2795 Alaska-slab2-v3                                                                  183.2078   50.8284 14.2
  6.554 2796 Alaska-slab2-v3                                                                  183.1956   50.9172 15.6
  5.241 2797 Alaska-slab2-v3                                                                  183.1809   51.0053 17.4
  3.681 2798 Alaska-slab2-v3                                                                  183.1656   51.0928 19.6
  1.949 2799 Alaska-slab2-v3                                                                  183.1494   51.1796 22.0
  8.908 2805 Alaska-slab2-v3                                                                  182.9730   50.3703  7.1
  8.908 2806 Alaska-slab2-v3                                                                  182.9656   50.4585  9.1
  8.908 2807 Alaska-slab2-v3                                                                  182.9573   50.5472 10.7
  8.235 2808 Alaska-slab2-v3                                                                  182.9481   50.6364 12.0
  7.370 2809 Alaska-slab2-v3                                                                  182.9388   50.7258 13.0
  6.456 2810 Alaska-slab2-v3                                                                  182.9294   50.8151 14.2
  5.311 2811 Alaska-slab2-v3                                                                  182.9181   50.9039 15.6
  3.837 2812 Alaska-slab2-v3                                                                  182.9046   50.9921 17.5
  2.051 2813 Alaska-slab2-v3                                                                  182.8905   51.0794 19.7
  8.908 2820 Alaska-slab2-v3                                                                  182.6899   50.3603  7.0
  8.908 2821 Alaska-slab2-v3                                                                  182.6836   50.4486  8.9
  8.908 2822 Alaska-slab2-v3                                                                  182.6763   50.5374 10.5
  8.373 2823 Alaska-slab2-v3                                                                  182.6679   50.6266 11.8
  7.448 2824 Alaska-slab2-v3                                                                  182.6593   50.7159 13.0
  6.491 2825 Alaska-slab2-v3                                                                  182.6507   50.8052 14.2
  5.343 2826 Alaska-slab2-v3                                                                  182.6403   50.8941 15.6
  3.908 2827 Alaska-slab2-v3                                                                  182.6279   50.9823 17.4
  2.121 2828 Alaska-slab2-v3                                                                  182.6151   51.0698 19.7
  8.908 2834 Alaska-slab2-v3                                                                  182.4069   50.3538  6.9
  8.908 2835 Alaska-slab2-v3                                                                  182.4019   50.4425  8.7
  8.908 2836 Alaska-slab2-v3                                                                  182.3958   50.5313 10.3
  8.549 2837 Alaska-slab2-v3                                                                  182.3882   50.6205 11.6
  7.561 2838 Alaska-slab2-v3                                                                  182.3801   50.7097 12.9
  6.541 2839 Alaska-slab2-v3                                                                  182.3720   50.7989 14.1
  5.362 2840 Alaska-slab2-v3                                                                  182.3624   50.8878 15.6
  3.920 2841 Alaska-slab2-v3                                                                  182.3512   50.9762 17.4
  2.143 2842 Alaska-slab2-v3                                                                  182.3395   51.0636 19.7
  8.908 2848 Alaska-slab2-v3                                                                  182.1236   50.3512  6.8
  8.908 2849 Alaska-slab2-v3                                                                  182.1201   50.4400  8.5
  8.908 2850 Alaska-slab2-v3                                                                  182.1156   50.5291 10.0
  8.816 2851 Alaska-slab2-v3                                                                  182.1090   50.6182 11.3
  7.777 2852 Alaska-slab2-v3                                                                  182.1013   50.7074 12.6
  6.690 2853 Alaska-slab2-v3                                                                  182.0936   50.7965 14.0
  5.444 2854 Alaska-slab2-v3                                                                  182.0847   50.8853 15.6
  3.952 2855 Alaska-slab2-v3                                                                  182.0745   50.9736 17.5
  2.151 2856 Alaska-slab2-v3                                                                  182.0637   51.0610 19.7
  8.908 2862 Alaska-slab2-v3                                                                  181.8402   50.3523  6.8
  8.908 2863 Alaska-slab2-v3                                                                  181.8380   50.4414  8.3
  8.908 2864 Alaska-slab2-v3                                                                  181.8349   50.5305  9.7
  8.908 2865 Alaska-slab2-v3                                                                  181.8294   50.6197 11.1
  8.093 2866 Alaska-slab2-v3                                                                  181.8222   50.7089 12.4
  6.951 2867 Alaska-slab2-v3                                                                  181.8150   50.7979 13.9
  5.628 2868 Alaska-slab2-v3                                                                  181.8068   50.8865 15.6
  4.039 2869 Alaska-slab2-v3                                                                  181.7974   50.9745 17.6
  2.176 2870 Alaska-slab2-v3                                                                  181.7875   51.0618 20.0
  8.908 2876 Alaska-slab2-v3                                                                  181.5568   50.3573  6.8
  8.908 2877 Alaska-slab2-v3                                                                  181.5553   50.4465  8.2
  8.908 2878 Alaska-slab2-v3                                                                  181.5532   50.5356  9.6
  8.908 2879 Alaska-slab2-v3                                                                  181.5486   50.6249 11.0
  8.412 2880 Alaska-slab2-v3                                                                  181.5422   50.7140 12.3
  7.253 2881 Alaska-slab2-v3                                                                  181.5358   50.8030 13.9
  5.857 2882 Alaska-slab2-v3                                                                  181.5284   50.8914 15.7
  4.179 2883 Alaska-slab2-v3                                                                  181.5199   50.9791 17.9
  2.235 2884 Alaska-slab2-v3                                                                  181.5111   51.0661 20.4
  8.908 2890 Alaska-slab2-v3                                                                  181.2734   50.3663  6.8
  8.908 2891 Alaska-slab2-v3                                                                  181.2723   50.4553  8.3
  8.908 2892 Alaska-slab2-v3                                                                  181.2705   50.5445  9.7
  8.908 2893 Alaska-slab2-v3                                                                  181.2666   50.6337 11.1
  8.643 2894 Alaska-slab2-v3                                                                  181.2612   50.7229 12.5
  7.482 2895 Alaska-slab2-v3                                                                  181.2558   50.8118 14.1
  6.063 2896 Alaska-slab2-v3                                                                  181.2495   50.9001 16.0
  4.329 2897 Alaska-slab2-v3                                                                  181.2423   50.9875 18.4
  2.308 2898 Alaska-slab2-v3                                                                  181.2349   51.0739 21.1
  8.908 2903 Alaska-slab2-v3                                                                  180.9901   50.3788  6.8
  8.908 2904 Alaska-slab2-v3                                                                  180.9893   50.4677  8.5
  8.908 2905 Alaska-slab2-v3                                                                  180.9876   50.5567 10.0
  8.517 2906 Alaska-slab2-v3                                                                  180.9842   50.6459 11.4
  7.363 2907 Alaska-slab2-v3                                                                  180.9801   50.7350 12.9
  6.039 2908 Alaska-slab2-v3                                                                  180.9758   50.8239 14.5
  4.405 2909 Alaska-slab2-v3                                                                  180.9708   50.9120 16.5
  2.398 2910 Alaska-slab2-v3                                                                  180.9650   50.9992 19.0
  8.908 2916 Alaska-slab2-v3                                                                  180.7071   50.3941  7.0
  8.908 2917 Alaska-slab2-v3                                                                  180.7065   50.4827  8.8
  8.908 2918 Alaska-slab2-v3                                                                  180.7050   50.5716 10.4
  8.532 2919 Alaska-slab2-v3                                                                  180.7024   50.6607 11.9
  7.406 2920 Alaska-slab2-v3                                                                  180.6995   50.7498 13.3
  6.092 2921 Alaska-slab2-v3                                                                  180.6963   50.8386 15.0
  4.450 2922 Alaska-slab2-v3                                                                  180.6925   50.9266 17.1
  2.432 2923 Alaska-slab2-v3                                                                  180.6884   51.0136 19.7
  8.908 2929 Alaska-slab2-v3                                                                  180.4242   50.4111  7.1
  8.908 2930 Alaska-slab2-v3                                                                  180.4238   50.4994  9.1
  8.908 2931 Alaska-slab2-v3                                                                  180.4228   50.5882 10.8
  8.606 2932 Alaska-slab2-v3                                                                  180.4212   50.6773 12.2
  7.505 2933 Alaska-slab2-v3                                                                  180.4195   50.7664 13.7
  6.170 2934 Alaska-slab2-v3                                                                  180.4175   50.8551 15.4
  4.488 2935 Alaska-slab2-v3                                                                  180.4150   50.9429 17.7
  2.444 2936 Alaska-slab2-v3                                                                  180.4124   51.0295 20.4
  8.908 2941 Alaska-slab2-v3                                                                  180.1415   50.4289  7.2
  8.908 2942 Alaska-slab2-v3                                                                  180.1413   50.5169  9.3
  8.908 2943 Alaska-slab2-v3                                                                  180.1410   50.6056 11.0
  8.761 2944 Alaska-slab2-v3                                                                  180.1405   50.6948 12.4
  7.688 2945 Alaska-slab2-v3                                                                  180.1401   50.7839 13.9
  6.294 2946 Alaska-slab2-v3                                                                  180.1393   50.8723 15.8
  4.498 2947 Alaska-slab2-v3                                                                  180.1382   50.9596 18.2
  2.417 2948 Alaska-slab2-v3                                                                  180.1372   51.0460 21.1
 15.588 2953 Alaska-slab2-v3                                                                  179.8580   50.4435  7.2
 15.588 2954 Alaska-slab2-v3                                                                  179.8595   50.5313  9.4
 15.024 2955 Alaska-slab2-v3                                                                  179.8612   50.6200 11.2
 13.000 2956 Alaska-slab2-v3                                                                  179.8629   50.7092 12.6
 10.889 2957 Alaska-slab2-v3                                                                  179.8646   50.7983 14.0
  8.069 2958 Alaska-slab2-v3                                                                  179.8659   50.8866 16.0
  4.381 2959 Alaska-slab2-v3                                                                  179.8669   50.9737 18.5
 22.269 2965 Alaska-slab2-v3                                                                  179.5742   50.4554  7.3
 22.269 2966 Alaska-slab2-v3                                                                  179.5790   50.5430  9.6
 21.329 2967 Alaska-slab2-v3                                                                  179.5835   50.6316 11.4
 18.448 2968 Alaska-slab2-v3                                                                  179.5878   50.7207 12.8
 15.527 2969 Alaska-slab2-v3                                                                  179.5922   50.8098 14.2
 11.727 2970 Alaska-slab2-v3                                                                  179.5964   50.8983 16.1
  6.558 2971 Alaska-slab2-v3                                                                  179.6002   50.9854 18.6
 28.949 2977 Alaska-slab2-v3                                                                  179.2909   50.4705  7.3
 28.949 2978 Alaska-slab2-v3                                                                  179.2990   50.5579  9.7
 27.727 2979 Alaska-slab2-v3                                                                  179.3064   50.6463 11.5
 23.995 2980 Alaska-slab2-v3                                                                  179.3134   50.7354 12.9
 20.263 2981 Alaska-slab2-v3                                                                  179.3204   50.8244 14.3
 15.375 2982 Alaska-slab2-v3                                                                  179.3273   50.9128 16.2
  8.647 2983 Alaska-slab2-v3                                                                  179.3340   50.9997 18.7
 35.630 2989 Alaska-slab2-v3                                                                  179.0086   50.4908  7.3
 35.630 2990 Alaska-slab2-v3                                                                  179.0199   50.5780  9.7
 34.303 2991 Alaska-slab2-v3                                                                  179.0302   50.6663 11.6
 29.828 2992 Alaska-slab2-v3                                                                  179.0398   50.7553 13.0
 25.160 2993 Alaska-slab2-v3                                                                  179.0494   50.8442 14.4
 18.990 2994 Alaska-slab2-v3                                                                  179.0591   50.9323 16.4
 10.582 2995 Alaska-slab2-v3                                                                  179.0686   51.0190 19.0
 35.630 3001 Alaska-slab2-v3                                                                  178.7273   50.5171  7.4
 35.630 3002 Alaska-slab2-v3                                                                  178.7420   50.6040  9.8
 34.636 3003 Alaska-slab2-v3                                                                  178.7552   50.6922 11.6
 30.215 3004 Alaska-slab2-v3                                                                  178.7674   50.7810 13.0
 25.479 3005 Alaska-slab2-v3                                                                  178.7798   50.8697 14.5
 19.007 3006 Alaska-slab2-v3                                                                  178.7922   50.9575 16.5
 10.451 3007 Alaska-slab2-v3                                                                  178.8044   51.0439 19.3
 35.630 3013 Alaska-slab2-v3                                                                  178.4471   50.5488  7.4
 35.630 3014 Alaska-slab2-v3                                                                  178.4654   50.6353  9.8
 35.053 3015 Alaska-slab2-v3                                                                  178.4815   50.7233 11.6
 30.656 3016 Alaska-slab2-v3                                                                  178.4964   50.8120 13.0
 25.791 3017 Alaska-slab2-v3                                                                  178.5114   50.9004 14.6
 19.086 3018 Alaska-slab2-v3                                                                  178.5266   50.9878 16.7
 10.385 3019 Alaska-slab2-v3                                                                  178.5414   51.0738 19.5
 35.630 3024 Alaska-slab2-v3                                                                  178.1681   50.5848  7.4
 35.630 3025 Alaska-slab2-v3                                                                  178.1902   50.6710  9.8
 35.522 3026 Alaska-slab2-v3                                                                  178.2094   50.7588 11.6
 31.140 3027 Alaska-slab2-v3                                                                  178.2269   50.8472 13.0
 26.140 3028 Alaska-slab2-v3                                                                  178.2445   50.9354 14.6
 19.227 3029 Alaska-slab2-v3                                                                  178.2624   51.0224 16.9
 10.400 3030 Alaska-slab2-v3                                                                  178.2798   51.1081 19.7
 35.630 3035 Alaska-slab2-v3                                                                  177.8902   50.6244  7.3
 35.630 3036 Alaska-slab2-v3                                                                  177.9160   50.7103  9.7
 35.630 3037 Alaska-slab2-v3                                                                  177.9384   50.7977 11.5
 31.583 3038 Alaska-slab2-v3                                                                  177.9585   50.8859 12.9
 26.462 3039 Alaska-slab2-v3                                                                  177.9788   50.9738 14.6
 19.440 3040 Alaska-slab2-v3                                                                  177.9995   51.0605 16.9
 10.517 3041 Alaska-slab2-v3                                                                  178.0197   51.1457 19.8
 35.630 3046 Alaska-slab2-v3                                                                  177.6130   50.6669  7.3
 35.630 3047 Alaska-slab2-v3                                                                  177.6429   50.7524  9.6
 35.630 3048 Alaska-slab2-v3                                                                  177.6686   50.8395 11.3
 31.920 3049 Alaska-slab2-v3                                                                  177.6915   50.9274 12.8
 26.707 3050 Alaska-slab2-v3                                                                  177.7145   51.0150 14.5
 19.624 3051 Alaska-slab2-v3                                                                  177.7381   51.1013 16.8
 10.609 3052 Alaska-slab2-v3                                                                  177.7610   51.1862 19.8
 35.630 3057 Alaska-slab2-v3                                                                  177.3364   50.7120  7.2
 35.630 3058 Alaska-slab2-v3                                                                  177.3704   50.7972  9.4
 35.630 3059 Alaska-slab2-v3                                                                  177.3997   50.8839 11.2
 32.175 3060 Alaska-slab2-v3                                                                  177.4254   50.9714 12.7
 26.900 3061 Alaska-slab2-v3                                                                  177.4512   51.0587 14.4
 19.774 3062 Alaska-slab2-v3                                                                  177.4776   51.1447 16.7
 10.704 3063 Alaska-slab2-v3                                                                  177.5036   51.2292 19.6
 35.630 3068 Alaska-slab2-v3                                                                  177.0605   50.7598  7.1
 35.630 3069 Alaska-slab2-v3                                                                  177.0983   50.8445  9.2
 35.630 3070 Alaska-slab2-v3                                                                  177.1313   50.9307 11.0
 32.391 3071 Alaska-slab2-v3                                                                  177.1599   51.0179 12.5
 27.065 3072 Alaska-slab2-v3                                                                  177.1886   51.1048 14.2
 19.933 3073 Alaska-slab2-v3                                                                  177.2180   51.1905 16.5
 10.776 3074 Alaska-slab2-v3                                                                  177.2470   51.2746 19.4
 35.630 3079 Alaska-slab2-v3                                                                  176.7853   50.8099  7.1
 35.630 3080 Alaska-slab2-v3                                                                  176.8266   50.8941  9.1
 35.630 3081 Alaska-slab2-v3                                                                  176.8631   50.9798 10.8
 32.502 3082 Alaska-slab2-v3                                                                  176.8947   51.0666 12.3
 27.222 3083 Alaska-slab2-v3                                                                  176.9263   51.1531 14.0
 20.118 3084 Alaska-slab2-v3                                                                  176.9587   51.2385 16.3
 10.939 3085 Alaska-slab2-v3                                                                  176.9909   51.3222 19.2
 35.630 3090 Alaska-slab2-v3                                                                  176.5107   50.8622  7.1
 35.630 3091 Alaska-slab2-v3                                                                  176.5551   50.9460  9.0
 35.630 3092 Alaska-slab2-v3                                                                  176.5947   51.0311 10.8
 32.500 3093 Alaska-slab2-v3                                                                  176.6293   51.1174 12.3
 27.220 3094 Alaska-slab2-v3                                                                  176.6639   51.2036 13.9
 20.297 3095 Alaska-slab2-v3                                                                  176.6995   51.2885 16.1
 11.160 3096 Alaska-slab2-v3                                                                  176.7350   51.3718 19.0
 35.630 3102 Alaska-slab2-v3                                                                  176.2368   50.9166  7.0
 35.630 3103 Alaska-slab2-v3                                                                  176.2839   50.9998  9.0
 35.630 3104 Alaska-slab2-v3                                                                  176.3264   51.0844 10.7
 32.388 3105 Alaska-slab2-v3                                                                  176.3640   51.1702 12.3
 27.074 3106 Alaska-slab2-v3                                                                  176.4015   51.2558 14.0
 20.369 3107 Alaska-slab2-v3                                                                  176.4402   51.3404 16.1
 11.355 3108 Alaska-slab2-v3                                                                  176.4791   51.4232 18.9
