  0.368 0000 Alaska-slab2-v3                                                                  220.4681   60.1734  0.4
  0.368 0001 Alaska-slab2-v3                                                                  220.5024   60.2615  1.3
  0.368 0002 Alaska-slab2-v3                                                                  220.5366   60.3496  2.1
  0.368 0003 Alaska-slab2-v3                                                                  220.5709   60.4377  3.0
  0.368 0004 Alaska-slab2-v3                                                                  220.6056   60.5257  3.8
  0.368 0005 Alaska-slab2-v3                                                                  220.6418   60.6139  4.6
  0.368 0006 Alaska-slab2-v3                                                                  220.6782   60.7021  5.3
  0.368 0007 Alaska-slab2-v3                                                                  220.6972   60.7904  6.1
  0.368 0008 Alaska-slab2-v3                                                                  220.6900   60.8794  6.8
  0.368 0009 Alaska-slab2-v3                                                                  220.6726   60.9687  7.6
  0.368 0010 Alaska-slab2-v3                                                                  220.6551   61.0581  8.4
  0.368 0011 Alaska-slab2-v3                                                                  220.6343   61.1471  9.3
  0.327 0012 Alaska-slab2-v3                                                                  220.6074   61.2353 10.4
  0.279 0013 Alaska-slab2-v3                                                                  220.5693   61.3225 11.6
  0.226 0014 Alaska-slab2-v3                                                                  220.5225   61.4090 12.9
  0.171 0015 Alaska-slab2-v3                                                                  220.4743   61.4951 14.3
  0.114 0016 Alaska-slab2-v3                                                                  220.4241   61.5810 15.8
  0.057 0017 Alaska-slab2-v3                                                                  220.3721   61.6666 17.2
  0.736 0025 Alaska-slab2-v3                                                                  220.1533   60.2734  0.5
  0.736 0026 Alaska-slab2-v3                                                                  220.1770   60.3623  1.4
  0.736 0027 Alaska-slab2-v3                                                                  220.2007   60.4512  2.3
  0.736 0028 Alaska-slab2-v3                                                                  220.2247   60.5401  3.3
  0.736 0029 Alaska-slab2-v3                                                                  220.2487   60.6290  4.2
  0.736 0030 Alaska-slab2-v3                                                                  220.2729   60.7179  5.1
  0.736 0031 Alaska-slab2-v3                                                                  220.2856   60.8066  6.0
  0.736 0032 Alaska-slab2-v3                                                                  220.2708   60.8950  6.8
  0.736 0033 Alaska-slab2-v3                                                                  220.2400   60.9835  7.7
  0.736 0034 Alaska-slab2-v3                                                                  220.2091   61.0718  8.6
  0.732 0035 Alaska-slab2-v3                                                                  220.1755   61.1598  9.7
  0.644 0036 Alaska-slab2-v3                                                                  220.1353   61.2470 10.8
  0.546 0037 Alaska-slab2-v3                                                                  220.0881   61.3334 12.1
  0.442 0038 Alaska-slab2-v3                                                                  220.0377   61.4193 13.5
  0.332 0039 Alaska-slab2-v3                                                                  219.9860   61.5050 14.9
  0.221 0040 Alaska-slab2-v3                                                                  219.9318   61.5903 16.4
  0.110 0041 Alaska-slab2-v3                                                                  219.8759   61.6754 17.8
  1.104 0049 Alaska-slab2-v3                                                                  219.8109   60.3467  0.5
  1.104 0050 Alaska-slab2-v3                                                                  219.8248   60.4360  1.6
  1.104 0051 Alaska-slab2-v3                                                                  219.8386   60.5254  2.7
  1.104 0052 Alaska-slab2-v3                                                                  219.8526   60.6147  3.7
  1.104 0053 Alaska-slab2-v3                                                                  219.8667   60.7040  4.7
  1.104 0054 Alaska-slab2-v3                                                                  219.8736   60.7931  5.7
  1.104 0055 Alaska-slab2-v3                                                                  219.8548   60.8811  6.6
  1.104 0056 Alaska-slab2-v3                                                                  219.8144   60.9683  7.6
  1.104 0057 Alaska-slab2-v3                                                                  219.7710   61.0555  8.5
  1.090 0058 Alaska-slab2-v3                                                                  219.7270   61.1425  9.6
  0.954 0059 Alaska-slab2-v3                                                                  219.6794   61.2289 10.8
  0.806 0060 Alaska-slab2-v3                                                                  219.6278   61.3148 12.0
  0.650 0061 Alaska-slab2-v3                                                                  219.5751   61.4004 13.4
  0.487 0062 Alaska-slab2-v3                                                                  219.5215   61.4859 14.8
  0.325 0063 Alaska-slab2-v3                                                                  219.4654   61.5710 16.1
  0.163 0064 Alaska-slab2-v3                                                                  219.4075   61.6559 17.5
  1.473 0072 Alaska-slab2-v3                                                                  219.4474   60.3908  0.6
  1.473 0073 Alaska-slab2-v3                                                                  219.4526   60.4801  1.9
  1.473 0074 Alaska-slab2-v3                                                                  219.4578   60.5695  3.1
  1.473 0075 Alaska-slab2-v3                                                                  219.4631   60.6590  4.2
  1.473 0076 Alaska-slab2-v3                                                                  219.4664   60.7483  5.3
  1.473 0077 Alaska-slab2-v3                                                                  219.4483   60.8364  6.3
  1.473 0078 Alaska-slab2-v3                                                                  219.4033   60.9228  7.2
  1.473 0079 Alaska-slab2-v3                                                                  219.3506   61.0087  8.2
  1.473 0080 Alaska-slab2-v3                                                                  219.2976   61.0947  9.1
  1.405 0081 Alaska-slab2-v3                                                                  219.2445   61.1805 10.2
  1.225 0082 Alaska-slab2-v3                                                                  219.1907   61.2661 11.4
  1.031 0083 Alaska-slab2-v3                                                                  219.1363   61.3516 12.7
  0.828 0084 Alaska-slab2-v3                                                                  219.0817   61.4369 14.0
  0.626 0085 Alaska-slab2-v3                                                                  219.0245   61.5220 15.4
  0.425 0086 Alaska-slab2-v3                                                                  218.9643   61.6065 16.7
  0.219 0087 Alaska-slab2-v3                                                                  218.9032   61.6909 18.0
  1.841 0094 Alaska-slab2-v3                                                                  219.0747   60.4088  0.7
  1.841 0095 Alaska-slab2-v3                                                                  219.0718   60.4979  2.1
  1.841 0096 Alaska-slab2-v3                                                                  219.0689   60.5872  3.5
  1.841 0097 Alaska-slab2-v3                                                                  219.0659   60.6765  4.8
  1.841 0098 Alaska-slab2-v3                                                                  219.0522   60.7651  5.9
  1.841 0099 Alaska-slab2-v3                                                                  219.0101   60.8513  6.8
  1.841 0100 Alaska-slab2-v3                                                                  218.9502   60.9362  7.7
  1.841 0101 Alaska-slab2-v3                                                                  218.8900   61.0211  8.6
  1.822 0102 Alaska-slab2-v3                                                                  218.8295   61.1059  9.4
  1.619 0103 Alaska-slab2-v3                                                                  218.7707   61.1909 10.5
  1.387 0104 Alaska-slab2-v3                                                                  218.7137   61.2761 11.6
  1.133 0105 Alaska-slab2-v3                                                                  218.6566   61.3611 12.9
  0.863 0106 Alaska-slab2-v3                                                                  218.5991   61.4460 14.3
  0.589 0107 Alaska-slab2-v3                                                                  218.5368   61.5301 15.7
  0.305 0108 Alaska-slab2-v3                                                                  218.4698   61.6133 17.1
  1.841 0115 Alaska-slab2-v3                                                                  218.6998   60.4034  0.8
  1.841 0116 Alaska-slab2-v3                                                                  218.6885   60.4922  2.4
  1.841 0117 Alaska-slab2-v3                                                                  218.6771   60.5811  3.8
  1.841 0118 Alaska-slab2-v3                                                                  218.6656   60.6702  5.2
  1.841 0119 Alaska-slab2-v3                                                                  218.6323   60.7571  6.3
  1.841 0120 Alaska-slab2-v3                                                                  218.5713   60.8413  7.2
  1.841 0121 Alaska-slab2-v3                                                                  218.5043   60.9250  8.0
  1.841 0122 Alaska-slab2-v3                                                                  218.4369   61.0086  8.8
  1.744 0123 Alaska-slab2-v3                                                                  218.3694   61.0923  9.6
  1.550 0124 Alaska-slab2-v3                                                                  218.3052   61.1764 10.6
  1.316 0125 Alaska-slab2-v3                                                                  218.2444   61.2609 11.7
  1.039 0126 Alaska-slab2-v3                                                                  218.1834   61.3453 13.1
  0.725 0127 Alaska-slab2-v3                                                                  218.1209   61.4290 14.6
  0.373 0128 Alaska-slab2-v3                                                                  218.0524   61.5114 16.4
  1.841 0134 Alaska-slab2-v3                                                                  218.3264   60.3816  0.9
  1.841 0135 Alaska-slab2-v3                                                                  218.3057   60.4698  2.5
  1.841 0136 Alaska-slab2-v3                                                                  218.2849   60.5582  4.1
  1.841 0137 Alaska-slab2-v3                                                                  218.2619   60.6465  5.5
  1.841 0138 Alaska-slab2-v3                                                                  218.2133   60.7318  6.6
  1.841 0139 Alaska-slab2-v3                                                                  218.1403   60.8141  7.4
  1.841 0140 Alaska-slab2-v3                                                                  218.0664   60.8965  8.1
  1.841 0141 Alaska-slab2-v3                                                                  217.9921   60.9788  8.8
  1.841 0142 Alaska-slab2-v3                                                                  217.9176   61.0610  9.6
  1.718 0143 Alaska-slab2-v3                                                                  217.8476   61.1440 10.6
  1.481 0144 Alaska-slab2-v3                                                                  217.7819   61.2275 11.9
  1.178 0145 Alaska-slab2-v3                                                                  217.7163   61.3106 13.5
  0.804 0146 Alaska-slab2-v3                                                                  217.6471   61.3922 15.6
  0.392 0147 Alaska-slab2-v3                                                                  217.5723   61.4724 17.8
  1.841 0152 Alaska-slab2-v3                                                                  217.9560   60.3487  0.9
  1.841 0153 Alaska-slab2-v3                                                                  217.9251   60.4360  2.7
  1.841 0154 Alaska-slab2-v3                                                                  217.8940   60.5236  4.3
  1.841 0155 Alaska-slab2-v3                                                                  217.8567   60.6105  5.7
  1.841 0156 Alaska-slab2-v3                                                                  217.7950   60.6939  6.7
  1.841 0157 Alaska-slab2-v3                                                                  217.7144   60.7747  7.4
  1.841 0158 Alaska-slab2-v3                                                                  217.6334   60.8554  8.1
  1.841 0159 Alaska-slab2-v3                                                                  217.5520   60.9361  8.8
  1.841 0160 Alaska-slab2-v3                                                                  217.4711   61.0168  9.6
  1.610 0161 Alaska-slab2-v3                                                                  217.3959   61.0984 10.9
  1.298 0162 Alaska-slab2-v3                                                                  217.3259   61.1805 12.5
  0.903 0163 Alaska-slab2-v3                                                                  217.2545   61.2616 14.6
  0.446 0164 Alaska-slab2-v3                                                                  217.1779   61.3409 17.0
  1.841 0170 Alaska-slab2-v3                                                                  217.5897   60.3064  1.0
  1.841 0171 Alaska-slab2-v3                                                                  217.5486   60.3925  2.8
  1.841 0172 Alaska-slab2-v3                                                                  217.5071   60.4789  4.5
  1.841 0173 Alaska-slab2-v3                                                                  217.4550   60.5637  5.9
  1.841 0174 Alaska-slab2-v3                                                                  217.3802   60.6447  7.0
  1.841 0175 Alaska-slab2-v3                                                                  217.2929   60.7237  7.8
  1.841 0176 Alaska-slab2-v3                                                                  217.2052   60.8027  8.5
  1.799 0177 Alaska-slab2-v3                                                                  217.1176   60.8817  9.3
  1.598 0178 Alaska-slab2-v3                                                                  217.0329   60.9613 10.2
  1.323 0179 Alaska-slab2-v3                                                                  216.9532   61.0417 11.6
  0.955 0180 Alaska-slab2-v3                                                                  216.8765   61.1221 13.4
  0.498 0181 Alaska-slab2-v3                                                                  216.7970   61.2010 15.7
  1.841 0188 Alaska-slab2-v3                                                                  217.2301   60.2536  1.0
  1.841 0189 Alaska-slab2-v3                                                                  217.1792   60.3381  3.0
  1.841 0190 Alaska-slab2-v3                                                                  217.1277   60.4229  4.9
  1.841 0191 Alaska-slab2-v3                                                                  217.0622   60.5053  6.5
  1.841 0192 Alaska-slab2-v3                                                                  216.9785   60.5843  7.7
  1.841 0193 Alaska-slab2-v3                                                                  216.8900   60.6628  8.8
  1.791 0194 Alaska-slab2-v3                                                                  216.7993   60.7407  9.6
  1.627 0195 Alaska-slab2-v3                                                                  216.7064   60.8182 10.4
  1.439 0196 Alaska-slab2-v3                                                                  216.6152   60.8960 11.4
  1.197 0197 Alaska-slab2-v3                                                                  216.5257   60.9741 12.6
  0.871 0198 Alaska-slab2-v3                                                                  216.4367   61.0516 14.3
  0.452 0199 Alaska-slab2-v3                                                                  216.3478   61.1284 16.4
  1.841 0207 Alaska-slab2-v3                                                                  216.8806   60.1876  1.2
  1.841 0208 Alaska-slab2-v3                                                                  216.8211   60.2702  3.5
  1.841 0209 Alaska-slab2-v3                                                                  216.7599   60.3528  5.6
  1.841 0210 Alaska-slab2-v3                                                                  216.6886   60.4338  7.4
  1.841 0211 Alaska-slab2-v3                                                                  216.6061   60.5129  9.0
  1.716 0212 Alaska-slab2-v3                                                                  216.5155   60.5902 10.2
  1.530 0213 Alaska-slab2-v3                                                                  216.4176   60.6658 11.1
  1.368 0214 Alaska-slab2-v3                                                                  216.3169   60.7408 12.0
  1.198 0215 Alaska-slab2-v3                                                                  216.2154   60.8156 12.9
  0.986 0216 Alaska-slab2-v3                                                                  216.1141   60.8903 13.9
  0.705 0217 Alaska-slab2-v3                                                                  216.0149   60.9652 15.4
  0.359 0218 Alaska-slab2-v3                                                                  215.9183   61.0404 17.2
  1.841 0228 Alaska-slab2-v3                                                                  216.5462   60.1055  1.4
  1.841 0229 Alaska-slab2-v3                                                                  216.4789   60.1854  4.1
  1.841 0230 Alaska-slab2-v3                                                                  216.4121   60.2658  6.7
  1.841 0231 Alaska-slab2-v3                                                                  216.3398   60.3457  8.9
  1.610 0232 Alaska-slab2-v3                                                                  216.2532   60.4228 10.7
  1.366 0233 Alaska-slab2-v3                                                                  216.1527   60.4968 11.9
  1.194 0234 Alaska-slab2-v3                                                                  216.0465   60.5698 12.8
  1.056 0235 Alaska-slab2-v3                                                                  215.9396   60.6428 13.6
  0.913 0236 Alaska-slab2-v3                                                                  215.8326   60.7157 14.3
  0.736 0237 Alaska-slab2-v3                                                                  215.7265   60.7889 15.2
  0.513 0238 Alaska-slab2-v3                                                                  215.6225   60.8627 16.4
  0.258 0239 Alaska-slab2-v3                                                                  215.5197   60.9366 17.7
  1.841 0252 Alaska-slab2-v3                                                                  216.2342   60.0034  1.6
  1.841 0253 Alaska-slab2-v3                                                                  216.1579   60.0796  4.9
  1.841 0254 Alaska-slab2-v3                                                                  216.0843   60.1571  7.9
  1.705 0255 Alaska-slab2-v3                                                                  216.0024   60.2336 10.4
  1.364 0256 Alaska-slab2-v3                                                                  215.9029   60.3067 12.2
  1.148 0257 Alaska-slab2-v3                                                                  215.7964   60.3790 13.4
  1.016 0258 Alaska-slab2-v3                                                                  215.6890   60.4516 14.1
  0.923 0259 Alaska-slab2-v3                                                                  215.5810   60.5242 14.6
  0.824 0260 Alaska-slab2-v3                                                                  215.4741   60.5972 15.1
  0.695 0261 Alaska-slab2-v3                                                                  215.3691   60.6708 15.8
  0.534 0262 Alaska-slab2-v3                                                                  215.2643   60.7445 16.6
  0.358 0263 Alaska-slab2-v3                                                                  215.1591   60.8181 17.5
  0.174 0264 Alaska-slab2-v3                                                                  215.0535   60.8915 18.5
  1.841 0279 Alaska-slab2-v3                                                                  215.9496   59.8812  1.8
  1.841 0280 Alaska-slab2-v3                                                                  215.8586   59.9519  5.4
  1.841 0281 Alaska-slab2-v3                                                                  215.7667   60.0238  8.5
  1.659 0282 Alaska-slab2-v3                                                                  215.6685   60.0957 10.9
  1.344 0283 Alaska-slab2-v3                                                                  215.5633   60.1673 12.6
  1.142 0284 Alaska-slab2-v3                                                                  215.4567   60.2395 13.7
  1.016 0285 Alaska-slab2-v3                                                                  215.3492   60.3119 14.4
  0.927 0286 Alaska-slab2-v3                                                                  215.2419   60.3845 14.9
  0.838 0287 Alaska-slab2-v3                                                                  215.1390   60.4588 15.3
  0.734 0288 Alaska-slab2-v3                                                                  215.0397   60.5342 15.9
  0.617 0289 Alaska-slab2-v3                                                                  214.9400   60.6096 16.5
  0.493 0290 Alaska-slab2-v3                                                                  214.8399   60.6849 17.2
  0.363 0291 Alaska-slab2-v3                                                                  214.7393   60.7600 17.9
  0.235 0292 Alaska-slab2-v3                                                                  214.6382   60.8351 18.6
  0.113 0293 Alaska-slab2-v3                                                                  214.5375   60.9104 19.2
  3.221 0309 Alaska-slab2-v3                                                                  215.6867   59.7457  1.9
  3.221 0310 Alaska-slab2-v3                                                                  215.5774   59.8092  5.5
  3.221 0311 Alaska-slab2-v3                                                                  215.4642   59.8739  8.3
  3.080 0312 Alaska-slab2-v3                                                                  215.3509   59.9410 10.4
  2.579 0313 Alaska-slab2-v3                                                                  215.2419   60.0111 11.9
  2.196 0314 Alaska-slab2-v3                                                                  215.1347   60.0828 13.1
  1.897 0315 Alaska-slab2-v3                                                                  215.0267   60.1546 14.0
  1.654 0316 Alaska-slab2-v3                                                                  214.9191   60.2267 14.7
  1.439 0317 Alaska-slab2-v3                                                                  214.8202   60.3019 15.4
  1.238 0318 Alaska-slab2-v3                                                                  214.7293   60.3797 16.0
  1.053 0319 Alaska-slab2-v3                                                                  214.6379   60.4575 16.6
  0.877 0320 Alaska-slab2-v3                                                                  214.5461   60.5352 17.1
  0.711 0321 Alaska-slab2-v3                                                                  214.4538   60.6129 17.6
  0.556 0322 Alaska-slab2-v3                                                                  214.3610   60.6905 18.1
  0.406 0323 Alaska-slab2-v3                                                                  214.2678   60.7681 18.6
  0.266 0324 Alaska-slab2-v3                                                                  214.1741   60.8456 19.0
  0.130 0325 Alaska-slab2-v3                                                                  214.0807   60.9232 19.4
  4.602 0343 Alaska-slab2-v3                                                                  215.2307   59.7091  7.2
  4.602 0344 Alaska-slab2-v3                                                                  215.1063   59.7707  9.3
  4.006 0345 Alaska-slab2-v3                                                                  214.9901   59.8370 11.1
  3.356 0346 Alaska-slab2-v3                                                                  214.8804   59.9071 12.5
  2.879 0347 Alaska-slab2-v3                                                                  214.7697   59.9775 13.5
  2.524 0348 Alaska-slab2-v3                                                                  214.6583   60.0480 14.3
  2.248 0349 Alaska-slab2-v3                                                                  214.5502   60.1198 14.9
  2.019 0350 Alaska-slab2-v3                                                                  214.4495   60.1941 15.4
  1.804 0351 Alaska-slab2-v3                                                                  214.3549   60.2707 15.8
  1.603 0352 Alaska-slab2-v3                                                                  214.2625   60.3481 16.3
  1.402 0353 Alaska-slab2-v3                                                                  214.1698   60.4256 16.7
  1.211 0354 Alaska-slab2-v3                                                                  214.0765   60.5029 17.1
  1.019 0355 Alaska-slab2-v3                                                                  213.9828   60.5802 17.5
  0.823 0356 Alaska-slab2-v3                                                                  213.8887   60.6575 17.9
  0.626 0357 Alaska-slab2-v3                                                                  213.7941   60.7346 18.4
  0.425 0358 Alaska-slab2-v3                                                                  213.6991   60.8117 18.8
  0.220 0359 Alaska-slab2-v3                                                                  213.6036   60.8887 19.2
  5.982 0385 Alaska-slab2-v3                                                                  214.9690   59.5755  7.2
  5.982 0386 Alaska-slab2-v3                                                                  214.8431   59.6356  9.5
  5.134 0387 Alaska-slab2-v3                                                                  214.7243   59.7004 11.4
  4.323 0388 Alaska-slab2-v3                                                                  214.6103   59.7687 12.7
  3.764 0389 Alaska-slab2-v3                                                                  214.4953   59.8373 13.6
  3.397 0390 Alaska-slab2-v3                                                                  214.3795   59.9059 14.2
  3.162 0391 Alaska-slab2-v3                                                                  214.2631   59.9745 14.6
  3.000 0392 Alaska-slab2-v3                                                                  214.1482   60.0437 14.9
  2.850 0393 Alaska-slab2-v3                                                                  214.0383   60.1149 15.2
  2.681 0394 Alaska-slab2-v3                                                                  213.9339   60.1883 15.4
  2.483 0395 Alaska-slab2-v3                                                                  213.8315   60.2625 15.8
  2.249 0396 Alaska-slab2-v3                                                                  213.7286   60.3367 16.2
  1.990 0397 Alaska-slab2-v3                                                                  213.6253   60.4108 16.6
  1.707 0398 Alaska-slab2-v3                                                                  213.5216   60.4848 17.1
  1.401 0399 Alaska-slab2-v3                                                                  213.4174   60.5587 17.6
  1.076 0400 Alaska-slab2-v3                                                                  213.3127   60.6325 18.1
  0.733 0401 Alaska-slab2-v3                                                                  213.2076   60.7062 18.7
  0.373 0402 Alaska-slab2-v3                                                                  213.1020   60.7798 19.3
  7.363 0427 Alaska-slab2-v3                                                                  214.7141   59.4391  7.3
  7.363 0428 Alaska-slab2-v3                                                                  214.5858   59.4974  9.6
  6.233 0429 Alaska-slab2-v3                                                                  214.4641   59.5605 11.5
  5.221 0430 Alaska-slab2-v3                                                                  214.3463   59.6269 12.9
  4.534 0431 Alaska-slab2-v3                                                                  214.2275   59.6935 13.8
  4.113 0432 Alaska-slab2-v3                                                                  214.1078   59.7602 14.4
  3.877 0433 Alaska-slab2-v3                                                                  213.9875   59.8269 14.7
  3.766 0434 Alaska-slab2-v3                                                                  213.8667   59.8935 14.8
  3.685 0435 Alaska-slab2-v3                                                                  213.7462   59.9604 14.9
  3.582 0436 Alaska-slab2-v3                                                                  213.6291   60.0286 15.1
  3.412 0437 Alaska-slab2-v3                                                                  213.5162   60.0988 15.3
  3.161 0438 Alaska-slab2-v3                                                                  213.4044   60.1695 15.7
  2.843 0439 Alaska-slab2-v3                                                                  213.2921   60.2401 16.1
  2.466 0440 Alaska-slab2-v3                                                                  213.1795   60.3106 16.6
  2.038 0441 Alaska-slab2-v3                                                                  213.0664   60.3810 17.2
  1.566 0442 Alaska-slab2-v3                                                                  212.9528   60.4512 17.8
  1.071 0443 Alaska-slab2-v3                                                                  212.8388   60.5214 18.5
  0.539 0444 Alaska-slab2-v3                                                                  212.7243   60.5914 19.2
  7.363 0468 Alaska-slab2-v3                                                                  214.4693   59.2986  7.2
  7.363 0469 Alaska-slab2-v3                                                                  214.3377   59.3548  9.5
  6.065 0470 Alaska-slab2-v3                                                                  214.2120   59.4156 11.4
  5.025 0471 Alaska-slab2-v3                                                                  214.0899   59.4797 12.8
  4.311 0472 Alaska-slab2-v3                                                                  213.9667   59.5441 13.7
  3.871 0473 Alaska-slab2-v3                                                                  213.8427   59.6084 14.3
  3.628 0474 Alaska-slab2-v3                                                                  213.7181   59.6728 14.6
  3.514 0475 Alaska-slab2-v3                                                                  213.5930   59.7370 14.8
  3.454 0476 Alaska-slab2-v3                                                                  213.4673   59.8012 14.9
  3.385 0477 Alaska-slab2-v3                                                                  213.3418   59.8654 14.9
  3.233 0478 Alaska-slab2-v3                                                                  213.2188   59.9310 15.1
  2.983 0479 Alaska-slab2-v3                                                                  213.0983   59.9978 15.5
  2.634 0480 Alaska-slab2-v3                                                                  212.9777   60.0646 15.9
  2.201 0481 Alaska-slab2-v3                                                                  212.8566   60.1312 16.5
  1.708 0482 Alaska-slab2-v3                                                                  212.7351   60.1977 17.1
  1.161 0483 Alaska-slab2-v3                                                                  212.6132   60.2641 17.9
  0.592 0484 Alaska-slab2-v3                                                                  212.4909   60.3303 18.6
  7.363 0509 Alaska-slab2-v3                                                                  214.2376   59.1532  7.1
  7.363 0510 Alaska-slab2-v3                                                                  214.1024   59.2073  9.3
  6.300 0511 Alaska-slab2-v3                                                                  213.9719   59.2655 11.1
  5.287 0512 Alaska-slab2-v3                                                                  213.8453   59.3270 12.4
  4.563 0513 Alaska-slab2-v3                                                                  213.7176   59.3887 13.3
  4.091 0514 Alaska-slab2-v3                                                                  213.5892   59.4504 14.0
  3.794 0515 Alaska-slab2-v3                                                                  213.4601   59.5121 14.4
  3.618 0516 Alaska-slab2-v3                                                                  213.3304   59.5737 14.6
  3.512 0517 Alaska-slab2-v3                                                                  213.2003   59.6352 14.7
  3.390 0518 Alaska-slab2-v3                                                                  213.0697   59.6965 14.9
  3.215 0519 Alaska-slab2-v3                                                                  212.9395   59.7582 15.1
  2.948 0520 Alaska-slab2-v3                                                                  212.8102   59.8204 15.5
  2.590 0521 Alaska-slab2-v3                                                                  212.6808   59.8826 15.9
  2.156 0522 Alaska-slab2-v3                                                                  212.5511   59.9446 16.5
  1.668 0523 Alaska-slab2-v3                                                                  212.4208   60.0065 17.1
  1.135 0524 Alaska-slab2-v3                                                                  212.2902   60.0682 17.8
  0.571 0525 Alaska-slab2-v3                                                                  212.1591   60.1298 18.6
  7.363 0550 Alaska-slab2-v3                                                                  214.0194   59.0030  7.0
  7.363 0551 Alaska-slab2-v3                                                                  213.8813   59.0556  8.9
  6.708 0552 Alaska-slab2-v3                                                                  213.7467   59.1112 10.6
  5.723 0553 Alaska-slab2-v3                                                                  213.6158   59.1701 11.9
  4.989 0554 Alaska-slab2-v3                                                                  213.4846   59.2294 12.9
  4.452 0555 Alaska-slab2-v3                                                                  213.3527   59.2888 13.6
  4.081 0556 Alaska-slab2-v3                                                                  213.2201   59.3481 14.1
  3.816 0557 Alaska-slab2-v3                                                                  213.0869   59.4073 14.4
  3.611 0558 Alaska-slab2-v3                                                                  212.9532   59.4664 14.7
  3.422 0559 Alaska-slab2-v3                                                                  212.8188   59.5252 14.9
  3.210 0560 Alaska-slab2-v3                                                                  212.6833   59.5834 15.2
  2.953 0561 Alaska-slab2-v3                                                                  212.5469   59.6413 15.6
  2.650 0562 Alaska-slab2-v3                                                                  212.4101   59.6990 15.9
  2.294 0563 Alaska-slab2-v3                                                                  212.2729   59.7565 16.4
  1.908 0564 Alaska-slab2-v3                                                                  212.1353   59.8139 16.9
  1.476 0565 Alaska-slab2-v3                                                                  211.9972   59.8711 17.5
  1.014 0566 Alaska-slab2-v3                                                                  211.8586   59.9281 18.1
  0.522 0567 Alaska-slab2-v3                                                                  211.7197   59.9850 18.8
  7.363 0590 Alaska-slab2-v3                                                                  213.8124   58.8490  6.9
  7.363 0591 Alaska-slab2-v3                                                                  213.6725   58.9003  8.7
  7.182 0592 Alaska-slab2-v3                                                                  213.5347   58.9537 10.2
  6.238 0593 Alaska-slab2-v3                                                                  213.4001   59.0099 11.5
  5.493 0594 Alaska-slab2-v3                                                                  213.2660   59.0671 12.5
  4.911 0595 Alaska-slab2-v3                                                                  213.1312   59.1243 13.3
  4.461 0596 Alaska-slab2-v3                                                                  212.9957   59.1814 13.9
  4.122 0597 Alaska-slab2-v3                                                                  212.8597   59.2385 14.4
  3.842 0598 Alaska-slab2-v3                                                                  212.7232   59.2954 14.8
  3.598 0599 Alaska-slab2-v3                                                                  212.5850   59.3514 15.1
  3.370 0600 Alaska-slab2-v3                                                                  212.4447   59.4062 15.4
  3.134 0601 Alaska-slab2-v3                                                                  212.3036   59.4606 15.7
  2.890 0602 Alaska-slab2-v3                                                                  212.1621   59.5148 16.0
  2.640 0603 Alaska-slab2-v3                                                                  212.0201   59.5689 16.4
  2.360 0604 Alaska-slab2-v3                                                                  211.8777   59.6228 16.8
  2.065 0605 Alaska-slab2-v3                                                                  211.7348   59.6766 17.2
  1.733 0606 Alaska-slab2-v3                                                                  211.5915   59.7302 17.6
  1.371 0607 Alaska-slab2-v3                                                                  211.4478   59.7836 18.1
  0.966 0608 Alaska-slab2-v3                                                                  211.3036   59.8369 18.7
  0.509 0609 Alaska-slab2-v3                                                                  211.1594   59.8901 19.3
  7.363 0628 Alaska-slab2-v3                                                                  213.6139   58.6921  6.9
  7.363 0629 Alaska-slab2-v3                                                                  213.4727   58.7421  8.6
  7.233 0630 Alaska-slab2-v3                                                                  213.3324   58.7934 10.1
  6.286 0631 Alaska-slab2-v3                                                                  213.1942   58.8468 11.4
  5.517 0632 Alaska-slab2-v3                                                                  213.0564   58.9011 12.4
  4.903 0633 Alaska-slab2-v3                                                                  212.9178   58.9554 13.3
  4.415 0634 Alaska-slab2-v3                                                                  212.7787   59.0096 13.9
  4.031 0635 Alaska-slab2-v3                                                                  212.6390   59.0637 14.5
  3.720 0636 Alaska-slab2-v3                                                                  212.4985   59.1175 14.9
  3.446 0637 Alaska-slab2-v3                                                                  212.3560   59.1700 15.2
  3.202 0638 Alaska-slab2-v3                                                                  212.2117   59.2214 15.6
  2.973 0639 Alaska-slab2-v3                                                                  212.0669   59.2727 15.9
  2.759 0640 Alaska-slab2-v3                                                                  211.9217   59.3238 16.2
  2.544 0641 Alaska-slab2-v3                                                                  211.7760   59.3747 16.5
  2.322 0642 Alaska-slab2-v3                                                                  211.6299   59.4255 16.8
  2.093 0643 Alaska-slab2-v3                                                                  211.4834   59.4761 17.1
  1.842 0644 Alaska-slab2-v3                                                                  211.3364   59.5265 17.4
  1.561 0645 Alaska-slab2-v3                                                                  211.1891   59.5768 17.8
  1.242 0646 Alaska-slab2-v3                                                                  211.0413   59.6269 18.2
  0.887 0647 Alaska-slab2-v3                                                                  210.8931   59.6768 18.7
  0.473 0648 Alaska-slab2-v3                                                                  210.7446   59.7265 19.3
  7.363 0664 Alaska-slab2-v3                                                                  213.4216   58.5336  6.9
  7.363 0665 Alaska-slab2-v3                                                                  213.2794   58.5822  8.7
  6.959 0666 Alaska-slab2-v3                                                                  213.1372   58.6314 10.3
  5.971 0667 Alaska-slab2-v3                                                                  212.9951   58.6814 11.6
  5.187 0668 Alaska-slab2-v3                                                                  212.8525   58.7318 12.6
  4.569 0669 Alaska-slab2-v3                                                                  212.7092   58.7822 13.5
  4.094 0670 Alaska-slab2-v3                                                                  212.5653   58.8324 14.1
  3.725 0671 Alaska-slab2-v3                                                                  212.4209   58.8826 14.6
  3.438 0672 Alaska-slab2-v3                                                                  212.2756   58.9323 15.0
  3.189 0673 Alaska-slab2-v3                                                                  212.1287   58.9809 15.3
  2.986 0674 Alaska-slab2-v3                                                                  211.9807   59.0289 15.6
  2.797 0675 Alaska-slab2-v3                                                                  211.8323   59.0767 15.8
  2.616 0676 Alaska-slab2-v3                                                                  211.6835   59.1244 16.1
  2.450 0677 Alaska-slab2-v3                                                                  211.5343   59.1719 16.3
  2.269 0678 Alaska-slab2-v3                                                                  211.3847   59.2192 16.5
  2.073 0679 Alaska-slab2-v3                                                                  211.2346   59.2663 16.8
  1.847 0680 Alaska-slab2-v3                                                                  211.0842   59.3133 17.1
  1.591 0681 Alaska-slab2-v3                                                                  210.9334   59.3600 17.4
  1.289 0682 Alaska-slab2-v3                                                                  210.7821   59.4066 17.8
  0.927 0683 Alaska-slab2-v3                                                                  210.6306   59.4530 18.3
  0.498 0684 Alaska-slab2-v3                                                                  210.4786   59.4992 18.9
  7.363 0699 Alaska-slab2-v3                                                                  213.2312   58.3782  7.1
  7.363 0700 Alaska-slab2-v3                                                                  213.0897   58.4261  9.1
  6.716 0701 Alaska-slab2-v3                                                                  212.9473   58.4744 10.8
  5.712 0702 Alaska-slab2-v3                                                                  212.8039   58.5229 12.1
  4.960 0703 Alaska-slab2-v3                                                                  212.6595   58.5714 13.1
  4.410 0704 Alaska-slab2-v3                                                                  212.5144   58.6199 13.9
  4.031 0705 Alaska-slab2-v3                                                                  212.3686   58.6683 14.4
  3.763 0706 Alaska-slab2-v3                                                                  212.2224   58.7166 14.7
  3.562 0707 Alaska-slab2-v3                                                                  212.0755   58.7646 15.0
  3.399 0708 Alaska-slab2-v3                                                                  211.9278   58.8121 15.2
  3.250 0709 Alaska-slab2-v3                                                                  211.7795   58.8593 15.4
  3.109 0710 Alaska-slab2-v3                                                                  211.6308   58.9063 15.6
  2.967 0711 Alaska-slab2-v3                                                                  211.4817   58.9531 15.8
  2.811 0712 Alaska-slab2-v3                                                                  211.3322   58.9998 16.0
  2.640 0713 Alaska-slab2-v3                                                                  211.1823   59.0462 16.2
  2.432 0714 Alaska-slab2-v3                                                                  211.0320   59.0925 16.5
  2.179 0715 Alaska-slab2-v3                                                                  210.8814   59.1387 16.9
  1.882 0716 Alaska-slab2-v3                                                                  210.7304   59.1846 17.3
  1.525 0717 Alaska-slab2-v3                                                                  210.5790   59.2303 17.8
  1.093 0718 Alaska-slab2-v3                                                                  210.4273   59.2759 18.3
  0.595 0719 Alaska-slab2-v3                                                                  210.2753   59.3212 19.0
  7.363 0734 Alaska-slab2-v3                                                                  213.0391   58.2265  7.2
  7.363 0735 Alaska-slab2-v3                                                                  212.8990   58.2742  9.5
  6.281 0736 Alaska-slab2-v3                                                                  212.7582   58.3227 11.3
  5.251 0737 Alaska-slab2-v3                                                                  212.6163   58.3719 12.7
  4.535 0738 Alaska-slab2-v3                                                                  212.4734   58.4212 13.7
  4.065 0739 Alaska-slab2-v3                                                                  212.3297   58.4705 14.3
  3.789 0740 Alaska-slab2-v3                                                                  212.1853   58.5196 14.7
  3.633 0741 Alaska-slab2-v3                                                                  212.0405   58.5687 14.9
  3.528 0742 Alaska-slab2-v3                                                                  211.8955   58.6177 15.0
  3.424 0743 Alaska-slab2-v3                                                                  211.7504   58.6668 15.1
  3.305 0744 Alaska-slab2-v3                                                                  211.6051   58.7160 15.3
  3.163 0745 Alaska-slab2-v3                                                                  211.4594   58.7650 15.5
  2.991 0746 Alaska-slab2-v3                                                                  211.3134   58.8138 15.7
  2.790 0747 Alaska-slab2-v3                                                                  211.1669   58.8624 16.0
  2.544 0748 Alaska-slab2-v3                                                                  211.0201   58.9109 16.3
  2.253 0749 Alaska-slab2-v3                                                                  210.8729   58.9592 16.7
  1.917 0750 Alaska-slab2-v3                                                                  210.7253   59.0073 17.2
  1.529 0751 Alaska-slab2-v3                                                                  210.5773   59.0553 17.7
  1.082 0752 Alaska-slab2-v3                                                                  210.4290   59.1030 18.3
  0.574 0753 Alaska-slab2-v3                                                                  210.2804   59.1506 19.0
