  4.832 0770 Alaska-slab2-v3                                                                  212.7037   58.1232  9.6
  4.832 0771 Alaska-slab2-v3                                                                  212.5640   58.1721 11.5
  4.832 0772 Alaska-slab2-v3                                                                  212.4241   58.2223 12.9
  4.724 0773 Alaska-slab2-v3                                                                  212.2830   58.2726 13.8
  4.513 0774 Alaska-slab2-v3                                                                  212.1411   58.3229 14.4
  4.395 0775 Alaska-slab2-v3                                                                  211.9987   58.3731 14.7
  4.334 0776 Alaska-slab2-v3                                                                  211.8558   58.4231 14.9
  4.298 0777 Alaska-slab2-v3                                                                  211.7126   58.4732 15.0
  4.832 0804 Alaska-slab2-v3                                                                  212.5018   57.9757  9.3
  4.832 0805 Alaska-slab2-v3                                                                  212.3630   58.0250 11.1
  4.832 0806 Alaska-slab2-v3                                                                  212.2250   58.0764 12.5
  4.790 0807 Alaska-slab2-v3                                                                  212.0860   58.1278 13.4
  4.561 0808 Alaska-slab2-v3                                                                  211.9461   58.1791 14.1
  4.412 0809 Alaska-slab2-v3                                                                  211.8057   58.2304 14.5
  4.325 0810 Alaska-slab2-v3                                                                  211.6649   58.2816 14.7
  4.256 0811 Alaska-slab2-v3                                                                  211.5236   58.3327 14.9
  4.832 0838 Alaska-slab2-v3                                                                  212.2938   57.8339  8.9
  4.832 0839 Alaska-slab2-v3                                                                  212.1557   57.8839 10.5
  4.832 0840 Alaska-slab2-v3                                                                  212.0188   57.9358 11.8
  4.832 0841 Alaska-slab2-v3                                                                  211.8814   57.9880 12.8
  4.714 0842 Alaska-slab2-v3                                                                  211.7432   58.0402 13.5
  4.523 0843 Alaska-slab2-v3                                                                  211.6045   58.0922 14.0
  4.383 0844 Alaska-slab2-v3                                                                  211.4652   58.1442 14.4
  4.262 0845 Alaska-slab2-v3                                                                  211.3256   58.1960 14.7
  4.832 0872 Alaska-slab2-v3                                                                  212.0783   57.6978  8.4
  4.832 0873 Alaska-slab2-v3                                                                  211.9416   57.7490  9.9
  4.832 0874 Alaska-slab2-v3                                                                  211.8053   57.8010 11.1
  4.832 0875 Alaska-slab2-v3                                                                  211.6687   57.8535 12.1
  4.832 0876 Alaska-slab2-v3                                                                  211.5314   57.9059 12.8
  4.803 0877 Alaska-slab2-v3                                                                  211.3937   57.9582 13.5
  4.611 0878 Alaska-slab2-v3                                                                  211.2554   58.0104 14.0
  4.445 0879 Alaska-slab2-v3                                                                  211.1167   58.0625 14.4
  4.276 0880 Alaska-slab2-v3                                                                  210.9789   58.1152 14.9
  4.832 0905 Alaska-slab2-v3                                                                  211.8526   57.5663  8.1
  4.832 0906 Alaska-slab2-v3                                                                  211.7178   57.6189  9.4
  4.832 0907 Alaska-slab2-v3                                                                  211.5824   57.6714 10.6
  4.832 0908 Alaska-slab2-v3                                                                  211.4462   57.7238 11.5
  4.832 0909 Alaska-slab2-v3                                                                  211.3094   57.7761 12.4
  4.832 0910 Alaska-slab2-v3                                                                  211.1721   57.8283 13.1
  4.609 0911 Alaska-slab2-v3                                                                  211.0343   57.8803 13.7
  4.388 0912 Alaska-slab2-v3                                                                  210.8961   57.9322 14.3
  4.174 0913 Alaska-slab2-v3                                                                  210.7591   57.9852 14.9
  4.832 0939 Alaska-slab2-v3                                                                  211.4814   57.4929  9.1
  4.832 0940 Alaska-slab2-v3                                                                  211.3469   57.5459 10.2
  4.832 0941 Alaska-slab2-v3                                                                  211.2112   57.5983 11.2
  4.832 0942 Alaska-slab2-v3                                                                  211.0747   57.6504 12.1
  4.832 0943 Alaska-slab2-v3                                                                  210.9378   57.7023 12.9
  4.644 0944 Alaska-slab2-v3                                                                  210.8003   57.7542 13.7
  4.387 0945 Alaska-slab2-v3                                                                  210.6624   57.8059 14.4
  4.832 0972 Alaska-slab2-v3                                                                  211.2308   57.3710  9.0
  4.832 0973 Alaska-slab2-v3                                                                  211.0969   57.4240 10.1
  4.832 0974 Alaska-slab2-v3                                                                  210.9619   57.4765 11.1
  4.832 0975 Alaska-slab2-v3                                                                  210.8263   57.5288 12.1
  4.832 0976 Alaska-slab2-v3                                                                  210.6901   57.5810 12.9
  4.605 0977 Alaska-slab2-v3                                                                  210.5535   57.6331 13.7
  4.329 0978 Alaska-slab2-v3                                                                  210.4165   57.6851 14.5
  4.832 1004 Alaska-slab2-v3                                                                  210.9669   57.2526  9.2
  4.832 1005 Alaska-slab2-v3                                                                  210.8334   57.3056 10.3
  4.832 1006 Alaska-slab2-v3                                                                  210.7011   57.3598 11.3
  4.832 1007 Alaska-slab2-v3                                                                  210.5684   57.4139 12.2
  4.832 1008 Alaska-slab2-v3                                                                  210.4353   57.4680 13.0
  4.628 1009 Alaska-slab2-v3                                                                  210.3017   57.5220 13.7
  4.364 1010 Alaska-slab2-v3                                                                  210.1676   57.5759 14.5
  4.832 1035 Alaska-slab2-v3                                                                  210.8281   57.0879  8.2
  4.832 1036 Alaska-slab2-v3                                                                  210.6921   57.1379  9.5
  4.832 1037 Alaska-slab2-v3                                                                  210.5617   57.1925 10.6
  4.832 1038 Alaska-slab2-v3                                                                  210.4359   57.2507 11.6
  4.832 1039 Alaska-slab2-v3                                                                  210.3097   57.3090 12.3
  4.832 1040 Alaska-slab2-v3                                                                  210.1830   57.3673 13.0
  4.789 1041 Alaska-slab2-v3                                                                  210.0559   57.4255 13.6
  4.581 1042 Alaska-slab2-v3                                                                  209.9283   57.4835 14.2
  4.366 1043 Alaska-slab2-v3                                                                  209.8016   57.5422 14.8
  3.926 1066 Alaska-slab2-v3                                                                  210.5480   56.9808  8.4
  3.926 1067 Alaska-slab2-v3                                                                  210.4119   57.0299  9.8
  3.926 1068 Alaska-slab2-v3                                                                  210.2868   57.0872 10.9
  3.926 1069 Alaska-slab2-v3                                                                  210.1685   57.1498 11.8
  3.926 1070 Alaska-slab2-v3                                                                  210.0496   57.2125 12.4
  3.926 1071 Alaska-slab2-v3                                                                  209.9302   57.2750 12.9
  3.910 1072 Alaska-slab2-v3                                                                  209.8103   57.3375 13.4
  3.780 1073 Alaska-slab2-v3                                                                  209.6901   57.3999 13.8
  3.633 1074 Alaska-slab2-v3                                                                  209.5694   57.4622 14.3
  3.454 1075 Alaska-slab2-v3                                                                  209.4478   57.5238 14.9
  3.020 1096 Alaska-slab2-v3                                                                  210.2708   56.8864  8.3
  3.020 1097 Alaska-slab2-v3                                                                  210.1362   56.9367  9.6
  3.020 1098 Alaska-slab2-v3                                                                  210.0128   56.9950 10.7
  3.020 1099 Alaska-slab2-v3                                                                  209.8978   57.0594 11.5
  3.020 1100 Alaska-slab2-v3                                                                  209.7823   57.1238 12.1
  3.020 1101 Alaska-slab2-v3                                                                  209.6663   57.1881 12.6
  3.020 1102 Alaska-slab2-v3                                                                  209.5498   57.2524 13.0
  3.003 1103 Alaska-slab2-v3                                                                  209.4329   57.3166 13.4
  2.892 1104 Alaska-slab2-v3                                                                  209.3157   57.3806 13.9
  2.744 1105 Alaska-slab2-v3                                                                  209.1981   57.4444 14.5
  2.114 1126 Alaska-slab2-v3                                                                  209.8744   56.8602  9.1
  2.114 1127 Alaska-slab2-v3                                                                  209.7519   56.9196 10.1
  2.114 1128 Alaska-slab2-v3                                                                  209.6341   56.9823 10.9
  2.114 1129 Alaska-slab2-v3                                                                  209.5161   57.0452 11.5
  2.114 1130 Alaska-slab2-v3                                                                  209.3976   57.1080 12.0
  2.114 1131 Alaska-slab2-v3                                                                  209.2787   57.1707 12.5
  2.114 1132 Alaska-slab2-v3                                                                  209.1594   57.2333 13.0
  2.060 1133 Alaska-slab2-v3                                                                  209.0398   57.2957 13.7
  1.929 1134 Alaska-slab2-v3                                                                  208.9194   57.3575 14.5
  1.208 1155 Alaska-slab2-v3                                                                  209.6138   56.7850  8.6
  1.208 1156 Alaska-slab2-v3                                                                  209.4968   56.8478  9.5
  1.208 1157 Alaska-slab2-v3                                                                  209.3777   56.9096 10.4
  1.208 1158 Alaska-slab2-v3                                                                  209.2553   56.9697 11.1
  1.208 1159 Alaska-slab2-v3                                                                  209.1314   57.0291 11.7
  1.208 1160 Alaska-slab2-v3                                                                  209.0072   57.0883 12.4
  1.208 1161 Alaska-slab2-v3                                                                  208.8826   57.1474 13.1
  1.142 1162 Alaska-slab2-v3                                                                  208.7578   57.2063 14.0
  1.208 1183 Alaska-slab2-v3                                                                  209.3362   56.6985  8.4
  1.208 1184 Alaska-slab2-v3                                                                  209.2227   56.7631  9.3
  1.208 1185 Alaska-slab2-v3                                                                  209.1047   56.8252 10.2
  1.208 1186 Alaska-slab2-v3                                                                  208.9805   56.8838 11.0
  1.208 1187 Alaska-slab2-v3                                                                  208.8540   56.9412 11.9
  1.208 1188 Alaska-slab2-v3                                                                  208.7273   56.9984 12.8
  1.147 1189 Alaska-slab2-v3                                                                  208.6002   57.0555 13.8
  1.045 1190 Alaska-slab2-v3                                                                  208.4722   57.1118 14.9
  1.208 1210 Alaska-slab2-v3                                                                  209.0493   56.6043  8.6
  1.208 1211 Alaska-slab2-v3                                                                  208.9339   56.6675  9.7
  1.208 1212 Alaska-slab2-v3                                                                  208.8140   56.7282 10.7
  1.208 1213 Alaska-slab2-v3                                                                  208.6901   56.7867 11.7
  1.208 1214 Alaska-slab2-v3                                                                  208.5650   56.8445 12.7
  1.129 1215 Alaska-slab2-v3                                                                  208.4395   56.9022 13.7
  1.026 1216 Alaska-slab2-v3                                                                  208.3132   56.9594 14.8
  1.208 1236 Alaska-slab2-v3                                                                  208.8802   56.4447  8.1
  1.208 1237 Alaska-slab2-v3                                                                  208.7647   56.5072  9.4
  1.208 1238 Alaska-slab2-v3                                                                  208.6463   56.5684 10.6
  1.208 1239 Alaska-slab2-v3                                                                  208.5248   56.6279 11.7
  1.208 1240 Alaska-slab2-v3                                                                  208.4020   56.6869 12.7
  1.161 1241 Alaska-slab2-v3                                                                  208.2787   56.7458 13.7
  1.072 1242 Alaska-slab2-v3                                                                  208.1550   56.8045 14.6
  1.208 1262 Alaska-slab2-v3                                                                  208.5983   56.3460  8.8
  1.208 1263 Alaska-slab2-v3                                                                  208.4812   56.4069 10.4
  1.208 1264 Alaska-slab2-v3                                                                  208.3622   56.4673 11.7
  1.208 1265 Alaska-slab2-v3                                                                  208.2418   56.5275 12.7
  1.192 1266 Alaska-slab2-v3                                                                  208.1208   56.5876 13.5
  1.122 1267 Alaska-slab2-v3                                                                  207.9993   56.6476 14.3
  1.208 1287 Alaska-slab2-v3                                                                  208.3171   56.2446  9.4
  1.208 1288 Alaska-slab2-v3                                                                  208.2000   56.3048 11.1
  1.208 1289 Alaska-slab2-v3                                                                  208.0836   56.3666 12.4
  1.158 1290 Alaska-slab2-v3                                                                  207.9663   56.4286 13.3
  1.097 1291 Alaska-slab2-v3                                                                  207.8484   56.4905 13.9
  1.044 1292 Alaska-slab2-v3                                                                  207.7301   56.5524 14.5
  1.208 1312 Alaska-slab2-v3                                                                  208.0398   56.1434  9.6
  1.208 1313 Alaska-slab2-v3                                                                  207.9244   56.2042 11.4
  1.208 1314 Alaska-slab2-v3                                                                  207.8116   56.2679 12.6
  1.155 1315 Alaska-slab2-v3                                                                  207.6980   56.3317 13.5
  1.103 1316 Alaska-slab2-v3                                                                  207.5837   56.3957 14.0
  1.061 1317 Alaska-slab2-v3                                                                  207.4690   56.4595 14.5
  1.015 1318 Alaska-slab2-v3                                                                  207.3537   56.5231 14.9
  1.208 1336 Alaska-slab2-v3                                                                  207.7667   56.0430  9.5
  1.208 1337 Alaska-slab2-v3                                                                  207.6526   56.1043 11.3
  1.208 1338 Alaska-slab2-v3                                                                  207.5425   56.1693 12.5
  1.189 1339 Alaska-slab2-v3                                                                  207.4315   56.2344 13.4
  1.137 1340 Alaska-slab2-v3                                                                  207.3199   56.2996 13.9
  1.098 1341 Alaska-slab2-v3                                                                  207.2079   56.3648 14.4
  1.054 1342 Alaska-slab2-v3                                                                  207.0952   56.4297 14.8
  1.208 1360 Alaska-slab2-v3                                                                  207.4972   55.9427  9.3
  1.208 1361 Alaska-slab2-v3                                                                  207.3835   56.0042 11.0
  1.208 1362 Alaska-slab2-v3                                                                  207.2747   56.0698 12.2
  1.167 1363 Alaska-slab2-v3                                                                  207.1652   56.1355 13.1
  1.109 1364 Alaska-slab2-v3                                                                  207.0551   56.2013 13.7
  1.060 1365 Alaska-slab2-v3                                                                  206.9445   56.2670 14.2
  1.008 1366 Alaska-slab2-v3                                                                  206.8334   56.3326 14.8
  1.208 1384 Alaska-slab2-v3                                                                  207.2316   55.8425  9.0
  1.208 1385 Alaska-slab2-v3                                                                  207.1181   55.9043 10.6
  1.208 1386 Alaska-slab2-v3                                                                  207.0097   55.9699 11.9
  1.208 1387 Alaska-slab2-v3                                                                  206.9012   56.0360 12.8
  1.163 1388 Alaska-slab2-v3                                                                  206.7921   56.1021 13.5
  1.105 1389 Alaska-slab2-v3                                                                  206.6826   56.1682 14.1
  1.045 1390 Alaska-slab2-v3                                                                  206.5727   56.2341 14.7
  1.208 1407 Alaska-slab2-v3                                                                  206.9698   55.7423  8.7
  1.208 1408 Alaska-slab2-v3                                                                  206.8571   55.8047 10.2
  1.208 1409 Alaska-slab2-v3                                                                  206.7489   55.8703 11.4
  1.208 1410 Alaska-slab2-v3                                                                  206.6420   55.9370 12.3
  1.208 1411 Alaska-slab2-v3                                                                  206.5345   56.0037 13.1
  1.147 1412 Alaska-slab2-v3                                                                  206.4266   56.0704 13.8
  1.081 1413 Alaska-slab2-v3                                                                  206.3183   56.1369 14.5
  1.208 1430 Alaska-slab2-v3                                                                  206.7109   55.6415  8.3
  1.208 1431 Alaska-slab2-v3                                                                  206.5997   55.7049  9.7
  1.208 1432 Alaska-slab2-v3                                                                  206.4925   55.7709 10.9
  1.208 1433 Alaska-slab2-v3                                                                  206.3880   55.8387 11.8
  1.208 1434 Alaska-slab2-v3                                                                  206.2831   55.9065 12.6
  1.183 1435 Alaska-slab2-v3                                                                  206.1777   55.9743 13.4
  1.113 1436 Alaska-slab2-v3                                                                  206.0720   56.0420 14.1
  1.035 1437 Alaska-slab2-v3                                                                  205.9655   56.1092 15.0
