 23.250 2470 Alaska-slab2-v3                                                                  189.8891   51.3750  8.4
 18.619 2471 Alaska-slab2-v3                                                                  189.8380   51.4582  9.9
 23.245 2483 Alaska-slab2-v3                                                                  189.6196   51.3137  8.8
 19.584 2496 Alaska-slab2-v3                                                                  189.3493   51.2566  9.2
 19.133 2509 Alaska-slab2-v3                                                                  189.0781   51.2032  9.9
 23.971 2534 Alaska-slab2-v3                                                                  188.5701   51.0230  8.1
 23.823 2546 Alaska-slab2-v3                                                                  188.2929   50.9776  8.3
 23.888 2558 Alaska-slab2-v3                                                                  188.0151   50.9341  8.5
 24.366 2570 Alaska-slab2-v3                                                                  187.7371   50.8920  8.4
 24.830 2582 Alaska-slab2-v3                                                                  187.4593   50.8505  8.3
 24.830 2594 Alaska-slab2-v3                                                                  187.1815   50.8091  8.0
 20.007 2632 Alaska-slab2-v3                                                                  186.3261   50.7736  9.9
 19.214 2645 Alaska-slab2-v3                                                                  186.0487   50.7365  9.6
 21.406 2658 Alaska-slab2-v3                                                                  185.7703   50.7014  9.5
 20.318 2672 Alaska-slab2-v3                                                                  185.4912   50.6685  9.4
 19.718 2686 Alaska-slab2-v3                                                                  185.2117   50.6377  9.4
 19.775 2701 Alaska-slab2-v3                                                                  184.9321   50.6085  9.4
 20.053 2716 Alaska-slab2-v3                                                                  184.6522   50.5808  9.4
 20.314 2731 Alaska-slab2-v3                                                                  184.3720   50.5546  9.4
 20.434 2746 Alaska-slab2-v3                                                                  184.0914   50.5302  9.3
 20.406 2761 Alaska-slab2-v3                                                                  183.8105   50.5081  9.3
 20.372 2776 Alaska-slab2-v3                                                                  183.5292   50.4885  9.2
 20.501 2791 Alaska-slab2-v3                                                                  183.2476   50.4719  9.2
 20.838 2806 Alaska-slab2-v3                                                                  182.9656   50.4585  9.1
 21.369 2821 Alaska-slab2-v3                                                                  182.6836   50.4486  8.9
 22.018 2835 Alaska-slab2-v3                                                                  182.4019   50.4425  8.7
 22.680 2849 Alaska-slab2-v3                                                                  182.1201   50.4400  8.5
 17.870 2850 Alaska-slab2-v3                                                                  182.1156   50.5291 10.0
 23.188 2863 Alaska-slab2-v3                                                                  181.8380   50.4414  8.3
 18.595 2864 Alaska-slab2-v3                                                                  181.8349   50.5305  9.7
 23.595 2877 Alaska-slab2-v3                                                                  181.5553   50.4465  8.2
 19.129 2878 Alaska-slab2-v3                                                                  181.5532   50.5356  9.6
 23.883 2891 Alaska-slab2-v3                                                                  181.2723   50.4553  8.3
 19.411 2892 Alaska-slab2-v3                                                                  181.2705   50.5445  9.7
 24.078 2904 Alaska-slab2-v3                                                                  180.9893   50.4677  8.5
 16.716 2917 Alaska-slab2-v3                                                                  180.7065   50.4827  8.8
 12.825 2930 Alaska-slab2-v3                                                                  180.4238   50.4994  9.1
  8.963 2942 Alaska-slab2-v3                                                                  180.1413   50.5169  9.3
  5.097 2954 Alaska-slab2-v3                                                                  179.8595   50.5313  9.4
  5.025 2966 Alaska-slab2-v3                                                                  179.5790   50.5430  9.6
  5.003 2978 Alaska-slab2-v3                                                                  179.2990   50.5579  9.7
  5.019 2990 Alaska-slab2-v3                                                                  179.0199   50.5780  9.7
  5.071 3002 Alaska-slab2-v3                                                                  178.7420   50.6040  9.8
  5.143 3014 Alaska-slab2-v3                                                                  178.4654   50.6353  9.8
  5.221 3025 Alaska-slab2-v3                                                                  178.1902   50.6710  9.8
  5.304 3036 Alaska-slab2-v3                                                                  177.9160   50.7103  9.7
  5.374 3047 Alaska-slab2-v3                                                                  177.6429   50.7524  9.6
  5.430 3058 Alaska-slab2-v3                                                                  177.3704   50.7972  9.4
  5.462 3069 Alaska-slab2-v3                                                                  177.0983   50.8445  9.2
  5.464 3080 Alaska-slab2-v3                                                                  176.8266   50.8941  9.1
  5.453 3091 Alaska-slab2-v3                                                                  176.5551   50.9460  9.0
  5.455 3103 Alaska-slab2-v3                                                                  176.2839   50.9998  9.0
  5.491 3114 Alaska-slab2-v3                                                                  176.0134   51.0555  9.0
  5.541 3125 Alaska-slab2-v3                                                                  175.7436   51.1130  9.1
  5.603 3136 Alaska-slab2-v3                                                                  175.4744   51.1720  9.1
  5.634 3147 Alaska-slab2-v3                                                                  175.2060   51.2325  9.2
  4.468 3158 Alaska-slab2-v3                                                                  174.9384   51.2945  9.3
  4.407 3169 Alaska-slab2-v3                                                                  174.6719   51.3578  9.4
  4.349 3180 Alaska-slab2-v3                                                                  174.4062   51.4227  9.6
  4.304 3191 Alaska-slab2-v3                                                                  174.1411   51.4893  9.6
  4.270 3202 Alaska-slab2-v3                                                                  173.8768   51.5579  9.7
  5.308 3213 Alaska-slab2-v3                                                                  173.6131   51.6288  9.6
  5.245 3224 Alaska-slab2-v3                                                                  173.3505   51.7024  9.6
  5.161 3235 Alaska-slab2-v3                                                                  173.0895   51.7788  9.5
  5.081 3247 Alaska-slab2-v3                                                                  172.8302   51.8584  9.4
  5.028 3259 Alaska-slab2-v3                                                                  172.5730   51.9417  9.3
  5.023 3271 Alaska-slab2-v3                                                                  172.3179   52.0289  9.1
  5.039 3284 Alaska-slab2-v3                                                                  172.0646   52.1197  8.9
  5.951 3297 Alaska-slab2-v3                                                                  171.8132   52.2133  8.7
  5.853 3310 Alaska-slab2-v3                                                                  171.5637   52.3090  8.6
  5.710 3323 Alaska-slab2-v3                                                                  171.3160   52.4064  8.6
  5.570 3336 Alaska-slab2-v3                                                                  171.0693   52.5052  8.5
  5.476 3350 Alaska-slab2-v3                                                                  170.8230   52.6053  8.5
  4.275 3351 Alaska-slab2-v3                                                                  170.9229   52.6706 10.0
  6.208 3364 Alaska-slab2-v3                                                                  170.5766   52.7064  8.4
  5.159 3365 Alaska-slab2-v3                                                                  170.6783   52.7708  9.8
  6.208 3378 Alaska-slab2-v3                                                                  170.3296   52.8082  8.3
  5.196 3379 Alaska-slab2-v3                                                                  170.4332   52.8718  9.7
  6.208 3393 Alaska-slab2-v3                                                                  170.0819   52.9101  8.1
  5.283 3394 Alaska-slab2-v3                                                                  170.1869   52.9731  9.5
  5.448 3409 Alaska-slab2-v3                                                                  169.9321   53.0825  9.3
  5.573 3418 Alaska-slab2-v3                                                                  169.6686   53.1994  9.0
  5.594 3427 Alaska-slab2-v3                                                                  169.4050   53.3152  8.8
  4.699 3428 Alaska-slab2-v3                                                                  169.4998   53.3843 10.0
  5.525 3436 Alaska-slab2-v3                                                                  169.1410   53.4303  8.7
  4.641 3437 Alaska-slab2-v3                                                                  169.2331   53.5010  9.9
  5.430 3445 Alaska-slab2-v3                                                                  168.8772   53.5452  8.6
  4.551 3446 Alaska-slab2-v3                                                                  168.9678   53.6168  9.7
  6.113 3454 Alaska-slab2-v3                                                                  168.6148   53.6597  8.4
  5.361 3455 Alaska-slab2-v3                                                                  168.7047   53.7319  9.4
  5.872 3463 Alaska-slab2-v3                                                                  168.3536   53.7742  8.2
  5.136 3464 Alaska-slab2-v3                                                                  168.4421   53.8471  9.1
  6.208 3473 Alaska-slab2-v3                                                                  168.0922   53.8895  8.1
  5.709 3474 Alaska-slab2-v3                                                                  168.1790   53.9633  8.9
  5.057 3475 Alaska-slab2-v3                                                                  168.2618   54.0384  9.8
  6.078 3483 Alaska-slab2-v3                                                                  167.8302   54.0058  8.1
  5.428 3484 Alaska-slab2-v3                                                                  167.9147   54.0806  8.9
  4.778 3485 Alaska-slab2-v3                                                                  167.9964   54.1563  9.8
  5.964 3494 Alaska-slab2-v3                                                                  167.5675   54.1229  8.1
  5.295 3495 Alaska-slab2-v3                                                                  167.6494   54.1988  8.9
  4.617 3496 Alaska-slab2-v3                                                                  167.7277   54.2757  9.8
  5.922 3505 Alaska-slab2-v3                                                                  167.3044   54.2406  8.1
  5.239 3506 Alaska-slab2-v3                                                                  167.3837   54.3175  8.9
  4.532 3507 Alaska-slab2-v3                                                                  167.4581   54.3956  9.8
  6.208 3517 Alaska-slab2-v3                                                                  167.0410   54.3585  8.1
  5.762 3518 Alaska-slab2-v3                                                                  167.1176   54.4364  9.0
  5.109 3519 Alaska-slab2-v3                                                                  167.1884   54.5156  9.8
  4.966 3529 Alaska-slab2-v3                                                                  166.7761   54.4767  8.2
  4.453 3530 Alaska-slab2-v3                                                                  166.8495   54.5557  9.1
  3.928 3531 Alaska-slab2-v3                                                                  166.9145   54.6365  9.9
  3.634 3541 Alaska-slab2-v3                                                                  166.5086   54.5954  8.4
  3.213 3542 Alaska-slab2-v3                                                                  166.5778   54.6756  9.4
  2.362 3553 Alaska-slab2-v3                                                                  166.2376   54.7142  8.8
  2.055 3554 Alaska-slab2-v3                                                                  166.2954   54.7968  9.9
  1.242 3564 Alaska-slab2-v3                                                                  165.9035   54.7504  8.1
  1.057 3565 Alaska-slab2-v3                                                                  165.9582   54.8337  9.4
