 33.536 2469 Alaska-slab2-v3                                                                  189.9402   51.2920  6.8
 16.062 2470 Alaska-slab2-v3                                                                  189.8891   51.3750  8.4
 22.148 2482 Alaska-slab2-v3                                                                  189.6688   51.2307  6.9
 24.495 2495 Alaska-slab2-v3                                                                  189.3958   51.1735  7.1
 26.970 2508 Alaska-slab2-v3                                                                  189.1215   51.1204  7.4
 27.430 2631 Alaska-slab2-v3                                                                  186.3462   50.6875  7.4
 26.330 2644 Alaska-slab2-v3                                                                  186.0671   50.6497  7.3
 25.526 2657 Alaska-slab2-v3                                                                  185.7873   50.6143  7.2
 25.231 2671 Alaska-slab2-v3                                                                  185.5072   50.5812  7.2
 25.231 2685 Alaska-slab2-v3                                                                  185.2267   50.5503  7.2
 25.346 2700 Alaska-slab2-v3                                                                  184.9459   50.5211  7.2
 25.372 2715 Alaska-slab2-v3                                                                  184.6650   50.4933  7.2
 25.224 2730 Alaska-slab2-v3                                                                  184.3837   50.4670  7.2
 25.013 2745 Alaska-slab2-v3                                                                  184.1023   50.4426  7.2
 24.800 2760 Alaska-slab2-v3                                                                  183.8205   50.4203  7.2
 24.495 2775 Alaska-slab2-v3                                                                  183.5384   50.4006  7.1
 24.095 2790 Alaska-slab2-v3                                                                  183.2559   50.3839  7.1
 23.647 2805 Alaska-slab2-v3                                                                  182.9730   50.3703  7.1
 22.958 2820 Alaska-slab2-v3                                                                  182.6899   50.3603  7.0
 21.904 2834 Alaska-slab2-v3                                                                  182.4069   50.3538  6.9
 33.873 2848 Alaska-slab2-v3                                                                  182.1236   50.3512  6.8
 16.289 2849 Alaska-slab2-v3                                                                  182.1201   50.4400  8.5
 57.257 2862 Alaska-slab2-v3                                                                  181.8402   50.3523  6.8
 27.855 2863 Alaska-slab2-v3                                                                  181.8380   50.4414  8.3
 80.411 2876 Alaska-slab2-v3                                                                  181.5568   50.3573  6.8
 39.368 2877 Alaska-slab2-v3                                                                  181.5553   50.4465  8.2
106.335 2890 Alaska-slab2-v3                                                                  181.2734   50.3663  6.8
 51.731 2891 Alaska-slab2-v3                                                                  181.2723   50.4553  8.3
 83.596 2903 Alaska-slab2-v3                                                                  180.9901   50.3788  6.8
 89.268 2916 Alaska-slab2-v3                                                                  180.7071   50.3941  7.0
 95.065 2929 Alaska-slab2-v3                                                                  180.4242   50.4111  7.1
 98.486 2941 Alaska-slab2-v3                                                                  180.1415   50.4289  7.2
101.033 2953 Alaska-slab2-v3                                                                  179.8580   50.4435  7.2
103.607 2965 Alaska-slab2-v3                                                                  179.5742   50.4554  7.3
104.764 2977 Alaska-slab2-v3                                                                  179.2909   50.4705  7.3
106.114 2989 Alaska-slab2-v3                                                                  179.0086   50.4908  7.3
106.892 3001 Alaska-slab2-v3                                                                  178.7273   50.5171  7.4
106.783 3013 Alaska-slab2-v3                                                                  178.4471   50.5488  7.4
106.229 3024 Alaska-slab2-v3                                                                  178.1681   50.5848  7.4
104.992 3035 Alaska-slab2-v3                                                                  177.8902   50.6244  7.3
103.265 3046 Alaska-slab2-v3                                                                  177.6130   50.6669  7.3
100.438 3057 Alaska-slab2-v3                                                                  177.3364   50.7120  7.2
 97.980 3068 Alaska-slab2-v3                                                                  177.0605   50.7598  7.1
 95.489 3079 Alaska-slab2-v3                                                                  176.7853   50.8099  7.1
 94.323 3090 Alaska-slab2-v3                                                                  176.5107   50.8622  7.1
 94.532 3102 Alaska-slab2-v3                                                                  176.2368   50.9166  7.0
 94.427 3113 Alaska-slab2-v3                                                                  175.9635   50.9730  7.1
 95.435 3124 Alaska-slab2-v3                                                                  175.6909   51.0312  7.1
 96.223 3135 Alaska-slab2-v3                                                                  175.4189   51.0910  7.1
 98.086 3146 Alaska-slab2-v3                                                                  175.1476   51.1524  7.1
 99.344 3157 Alaska-slab2-v3                                                                  174.8771   51.2153  7.2
101.623 3168 Alaska-slab2-v3                                                                  174.6074   51.2799  7.2
103.499 3179 Alaska-slab2-v3                                                                  174.3383   51.3460  7.3
104.872 3190 Alaska-slab2-v3                                                                  174.0700   51.4139  7.3
105.101 3201 Alaska-slab2-v3                                                                  173.8023   51.4837  7.3
104.981 3212 Alaska-slab2-v3                                                                  173.5355   51.5558  7.3
103.499 3223 Alaska-slab2-v3                                                                  173.2698   51.6305  7.3
102.448 3234 Alaska-slab2-v3                                                                  173.0059   51.7080  7.2
101.140 3246 Alaska-slab2-v3                                                                  172.7438   51.7888  7.2
 98.486 3258 Alaska-slab2-v3                                                                  172.4838   51.8731  7.2
 94.856 3270 Alaska-slab2-v3                                                                  172.2263   51.9610  7.1
 73.767 3283 Alaska-slab2-v3                                                                  171.9713   52.0523  7.0
 54.759 3296 Alaska-slab2-v3                                                                  171.7183   52.1464  6.9
 37.462 3309 Alaska-slab2-v3                                                                  171.4673   52.2427  6.9
 21.130 3322 Alaska-slab2-v3                                                                  171.2178   52.3409  6.9
 21.053 3335 Alaska-slab2-v3                                                                  170.9693   52.4405  6.9
 33.617 3349 Alaska-slab2-v3                                                                  170.7214   52.5414  6.8
 15.890 3350 Alaska-slab2-v3                                                                  170.8230   52.6053  8.5
 32.967 3363 Alaska-slab2-v3                                                                  170.4736   52.6431  6.8
 15.662 3364 Alaska-slab2-v3                                                                  170.5766   52.7064  8.4
 32.176 3377 Alaska-slab2-v3                                                                  170.2255   52.7452  6.8
 15.476 3378 Alaska-slab2-v3                                                                  170.3296   52.8082  8.3
 31.311 3392 Alaska-slab2-v3                                                                  169.9768   52.8474  6.7
 15.315 3393 Alaska-slab2-v3                                                                  170.0819   52.9101  8.1
 30.113 3407 Alaska-slab2-v3                                                                  169.7243   52.9548  6.7
 14.882 3408 Alaska-slab2-v3                                                                  169.8281   53.0187  8.0
 28.678 3416 Alaska-slab2-v3                                                                  169.4675   53.0673  6.6
 14.339 3417 Alaska-slab2-v3                                                                  169.5679   53.1334  7.8
 36.928 3425 Alaska-slab2-v3                                                                  169.2101   53.1793  6.6
 24.762 3426 Alaska-slab2-v3                                                                  169.3074   53.2473  7.7
 12.489 3427 Alaska-slab2-v3                                                                  169.4050   53.3152  8.8
 36.069 3434 Alaska-slab2-v3                                                                  168.9521   53.2912  6.6
 24.265 3435 Alaska-slab2-v3                                                                  169.0464   53.3608  7.6
 12.242 3436 Alaska-slab2-v3                                                                  169.1410   53.4303  8.7
 34.996 3443 Alaska-slab2-v3                                                                  168.6937   53.4032  6.5
 23.628 3444 Alaska-slab2-v3                                                                  168.7853   53.4742  7.5
 12.037 3445 Alaska-slab2-v3                                                                  168.8772   53.5452  8.6
 33.321 3452 Alaska-slab2-v3                                                                  168.4354   53.5154  6.5
 22.520 3453 Alaska-slab2-v3                                                                  168.5250   53.5876  7.4
 11.490 3454 Alaska-slab2-v3                                                                  168.6148   53.6597  8.4
 31.470 3461 Alaska-slab2-v3                                                                  168.1774   53.6281  6.4
 21.296 3462 Alaska-slab2-v3                                                                  168.2654   53.7012  7.3
 10.884 3463 Alaska-slab2-v3                                                                  168.3536   53.7742  8.2
 37.166 3471 Alaska-slab2-v3                                                                  167.9197   53.7416  6.4
 28.067 3472 Alaska-slab2-v3                                                                  168.0058   53.8156  7.3
 18.857 3473 Alaska-slab2-v3                                                                  168.0922   53.8895  8.1
  9.538 3474 Alaska-slab2-v3                                                                  168.1790   53.9633  8.9
 36.660 3481 Alaska-slab2-v3                                                                  167.6621   53.8559  6.4
 27.495 3482 Alaska-slab2-v3                                                                  167.7460   53.9309  7.3
 18.330 3483 Alaska-slab2-v3                                                                  167.8302   54.0058  8.1
  9.165 3484 Alaska-slab2-v3                                                                  167.9147   54.0806  8.9
 36.988 3492 Alaska-slab2-v3                                                                  167.4045   53.9710  6.4
 27.851 3493 Alaska-slab2-v3                                                                  167.4858   54.0470  7.2
 18.604 3494 Alaska-slab2-v3                                                                  167.5675   54.1229  8.1
  9.357 3495 Alaska-slab2-v3                                                                  167.6494   54.1988  8.9
 37.204 3503 Alaska-slab2-v3                                                                  167.1467   54.0865  6.4
 28.095 3504 Alaska-slab2-v3                                                                  167.2254   54.1636  7.2
 18.986 3505 Alaska-slab2-v3                                                                  167.3044   54.2406  8.1
  9.658 3506 Alaska-slab2-v3                                                                  167.3837   54.3175  8.9
 37.310 3515 Alaska-slab2-v3                                                                  166.8888   54.2024  6.4
 28.228 3516 Alaska-slab2-v3                                                                  166.9648   54.2805  7.3
 19.038 3517 Alaska-slab2-v3                                                                  167.0410   54.3585  8.1
  9.628 3518 Alaska-slab2-v3                                                                  167.1176   54.4364  9.0
 30.297 3527 Alaska-slab2-v3                                                                  166.6302   54.3186  6.4
 22.766 3528 Alaska-slab2-v3                                                                  166.7030   54.3977  7.3
 15.148 3529 Alaska-slab2-v3                                                                  166.7761   54.4767  8.2
  7.531 3530 Alaska-slab2-v3                                                                  166.8495   54.5557  9.1
 19.738 3539 Alaska-slab2-v3                                                                  166.3705   54.4349  6.5
 13.044 3540 Alaska-slab2-v3                                                                  166.4394   54.5152  7.5
  6.418 3541 Alaska-slab2-v3                                                                  166.5086   54.5954  8.4
 14.282 3551 Alaska-slab2-v3                                                                  166.1096   54.5512  6.6
  9.347 3552 Alaska-slab2-v3                                                                  166.1735   54.6327  7.7
  4.542 3553 Alaska-slab2-v3                                                                  166.2376   54.7142  8.8
  6.129 3563 Alaska-slab2-v3                                                                  165.8466   54.6675  6.7
  2.961 3564 Alaska-slab2-v3                                                                  165.9035   54.7504  8.1
