  0.684 2470 Alaska-slab2-v3                                                                  189.8891   51.3750  8.4
  0.693 2849 Alaska-slab2-v3                                                                  182.1201   50.4400  8.5
  0.678 2863 Alaska-slab2-v3                                                                  181.8380   50.4414  8.3
  0.670 2877 Alaska-slab2-v3                                                                  181.5553   50.4465  8.2
  0.678 2891 Alaska-slab2-v3                                                                  181.2723   50.4553  8.3
  2.706 3350 Alaska-slab2-v3                                                                  170.8230   52.6053  8.5
  2.667 3364 Alaska-slab2-v3                                                                  170.5766   52.7064  8.4
  2.635 3378 Alaska-slab2-v3                                                                  170.3296   52.8082  8.3
  2.608 3393 Alaska-slab2-v3                                                                  170.0819   52.9101  8.1
  2.127 3427 Alaska-slab2-v3                                                                  169.4050   53.3152  8.8
  2.085 3436 Alaska-slab2-v3                                                                  169.1410   53.4303  8.7
  2.050 3445 Alaska-slab2-v3                                                                  168.8772   53.5452  8.6
  1.957 3454 Alaska-slab2-v3                                                                  168.6148   53.6597  8.4
  1.854 3463 Alaska-slab2-v3                                                                  168.3536   53.7742  8.2
  3.211 3473 Alaska-slab2-v3                                                                  168.0922   53.8895  8.1
  1.624 3474 Alaska-slab2-v3                                                                  168.1790   53.9633  8.9
  3.121 3483 Alaska-slab2-v3                                                                  167.8302   54.0058  8.1
  1.561 3484 Alaska-slab2-v3                                                                  167.9147   54.0806  8.9
  3.168 3494 Alaska-slab2-v3                                                                  167.5675   54.1229  8.1
  1.593 3495 Alaska-slab2-v3                                                                  167.6494   54.1988  8.9
  3.233 3505 Alaska-slab2-v3                                                                  167.3044   54.2406  8.1
  1.645 3506 Alaska-slab2-v3                                                                  167.3837   54.3175  8.9
  3.242 3517 Alaska-slab2-v3                                                                  167.0410   54.3585  8.1
  1.640 3518 Alaska-slab2-v3                                                                  167.1176   54.4364  9.0
  2.580 3529 Alaska-slab2-v3                                                                  166.7761   54.4767  8.2
  1.282 3530 Alaska-slab2-v3                                                                  166.8495   54.5557  9.1
  1.093 3541 Alaska-slab2-v3                                                                  166.5086   54.5954  8.4
  0.774 3553 Alaska-slab2-v3                                                                  166.2376   54.7142  8.8
  0.504 3564 Alaska-slab2-v3                                                                  165.9035   54.7504  8.1
