  2.662 2469 Alaska-slab2-v3                                                                  189.9402   51.2920  6.8
  1.694 2470 Alaska-slab2-v3                                                                  189.8891   51.3750  8.4
  0.805 2471 Alaska-slab2-v3                                                                  189.8380   51.4582  9.9
  2.757 2482 Alaska-slab2-v3                                                                  189.6688   51.2307  6.9
  1.719 2483 Alaska-slab2-v3                                                                  189.6196   51.3137  8.8
  2.356 2495 Alaska-slab2-v3                                                                  189.3958   51.1735  7.1
  1.057 2496 Alaska-slab2-v3                                                                  189.3493   51.2566  9.2
  2.485 2508 Alaska-slab2-v3                                                                  189.1215   51.1204  7.4
  1.054 2509 Alaska-slab2-v3                                                                  189.0781   51.2032  9.9
  1.852 2521 Alaska-slab2-v3                                                                  188.8463   51.0704  7.7
  1.972 2534 Alaska-slab2-v3                                                                  188.5701   51.0230  8.1
  2.060 2546 Alaska-slab2-v3                                                                  188.2929   50.9776  8.3
  2.034 2582 Alaska-slab2-v3                                                                  187.4593   50.8505  8.3
  1.968 2594 Alaska-slab2-v3                                                                  187.1815   50.8091  8.0
  1.898 2606 Alaska-slab2-v3                                                                  186.9034   50.7677  7.8
  1.809 2618 Alaska-slab2-v3                                                                  186.6250   50.7270  7.6
  2.565 2631 Alaska-slab2-v3                                                                  186.3462   50.6875  7.4
  1.129 2632 Alaska-slab2-v3                                                                  186.3261   50.7736  9.9
  2.477 2644 Alaska-slab2-v3                                                                  186.0671   50.6497  7.3
  1.088 2645 Alaska-slab2-v3                                                                  186.0487   50.7365  9.6
  2.400 2657 Alaska-slab2-v3                                                                  185.7873   50.6143  7.2
  1.043 2658 Alaska-slab2-v3                                                                  185.7703   50.7014  9.5
  2.369 2671 Alaska-slab2-v3                                                                  185.5072   50.5812  7.2
  1.023 2672 Alaska-slab2-v3                                                                  185.4912   50.6685  9.4
  2.369 2685 Alaska-slab2-v3                                                                  185.2267   50.5503  7.2
  1.023 2686 Alaska-slab2-v3                                                                  185.2117   50.6377  9.4
  2.395 2700 Alaska-slab2-v3                                                                  184.9459   50.5211  7.2
  1.049 2701 Alaska-slab2-v3                                                                  184.9321   50.6085  9.4
  2.416 2715 Alaska-slab2-v3                                                                  184.6650   50.4933  7.2
  1.075 2716 Alaska-slab2-v3                                                                  184.6522   50.5808  9.4
  2.414 2730 Alaska-slab2-v3                                                                  184.3837   50.4670  7.2
  1.083 2731 Alaska-slab2-v3                                                                  184.3720   50.5546  9.4
  2.399 2745 Alaska-slab2-v3                                                                  184.1023   50.4426  7.2
  1.078 2746 Alaska-slab2-v3                                                                  184.0914   50.5302  9.3
  2.372 2760 Alaska-slab2-v3                                                                  183.8205   50.4203  7.2
  1.057 2761 Alaska-slab2-v3                                                                  183.8105   50.5081  9.3
  2.344 2775 Alaska-slab2-v3                                                                  183.5384   50.4006  7.1
  1.042 2776 Alaska-slab2-v3                                                                  183.5292   50.4885  9.2
  2.316 2790 Alaska-slab2-v3                                                                  183.2559   50.3839  7.1
  1.033 2791 Alaska-slab2-v3                                                                  183.2476   50.4719  9.2
  2.766 2805 Alaska-slab2-v3                                                                  182.9730   50.3703  7.1
  1.640 2806 Alaska-slab2-v3                                                                  182.9656   50.4585  9.1
  2.760 2820 Alaska-slab2-v3                                                                  182.6899   50.3603  7.0
  1.674 2821 Alaska-slab2-v3                                                                  182.6836   50.4486  8.9
  2.734 2834 Alaska-slab2-v3                                                                  182.4069   50.3538  6.9
  1.704 2835 Alaska-slab2-v3                                                                  182.4019   50.4425  8.7
  2.685 2848 Alaska-slab2-v3                                                                  182.1236   50.3512  6.8
  1.712 2849 Alaska-slab2-v3                                                                  182.1201   50.4400  8.5
  0.811 2850 Alaska-slab2-v3                                                                  182.1156   50.5291 10.0
  4.601 2862 Alaska-slab2-v3                                                                  181.8402   50.3523  6.8
  2.979 2863 Alaska-slab2-v3                                                                  181.8380   50.4414  8.3
  1.441 2864 Alaska-slab2-v3                                                                  181.8349   50.5305  9.7
  6.500 2876 Alaska-slab2-v3                                                                  181.5568   50.3573  6.8
  4.236 2877 Alaska-slab2-v3                                                                  181.5553   50.4465  8.2
  2.064 2878 Alaska-slab2-v3                                                                  181.5532   50.5356  9.6
  8.557 2890 Alaska-slab2-v3                                                                  181.2734   50.3663  6.8
  5.546 2891 Alaska-slab2-v3                                                                  181.2723   50.4553  8.3
  2.694 2892 Alaska-slab2-v3                                                                  181.2705   50.5445  9.7
 10.858 2903 Alaska-slab2-v3                                                                  180.9901   50.3788  6.8
  6.955 2904 Alaska-slab2-v3                                                                  180.9893   50.4677  8.5
 11.194 2916 Alaska-slab2-v3                                                                  180.7071   50.3941  7.0
  7.045 2917 Alaska-slab2-v3                                                                  180.7065   50.4827  8.8
  9.305 2929 Alaska-slab2-v3                                                                  180.4242   50.4111  7.1
  4.275 2930 Alaska-slab2-v3                                                                  180.4238   50.4994  9.1
  9.455 2941 Alaska-slab2-v3                                                                  180.1415   50.4289  7.2
  4.235 2942 Alaska-slab2-v3                                                                  180.1413   50.5169  9.3
  9.594 2953 Alaska-slab2-v3                                                                  179.8580   50.4435  7.2
  4.240 2954 Alaska-slab2-v3                                                                  179.8595   50.5313  9.4
  9.767 2965 Alaska-slab2-v3                                                                  179.5742   50.4554  7.3
  4.288 2966 Alaska-slab2-v3                                                                  179.5790   50.5430  9.6
  9.830 2977 Alaska-slab2-v3                                                                  179.2909   50.4705  7.3
  4.290 2978 Alaska-slab2-v3                                                                  179.2990   50.5579  9.7
  9.879 2989 Alaska-slab2-v3                                                                  179.0086   50.4908  7.3
  4.261 2990 Alaska-slab2-v3                                                                  179.0199   50.5780  9.7
  9.891 3001 Alaska-slab2-v3                                                                  178.7273   50.5171  7.4
  4.222 3002 Alaska-slab2-v3                                                                  178.7420   50.6040  9.8
  9.883 3013 Alaska-slab2-v3                                                                  178.4471   50.5488  7.4
  4.219 3014 Alaska-slab2-v3                                                                  178.4654   50.6353  9.8
  9.862 3024 Alaska-slab2-v3                                                                  178.1681   50.5848  7.4
  4.230 3025 Alaska-slab2-v3                                                                  178.1902   50.6710  9.8
  9.821 3035 Alaska-slab2-v3                                                                  177.8902   50.6244  7.3
  4.263 3036 Alaska-slab2-v3                                                                  177.9160   50.7103  9.7
  9.736 3046 Alaska-slab2-v3                                                                  177.6130   50.6669  7.3
  4.272 3047 Alaska-slab2-v3                                                                  177.6429   50.7524  9.6
  9.602 3057 Alaska-slab2-v3                                                                  177.3364   50.7120  7.2
  4.292 3058 Alaska-slab2-v3                                                                  177.3704   50.7972  9.4
  9.473 3068 Alaska-slab2-v3                                                                  177.0605   50.7598  7.1
  4.292 3069 Alaska-slab2-v3                                                                  177.0983   50.8445  9.2
  9.329 3079 Alaska-slab2-v3                                                                  176.7853   50.8099  7.1
  4.277 3080 Alaska-slab2-v3                                                                  176.8266   50.8941  9.1
  9.289 3090 Alaska-slab2-v3                                                                  176.5107   50.8622  7.1
  4.305 3091 Alaska-slab2-v3                                                                  176.5551   50.9460  9.0
  9.323 3102 Alaska-slab2-v3                                                                  176.2368   50.9166  7.0
  4.334 3103 Alaska-slab2-v3                                                                  176.2839   50.9998  9.0
  9.380 3113 Alaska-slab2-v3                                                                  175.9635   50.9730  7.1
  4.414 3114 Alaska-slab2-v3                                                                  176.0134   51.0555  9.0
  9.469 3124 Alaska-slab2-v3                                                                  175.6909   51.0312  7.1
  4.460 3125 Alaska-slab2-v3                                                                  175.7436   51.1130  9.1
  9.491 3135 Alaska-slab2-v3                                                                  175.4189   51.0910  7.1
  4.436 3136 Alaska-slab2-v3                                                                  175.4744   51.1720  9.1
  9.545 3146 Alaska-slab2-v3                                                                  175.1476   51.1524  7.1
  4.379 3147 Alaska-slab2-v3                                                                  175.2060   51.2325  9.2
  9.581 3157 Alaska-slab2-v3                                                                  174.8771   51.2153  7.2
  4.340 3158 Alaska-slab2-v3                                                                  174.9384   51.2945  9.3
  9.663 3168 Alaska-slab2-v3                                                                  174.6074   51.2799  7.2
  4.289 3169 Alaska-slab2-v3                                                                  174.6719   51.3578  9.4
  9.758 3179 Alaska-slab2-v3                                                                  174.3383   51.3460  7.3
  4.284 3180 Alaska-slab2-v3                                                                  174.4062   51.4227  9.6
  9.853 3190 Alaska-slab2-v3                                                                  174.0700   51.4139  7.3
  4.314 3191 Alaska-slab2-v3                                                                  174.1411   51.4893  9.6
  9.875 3201 Alaska-slab2-v3                                                                  173.8023   51.4837  7.3
  4.326 3202 Alaska-slab2-v3                                                                  173.8768   51.5579  9.7
  9.877 3212 Alaska-slab2-v3                                                                  173.5355   51.5558  7.3
  4.337 3213 Alaska-slab2-v3                                                                  173.6131   51.6288  9.6
  9.804 3223 Alaska-slab2-v3                                                                  173.2698   51.6305  7.3
  4.344 3224 Alaska-slab2-v3                                                                  173.3505   51.7024  9.6
  9.723 3234 Alaska-slab2-v3                                                                  173.0059   51.7080  7.2
  4.311 3235 Alaska-slab2-v3                                                                  173.0895   51.7788  9.5
  9.618 3246 Alaska-slab2-v3                                                                  172.7438   51.7888  7.2
  4.264 3247 Alaska-slab2-v3                                                                  172.8302   51.8584  9.4
  9.455 3258 Alaska-slab2-v3                                                                  172.4838   51.8731  7.2
  4.235 3259 Alaska-slab2-v3                                                                  172.5730   51.9417  9.3
  9.222 3270 Alaska-slab2-v3                                                                  172.2263   51.9610  7.1
  4.183 3271 Alaska-slab2-v3                                                                  172.3179   52.0289  9.1
  9.010 3283 Alaska-slab2-v3                                                                  171.9713   52.0523  7.0
  5.543 3284 Alaska-slab2-v3                                                                  172.0646   52.1197  8.9
  6.852 3296 Alaska-slab2-v3                                                                  171.7183   52.1464  6.9
  4.283 3297 Alaska-slab2-v3                                                                  171.8132   52.2133  8.7
  4.758 3309 Alaska-slab2-v3                                                                  171.4673   52.2427  6.9
  3.001 3310 Alaska-slab2-v3                                                                  171.5637   52.3090  8.6
  2.697 3322 Alaska-slab2-v3                                                                  171.2178   52.3409  6.9
  1.703 3323 Alaska-slab2-v3                                                                  171.3160   52.4064  8.6
  2.670 3335 Alaska-slab2-v3                                                                  170.9693   52.4405  6.9
  1.675 3336 Alaska-slab2-v3                                                                  171.0693   52.5052  8.5
  2.639 3349 Alaska-slab2-v3                                                                  170.7214   52.5414  6.8
  1.651 3350 Alaska-slab2-v3                                                                  170.8230   52.6053  8.5
  0.765 3351 Alaska-slab2-v3                                                                  170.9229   52.6706 10.0
  2.601 3363 Alaska-slab2-v3                                                                  170.4736   52.6431  6.8
  1.636 3364 Alaska-slab2-v3                                                                  170.5766   52.7064  8.4
  0.763 3365 Alaska-slab2-v3                                                                  170.6783   52.7708  9.8
  2.565 3377 Alaska-slab2-v3                                                                  170.2255   52.7452  6.8
  1.636 3378 Alaska-slab2-v3                                                                  170.3296   52.8082  8.3
  0.774 3379 Alaska-slab2-v3                                                                  170.4332   52.8718  9.7
  2.965 3392 Alaska-slab2-v3                                                                  169.9768   52.8474  6.7
  2.169 3393 Alaska-slab2-v3                                                                  170.0819   52.9101  8.1
  1.406 3394 Alaska-slab2-v3                                                                  170.1869   52.9731  9.5
  2.915 3407 Alaska-slab2-v3                                                                  169.7243   52.9548  6.7
  2.159 3408 Alaska-slab2-v3                                                                  169.8281   53.0187  8.0
  1.420 3409 Alaska-slab2-v3                                                                  169.9321   53.0825  9.3
  2.853 3416 Alaska-slab2-v3                                                                  169.4675   53.0673  6.6
  2.143 3417 Alaska-slab2-v3                                                                  169.5679   53.1334  7.8
  1.432 3418 Alaska-slab2-v3                                                                  169.6686   53.1994  9.0
  2.797 3425 Alaska-slab2-v3                                                                  169.2101   53.1793  6.6
  2.114 3426 Alaska-slab2-v3                                                                  169.3074   53.2473  7.7
  1.426 3427 Alaska-slab2-v3                                                                  169.4050   53.3152  8.8
  0.725 3428 Alaska-slab2-v3                                                                  169.4998   53.3843 10.0
  2.744 3434 Alaska-slab2-v3                                                                  168.9521   53.2912  6.6
  2.081 3435 Alaska-slab2-v3                                                                  169.0464   53.3608  7.6
  1.406 3436 Alaska-slab2-v3                                                                  169.1410   53.4303  8.7
  0.718 3437 Alaska-slab2-v3                                                                  169.2331   53.5010  9.9
  2.677 3443 Alaska-slab2-v3                                                                  168.6937   53.4032  6.5
  2.038 3444 Alaska-slab2-v3                                                                  168.7853   53.4742  7.5
  1.386 3445 Alaska-slab2-v3                                                                  168.8772   53.5452  8.6
  0.709 3446 Alaska-slab2-v3                                                                  168.9678   53.6168  9.7
  2.995 3452 Alaska-slab2-v3                                                                  168.4354   53.5154  6.5
  2.447 3453 Alaska-slab2-v3                                                                  168.5250   53.5876  7.4
  1.888 3454 Alaska-slab2-v3                                                                  168.6148   53.6597  8.4
  1.305 3455 Alaska-slab2-v3                                                                  168.7047   53.7319  9.4
  2.837 3461 Alaska-slab2-v3                                                                  168.1774   53.6281  6.4
  2.312 3462 Alaska-slab2-v3                                                                  168.2654   53.7012  7.3
  1.775 3463 Alaska-slab2-v3                                                                  168.3536   53.7742  8.2
  1.214 3464 Alaska-slab2-v3                                                                  168.4421   53.8471  9.1
  3.060 3471 Alaska-slab2-v3                                                                  167.9197   53.7416  6.4
  2.582 3472 Alaska-slab2-v3                                                                  168.0058   53.8156  7.3
  2.098 3473 Alaska-slab2-v3                                                                  168.0922   53.8895  8.1
  1.608 3474 Alaska-slab2-v3                                                                  168.1790   53.9633  8.9
  1.106 3475 Alaska-slab2-v3                                                                  168.2618   54.0384  9.8
  2.996 3481 Alaska-slab2-v3                                                                  167.6621   53.8559  6.4
  2.509 3482 Alaska-slab2-v3                                                                  167.7460   53.9309  7.3
  2.023 3483 Alaska-slab2-v3                                                                  167.8302   54.0058  8.1
  1.536 3484 Alaska-slab2-v3                                                                  167.9147   54.0806  8.9
  1.049 3485 Alaska-slab2-v3                                                                  167.9964   54.1563  9.8
  3.024 3492 Alaska-slab2-v3                                                                  167.4045   53.9710  6.4
  2.541 3493 Alaska-slab2-v3                                                                  167.4858   54.0470  7.2
  2.051 3494 Alaska-slab2-v3                                                                  167.5675   54.1229  8.1
  1.562 3495 Alaska-slab2-v3                                                                  167.6494   54.1988  8.9
  1.066 3496 Alaska-slab2-v3                                                                  167.7277   54.2757  9.8
  3.053 3503 Alaska-slab2-v3                                                                  167.1467   54.0865  6.4
  2.573 3504 Alaska-slab2-v3                                                                  167.2254   54.1636  7.2
  2.093 3505 Alaska-slab2-v3                                                                  167.3044   54.2406  8.1
  1.602 3506 Alaska-slab2-v3                                                                  167.3837   54.3175  8.9
  1.093 3507 Alaska-slab2-v3                                                                  167.4581   54.3956  9.8
  3.050 3515 Alaska-slab2-v3                                                                  166.8888   54.2024  6.4
  2.571 3516 Alaska-slab2-v3                                                                  166.9648   54.2805  7.3
  2.086 3517 Alaska-slab2-v3                                                                  167.0410   54.3585  8.1
  1.589 3518 Alaska-slab2-v3                                                                  167.1176   54.4364  9.0
  1.080 3519 Alaska-slab2-v3                                                                  167.1884   54.5156  9.8
  2.444 3527 Alaska-slab2-v3                                                                  166.6302   54.3186  6.4
  2.043 3528 Alaska-slab2-v3                                                                  166.7030   54.3977  7.3
  1.638 3529 Alaska-slab2-v3                                                                  166.7761   54.4767  8.2
  1.233 3530 Alaska-slab2-v3                                                                  166.8495   54.5557  9.1
  0.833 3531 Alaska-slab2-v3                                                                  166.9145   54.6365  9.9
  1.695 3539 Alaska-slab2-v3                                                                  166.3705   54.4349  6.5
  1.342 3540 Alaska-slab2-v3                                                                  166.4394   54.5152  7.5
  0.993 3541 Alaska-slab2-v3                                                                  166.5086   54.5954  8.4
  0.655 3542 Alaska-slab2-v3                                                                  166.5778   54.6756  9.4
  1.186 3551 Alaska-slab2-v3                                                                  166.1096   54.5512  6.6
  0.925 3552 Alaska-slab2-v3                                                                  166.1735   54.6327  7.7
  0.671 3553 Alaska-slab2-v3                                                                  166.2376   54.7142  8.8
  0.431 3554 Alaska-slab2-v3                                                                  166.2954   54.7968  9.9
  0.565 3563 Alaska-slab2-v3                                                                  165.8466   54.6675  6.7
  0.403 3564 Alaska-slab2-v3                                                                  165.9035   54.7504  8.1
  0.251 3565 Alaska-slab2-v3                                                                  165.9582   54.8337  9.4
