  8.867 2469 Alaska-slab2-v3                                                                  189.9402   51.2920  6.8
  4.247 2470 Alaska-slab2-v3                                                                  189.8891   51.3750  8.4
  5.856 2482 Alaska-slab2-v3                                                                  189.6688   51.2307  6.9
  6.477 2495 Alaska-slab2-v3                                                                  189.3958   51.1735  7.1
  7.131 2508 Alaska-slab2-v3                                                                  189.1215   51.1204  7.4
  7.253 2631 Alaska-slab2-v3                                                                  186.3462   50.6875  7.4
  6.962 2644 Alaska-slab2-v3                                                                  186.0671   50.6497  7.3
  6.749 2657 Alaska-slab2-v3                                                                  185.7873   50.6143  7.2
  6.672 2671 Alaska-slab2-v3                                                                  185.5072   50.5812  7.2
  6.672 2685 Alaska-slab2-v3                                                                  185.2267   50.5503  7.2
  6.702 2700 Alaska-slab2-v3                                                                  184.9459   50.5211  7.2
  6.709 2715 Alaska-slab2-v3                                                                  184.6650   50.4933  7.2
  6.670 2730 Alaska-slab2-v3                                                                  184.3837   50.4670  7.2
  6.614 2745 Alaska-slab2-v3                                                                  184.1023   50.4426  7.2
  6.558 2760 Alaska-slab2-v3                                                                  183.8205   50.4203  7.2
  6.477 2775 Alaska-slab2-v3                                                                  183.5384   50.4006  7.1
  6.371 2790 Alaska-slab2-v3                                                                  183.2559   50.3839  7.1
  6.253 2805 Alaska-slab2-v3                                                                  182.9730   50.3703  7.1
  6.070 2820 Alaska-slab2-v3                                                                  182.6899   50.3603  7.0
  5.792 2834 Alaska-slab2-v3                                                                  182.4069   50.3538  6.9
  8.957 2848 Alaska-slab2-v3                                                                  182.1236   50.3512  6.8
  4.307 2849 Alaska-slab2-v3                                                                  182.1201   50.4400  8.5
  8.651 2862 Alaska-slab2-v3                                                                  181.8402   50.3523  6.8
  4.209 2863 Alaska-slab2-v3                                                                  181.8380   50.4414  8.3
  8.505 2876 Alaska-slab2-v3                                                                  181.5568   50.3573  6.8
  4.164 2877 Alaska-slab2-v3                                                                  181.5553   50.4465  8.2
  8.651 2890 Alaska-slab2-v3                                                                  181.2734   50.3663  6.8
  4.209 2891 Alaska-slab2-v3                                                                  181.2723   50.4553  8.3
  5.526 2903 Alaska-slab2-v3                                                                  180.9901   50.3788  6.8
  4.795 2916 Alaska-slab2-v3                                                                  180.7071   50.3941  7.0
  3.928 2929 Alaska-slab2-v3                                                                  180.4242   50.4111  7.1
  2.848 2941 Alaska-slab2-v3                                                                  180.1415   50.4289  7.2
  1.670 2953 Alaska-slab2-v3                                                                  179.8580   50.4435  7.2
  1.712 2965 Alaska-slab2-v3                                                                  179.5742   50.4554  7.3
  1.731 2977 Alaska-slab2-v3                                                                  179.2909   50.4705  7.3
  1.754 2989 Alaska-slab2-v3                                                                  179.0086   50.4908  7.3
  1.766 3001 Alaska-slab2-v3                                                                  178.7273   50.5171  7.4
  1.765 3013 Alaska-slab2-v3                                                                  178.4471   50.5488  7.4
  1.756 3024 Alaska-slab2-v3                                                                  178.1681   50.5848  7.4
  1.735 3035 Alaska-slab2-v3                                                                  177.8902   50.6244  7.3
  1.707 3046 Alaska-slab2-v3                                                                  177.6130   50.6669  7.3
  1.660 3057 Alaska-slab2-v3                                                                  177.3364   50.7120  7.2
  1.619 3068 Alaska-slab2-v3                                                                  177.0605   50.7598  7.1
  1.578 3079 Alaska-slab2-v3                                                                  176.7853   50.8099  7.1
  1.559 3090 Alaska-slab2-v3                                                                  176.5107   50.8622  7.1
  1.562 3102 Alaska-slab2-v3                                                                  176.2368   50.9166  7.0
  1.560 3113 Alaska-slab2-v3                                                                  175.9635   50.9730  7.1
  1.577 3124 Alaska-slab2-v3                                                                  175.6909   51.0312  7.1
  1.590 3135 Alaska-slab2-v3                                                                  175.4189   51.0910  7.1
  1.621 3146 Alaska-slab2-v3                                                                  175.1476   51.1524  7.1
  1.642 3157 Alaska-slab2-v3                                                                  174.8771   51.2153  7.2
  1.679 3168 Alaska-slab2-v3                                                                  174.6074   51.2799  7.2
  1.710 3179 Alaska-slab2-v3                                                                  174.3383   51.3460  7.3
  1.733 3190 Alaska-slab2-v3                                                                  174.0700   51.4139  7.3
  1.737 3201 Alaska-slab2-v3                                                                  173.8023   51.4837  7.3
  1.735 3212 Alaska-slab2-v3                                                                  173.5355   51.5558  7.3
  1.710 3223 Alaska-slab2-v3                                                                  173.2698   51.6305  7.3
  1.693 3234 Alaska-slab2-v3                                                                  173.0059   51.7080  7.2
  1.671 3246 Alaska-slab2-v3                                                                  172.7438   51.7888  7.2
  1.628 3258 Alaska-slab2-v3                                                                  172.4838   51.8731  7.2
  1.568 3270 Alaska-slab2-v3                                                                  172.2263   51.9610  7.1
  1.500 3283 Alaska-slab2-v3                                                                  171.9713   52.0523  7.0
  1.448 3296 Alaska-slab2-v3                                                                  171.7183   52.1464  6.9
  1.415 3309 Alaska-slab2-v3                                                                  171.4673   52.2427  6.9
  1.397 3322 Alaska-slab2-v3                                                                  171.2178   52.3409  6.9
  1.392 3335 Alaska-slab2-v3                                                                  170.9693   52.4405  6.9
  2.222 3349 Alaska-slab2-v3                                                                  170.7214   52.5414  6.8
  1.050 3350 Alaska-slab2-v3                                                                  170.8230   52.6053  8.5
  2.179 3363 Alaska-slab2-v3                                                                  170.4736   52.6431  6.8
  1.035 3364 Alaska-slab2-v3                                                                  170.5766   52.7064  8.4
  2.127 3377 Alaska-slab2-v3                                                                  170.2255   52.7452  6.8
  1.023 3378 Alaska-slab2-v3                                                                  170.3296   52.8082  8.3
  2.070 3392 Alaska-slab2-v3                                                                  169.9768   52.8474  6.7
  1.012 3393 Alaska-slab2-v3                                                                  170.0819   52.9101  8.1
  1.991 3407 Alaska-slab2-v3                                                                  169.7243   52.9548  6.7
  0.984 3408 Alaska-slab2-v3                                                                  169.8281   53.0187  8.0
  1.896 3416 Alaska-slab2-v3                                                                  169.4675   53.0673  6.6
  0.948 3417 Alaska-slab2-v3                                                                  169.5679   53.1334  7.8
  2.441 3425 Alaska-slab2-v3                                                                  169.2101   53.1793  6.6
  1.637 3426 Alaska-slab2-v3                                                                  169.3074   53.2473  7.7
  0.826 3427 Alaska-slab2-v3                                                                  169.4050   53.3152  8.8
  2.384 3434 Alaska-slab2-v3                                                                  168.9521   53.2912  6.6
  1.604 3435 Alaska-slab2-v3                                                                  169.0464   53.3608  7.6
  0.809 3436 Alaska-slab2-v3                                                                  169.1410   53.4303  8.7
  2.313 3443 Alaska-slab2-v3                                                                  168.6937   53.4032  6.5
  1.562 3444 Alaska-slab2-v3                                                                  168.7853   53.4742  7.5
  0.796 3445 Alaska-slab2-v3                                                                  168.8772   53.5452  8.6
  2.203 3452 Alaska-slab2-v3                                                                  168.4354   53.5154  6.5
  1.489 3453 Alaska-slab2-v3                                                                  168.5250   53.5876  7.4
  0.760 3454 Alaska-slab2-v3                                                                  168.6148   53.6597  8.4
  2.080 3461 Alaska-slab2-v3                                                                  168.1774   53.6281  6.4
  1.408 3462 Alaska-slab2-v3                                                                  168.2654   53.7012  7.3
  0.719 3463 Alaska-slab2-v3                                                                  168.3536   53.7742  8.2
  2.457 3471 Alaska-slab2-v3                                                                  167.9197   53.7416  6.4
  1.855 3472 Alaska-slab2-v3                                                                  168.0058   53.8156  7.3
  1.247 3473 Alaska-slab2-v3                                                                  168.0922   53.8895  8.1
  0.631 3474 Alaska-slab2-v3                                                                  168.1790   53.9633  8.9
  2.423 3481 Alaska-slab2-v3                                                                  167.6621   53.8559  6.4
  1.818 3482 Alaska-slab2-v3                                                                  167.7460   53.9309  7.3
  1.212 3483 Alaska-slab2-v3                                                                  167.8302   54.0058  8.1
  0.606 3484 Alaska-slab2-v3                                                                  167.9147   54.0806  8.9
  2.445 3492 Alaska-slab2-v3                                                                  167.4045   53.9710  6.4
  1.841 3493 Alaska-slab2-v3                                                                  167.4858   54.0470  7.2
  1.230 3494 Alaska-slab2-v3                                                                  167.5675   54.1229  8.1
  0.619 3495 Alaska-slab2-v3                                                                  167.6494   54.1988  8.9
  2.459 3503 Alaska-slab2-v3                                                                  167.1467   54.0865  6.4
  1.857 3504 Alaska-slab2-v3                                                                  167.2254   54.1636  7.2
  1.255 3505 Alaska-slab2-v3                                                                  167.3044   54.2406  8.1
  0.638 3506 Alaska-slab2-v3                                                                  167.3837   54.3175  8.9
  2.466 3515 Alaska-slab2-v3                                                                  166.8888   54.2024  6.4
  1.866 3516 Alaska-slab2-v3                                                                  166.9648   54.2805  7.3
  1.258 3517 Alaska-slab2-v3                                                                  167.0410   54.3585  8.1
  0.636 3518 Alaska-slab2-v3                                                                  167.1176   54.4364  9.0
  2.003 3527 Alaska-slab2-v3                                                                  166.6302   54.3186  6.4
  1.505 3528 Alaska-slab2-v3                                                                  166.7030   54.3977  7.3
  1.001 3529 Alaska-slab2-v3                                                                  166.7761   54.4767  8.2
  0.498 3530 Alaska-slab2-v3                                                                  166.8495   54.5557  9.1
  1.305 3539 Alaska-slab2-v3                                                                  166.3705   54.4349  6.5
  0.862 3540 Alaska-slab2-v3                                                                  166.4394   54.5152  7.5
  0.424 3541 Alaska-slab2-v3                                                                  166.5086   54.5954  8.4
  0.944 3551 Alaska-slab2-v3                                                                  166.1096   54.5512  6.6
  0.618 3552 Alaska-slab2-v3                                                                  166.1735   54.6327  7.7
  0.300 3553 Alaska-slab2-v3                                                                  166.2376   54.7142  8.8
  0.405 3563 Alaska-slab2-v3                                                                  165.8466   54.6675  6.7
  0.196 3564 Alaska-slab2-v3                                                                  165.9035   54.7504  8.1
