 94.955 2470 Alaska-slab2-v3                                                                  189.8891   51.3750  8.4
 76.041 2471 Alaska-slab2-v3                                                                  189.8380   51.4582  9.9
 94.936 2483 Alaska-slab2-v3                                                                  189.6196   51.3137  8.8
 79.983 2496 Alaska-slab2-v3                                                                  189.3493   51.2566  9.2
 78.143 2509 Alaska-slab2-v3                                                                  189.0781   51.2032  9.9
 97.899 2534 Alaska-slab2-v3                                                                  188.5701   51.0230  8.1
 97.297 2546 Alaska-slab2-v3                                                                  188.2929   50.9776  8.3
 97.561 2558 Alaska-slab2-v3                                                                  188.0151   50.9341  8.5
 99.512 2570 Alaska-slab2-v3                                                                  187.7371   50.8920  8.4
101.409 2582 Alaska-slab2-v3                                                                  187.4593   50.8505  8.3
101.409 2594 Alaska-slab2-v3                                                                  187.1815   50.8091  8.0
 81.713 2632 Alaska-slab2-v3                                                                  186.3261   50.7736  9.9
 78.473 2645 Alaska-slab2-v3                                                                  186.0487   50.7365  9.6
 87.426 2658 Alaska-slab2-v3                                                                  185.7703   50.7014  9.5
 82.983 2672 Alaska-slab2-v3                                                                  185.4912   50.6685  9.4
 80.531 2686 Alaska-slab2-v3                                                                  185.2117   50.6377  9.4
 80.765 2701 Alaska-slab2-v3                                                                  184.9321   50.6085  9.4
 81.897 2716 Alaska-slab2-v3                                                                  184.6522   50.5808  9.4
 82.965 2731 Alaska-slab2-v3                                                                  184.3720   50.5546  9.4
 83.453 2746 Alaska-slab2-v3                                                                  184.0914   50.5302  9.3
 83.339 2761 Alaska-slab2-v3                                                                  183.8105   50.5081  9.3
 83.201 2776 Alaska-slab2-v3                                                                  183.5292   50.4885  9.2
 83.728 2791 Alaska-slab2-v3                                                                  183.2476   50.4719  9.2
 85.103 2806 Alaska-slab2-v3                                                                  182.9656   50.4585  9.1
 87.274 2821 Alaska-slab2-v3                                                                  182.6836   50.4486  8.9
 89.925 2835 Alaska-slab2-v3                                                                  182.4019   50.4425  8.7
 92.628 2849 Alaska-slab2-v3                                                                  182.1201   50.4400  8.5
 72.983 2850 Alaska-slab2-v3                                                                  182.1156   50.5291 10.0
165.726 2863 Alaska-slab2-v3                                                                  181.8380   50.4414  8.3
132.900 2864 Alaska-slab2-v3                                                                  181.8349   50.5305  9.7
240.911 2877 Alaska-slab2-v3                                                                  181.5553   50.4465  8.2
195.316 2878 Alaska-slab2-v3                                                                  181.5532   50.5356  9.6
317.006 2891 Alaska-slab2-v3                                                                  181.2723   50.4553  8.3
257.645 2892 Alaska-slab2-v3                                                                  181.2705   50.5445  9.7
393.344 2904 Alaska-slab2-v3                                                                  180.9893   50.4677  8.5
336.091 2917 Alaska-slab2-v3                                                                  180.7065   50.4827  8.8
335.228 2930 Alaska-slab2-v3                                                                  180.4238   50.4994  9.1
334.689 2942 Alaska-slab2-v3                                                                  180.1413   50.5169  9.3
333.038 2954 Alaska-slab2-v3                                                                  179.8595   50.5313  9.4
328.348 2966 Alaska-slab2-v3                                                                  179.5790   50.5430  9.6
326.916 2978 Alaska-slab2-v3                                                                  179.2990   50.5579  9.7
327.982 2990 Alaska-slab2-v3                                                                  179.0199   50.5780  9.7
331.372 3002 Alaska-slab2-v3                                                                  178.7420   50.6040  9.8
336.050 3014 Alaska-slab2-v3                                                                  178.4654   50.6353  9.8
341.158 3025 Alaska-slab2-v3                                                                  178.1902   50.6710  9.8
346.591 3036 Alaska-slab2-v3                                                                  177.9160   50.7103  9.7
351.198 3047 Alaska-slab2-v3                                                                  177.6429   50.7524  9.6
354.841 3058 Alaska-slab2-v3                                                                  177.3704   50.7972  9.4
356.901 3069 Alaska-slab2-v3                                                                  177.0983   50.8445  9.2
357.020 3080 Alaska-slab2-v3                                                                  176.8266   50.8941  9.1
356.316 3091 Alaska-slab2-v3                                                                  176.5551   50.9460  9.0
356.476 3103 Alaska-slab2-v3                                                                  176.2839   50.9998  9.0
358.784 3114 Alaska-slab2-v3                                                                  176.0134   51.0555  9.0
362.051 3125 Alaska-slab2-v3                                                                  175.7436   51.1130  9.1
366.145 3136 Alaska-slab2-v3                                                                  175.4744   51.1720  9.1
368.149 3147 Alaska-slab2-v3                                                                  175.2060   51.2325  9.2
291.969 3158 Alaska-slab2-v3                                                                  174.9384   51.2945  9.3
287.960 3169 Alaska-slab2-v3                                                                  174.6719   51.3578  9.4
284.193 3180 Alaska-slab2-v3                                                                  174.4062   51.4227  9.6
281.227 3191 Alaska-slab2-v3                                                                  174.1411   51.4893  9.6
279.047 3202 Alaska-slab2-v3                                                                  173.8768   51.5579  9.7
346.862 3213 Alaska-slab2-v3                                                                  173.6131   51.6288  9.6
342.722 3224 Alaska-slab2-v3                                                                  173.3505   51.7024  9.6
337.282 3235 Alaska-slab2-v3                                                                  173.0895   51.7788  9.5
332.046 3247 Alaska-slab2-v3                                                                  172.8302   51.8584  9.4
328.571 3259 Alaska-slab2-v3                                                                  172.5730   51.9417  9.3
328.233 3271 Alaska-slab2-v3                                                                  172.3179   52.0289  9.1
267.549 3284 Alaska-slab2-v3                                                                  172.0646   52.1197  8.9
243.054 3297 Alaska-slab2-v3                                                                  171.8132   52.2133  8.7
167.322 3310 Alaska-slab2-v3                                                                  171.5637   52.3090  8.6
 93.284 3323 Alaska-slab2-v3                                                                  171.3160   52.4064  8.6
 91.000 3336 Alaska-slab2-v3                                                                  171.0693   52.5052  8.5
 89.459 3350 Alaska-slab2-v3                                                                  170.8230   52.6053  8.5
 69.831 3351 Alaska-slab2-v3                                                                  170.9229   52.6706 10.0
101.409 3364 Alaska-slab2-v3                                                                  170.5766   52.7064  8.4
 84.287 3365 Alaska-slab2-v3                                                                  170.6783   52.7708  9.8
101.409 3378 Alaska-slab2-v3                                                                  170.3296   52.8082  8.3
 84.884 3379 Alaska-slab2-v3                                                                  170.4332   52.8718  9.7
101.409 3393 Alaska-slab2-v3                                                                  170.0819   52.9101  8.1
 86.308 3394 Alaska-slab2-v3                                                                  170.1869   52.9731  9.5
 88.994 3409 Alaska-slab2-v3                                                                  169.9321   53.0825  9.3
 91.051 3418 Alaska-slab2-v3                                                                  169.6686   53.1994  9.0
 91.388 3427 Alaska-slab2-v3                                                                  169.4050   53.3152  8.8
 76.766 3428 Alaska-slab2-v3                                                                  169.4998   53.3843 10.0
 90.256 3436 Alaska-slab2-v3                                                                  169.1410   53.4303  8.7
 75.815 3437 Alaska-slab2-v3                                                                  169.2331   53.5010  9.9
 88.708 3445 Alaska-slab2-v3                                                                  168.8772   53.5452  8.6
 74.344 3446 Alaska-slab2-v3                                                                  168.9678   53.6168  9.7
 99.872 3454 Alaska-slab2-v3                                                                  168.6148   53.6597  8.4
 87.572 3455 Alaska-slab2-v3                                                                  168.7047   53.7319  9.4
 95.920 3463 Alaska-slab2-v3                                                                  168.3536   53.7742  8.2
 83.898 3464 Alaska-slab2-v3                                                                  168.4421   53.8471  9.1
101.409 3473 Alaska-slab2-v3                                                                  168.0922   53.8895  8.1
 93.269 3474 Alaska-slab2-v3                                                                  168.1790   53.9633  8.9
 82.621 3475 Alaska-slab2-v3                                                                  168.2618   54.0384  9.8
 99.298 3483 Alaska-slab2-v3                                                                  167.8302   54.0058  8.1
 88.677 3484 Alaska-slab2-v3                                                                  167.9147   54.0806  8.9
 78.056 3485 Alaska-slab2-v3                                                                  167.9964   54.1563  9.8
 97.436 3494 Alaska-slab2-v3                                                                  167.5675   54.1229  8.1
 86.494 3495 Alaska-slab2-v3                                                                  167.6494   54.1988  8.9
 75.422 3496 Alaska-slab2-v3                                                                  167.7277   54.2757  9.8
 96.749 3505 Alaska-slab2-v3                                                                  167.3044   54.2406  8.1
 85.591 3506 Alaska-slab2-v3                                                                  167.3837   54.3175  8.9
 74.038 3507 Alaska-slab2-v3                                                                  167.4581   54.3956  9.8
101.409 3517 Alaska-slab2-v3                                                                  167.0410   54.3585  8.1
 94.131 3518 Alaska-slab2-v3                                                                  167.1176   54.4364  9.0
 83.456 3519 Alaska-slab2-v3                                                                  167.1884   54.5156  9.8
 81.127 3529 Alaska-slab2-v3                                                                  166.7761   54.4767  8.2
 72.748 3530 Alaska-slab2-v3                                                                  166.8495   54.5557  9.1
 64.172 3531 Alaska-slab2-v3                                                                  166.9145   54.6365  9.9
 59.367 3541 Alaska-slab2-v3                                                                  166.5086   54.5954  8.4
 52.491 3542 Alaska-slab2-v3                                                                  166.5778   54.6756  9.4
 38.586 3553 Alaska-slab2-v3                                                                  166.2376   54.7142  8.8
 33.570 3554 Alaska-slab2-v3                                                                  166.2954   54.7968  9.9
 20.282 3564 Alaska-slab2-v3                                                                  165.9035   54.7504  8.1
 17.264 3565 Alaska-slab2-v3                                                                  165.9582   54.8337  9.4
