  1.986 0010 Alaska-slab2-v3                                                                  220.6551   61.0581  8.4
  1.678 0011 Alaska-slab2-v3                                                                  220.6343   61.1471  9.3
  1.323 0012 Alaska-slab2-v3                                                                  220.6074   61.2353 10.4
  0.918 0013 Alaska-slab2-v3                                                                  220.5693   61.3225 11.6
  0.472 0014 Alaska-slab2-v3                                                                  220.5225   61.4090 12.9
  4.035 0034 Alaska-slab2-v3                                                                  220.2091   61.0718  8.6
  3.365 0035 Alaska-slab2-v3                                                                  220.1755   61.1598  9.7
  2.623 0036 Alaska-slab2-v3                                                                  220.1353   61.2470 10.8
  1.798 0037 Alaska-slab2-v3                                                                  220.0881   61.3334 12.1
  0.922 0038 Alaska-slab2-v3                                                                  220.0377   61.4193 13.5
  6.071 0057 Alaska-slab2-v3                                                                  219.7710   61.0555  8.5
  5.046 0058 Alaska-slab2-v3                                                                  219.7270   61.1425  9.6
  3.904 0059 Alaska-slab2-v3                                                                  219.6794   61.2289 10.8
  2.665 0060 Alaska-slab2-v3                                                                  219.6278   61.3148 12.0
  1.357 0061 Alaska-slab2-v3                                                                  219.5751   61.4004 13.4
  8.021 0079 Alaska-slab2-v3                                                                  219.3506   61.0087  8.2
  6.705 0080 Alaska-slab2-v3                                                                  219.2976   61.0947  9.1
  5.238 0081 Alaska-slab2-v3                                                                  219.2445   61.1805 10.2
  3.606 0082 Alaska-slab2-v3                                                                  219.1907   61.2661 11.4
  1.837 0083 Alaska-slab2-v3                                                                  219.1363   61.3516 12.7
  9.665 0101 Alaska-slab2-v3                                                                  218.8900   61.0211  8.6
  8.171 0102 Alaska-slab2-v3                                                                  218.8295   61.1059  9.4
  6.443 0103 Alaska-slab2-v3                                                                  218.7707   61.1909 10.5
  4.463 0104 Alaska-slab2-v3                                                                  218.7137   61.2761 11.6
  2.299 0105 Alaska-slab2-v3                                                                  218.6566   61.3611 12.9
 10.866 0121 Alaska-slab2-v3                                                                  218.5043   60.9250  8.0
  9.621 0122 Alaska-slab2-v3                                                                  218.4369   61.0086  8.8
  8.277 0123 Alaska-slab2-v3                                                                  218.3694   61.0923  9.6
  6.703 0124 Alaska-slab2-v3                                                                  218.3052   61.1764 10.6
  4.802 0125 Alaska-slab2-v3                                                                  218.2444   61.2609 11.7
  2.557 0126 Alaska-slab2-v3                                                                  218.1834   61.3453 13.1
  9.594 0140 Alaska-slab2-v3                                                                  218.0664   60.8965  8.1
  8.352 0141 Alaska-slab2-v3                                                                  217.9921   60.9788  8.8
  6.951 0142 Alaska-slab2-v3                                                                  217.9176   61.0610  9.6
  5.178 0143 Alaska-slab2-v3                                                                  217.8476   61.1440 10.6
  2.908 0144 Alaska-slab2-v3                                                                  217.7819   61.2275 11.9
 10.688 0158 Alaska-slab2-v3                                                                  217.6334   60.8554  8.1
  9.585 0159 Alaska-slab2-v3                                                                  217.5520   60.9361  8.8
  8.119 0160 Alaska-slab2-v3                                                                  217.4711   61.0168  9.6
  6.110 0161 Alaska-slab2-v3                                                                  217.3959   61.0984 10.9
  3.409 0162 Alaska-slab2-v3                                                                  217.3259   61.1805 12.5
  8.791 0176 Alaska-slab2-v3                                                                  217.2052   60.8027  8.5
  7.431 0177 Alaska-slab2-v3                                                                  217.1176   60.8817  9.3
  5.658 0178 Alaska-slab2-v3                                                                  217.0329   60.9613 10.2
  3.241 0179 Alaska-slab2-v3                                                                  216.9532   61.0417 11.6
  9.319 0193 Alaska-slab2-v3                                                                  216.8900   60.6628  8.8
  7.858 0194 Alaska-slab2-v3                                                                  216.7993   60.7407  9.6
  6.464 0195 Alaska-slab2-v3                                                                  216.7064   60.8182 10.4
  4.853 0196 Alaska-slab2-v3                                                                  216.6152   60.8960 11.4
  2.787 0197 Alaska-slab2-v3                                                                  216.5257   60.9741 12.6
  8.572 0211 Alaska-slab2-v3                                                                  216.6061   60.5129  9.0
  6.506 0212 Alaska-slab2-v3                                                                  216.5155   60.5902 10.2
  4.854 0213 Alaska-slab2-v3                                                                  216.4176   60.6658 11.1
  3.408 0214 Alaska-slab2-v3                                                                  216.3169   60.7408 12.0
  1.893 0215 Alaska-slab2-v3                                                                  216.2154   60.8156 12.9
  8.989 0231 Alaska-slab2-v3                                                                  216.3398   60.3457  8.9
  6.049 0232 Alaska-slab2-v3                                                                  216.2532   60.4228 10.7
  3.932 0233 Alaska-slab2-v3                                                                  216.1527   60.4968 11.9
  2.436 0234 Alaska-slab2-v3                                                                  216.0465   60.5698 12.8
  1.243 0235 Alaska-slab2-v3                                                                  215.9396   60.6428 13.6
  6.811 0255 Alaska-slab2-v3                                                                  216.0024   60.2336 10.4
  3.842 0256 Alaska-slab2-v3                                                                  215.9029   60.3067 12.2
  1.962 0257 Alaska-slab2-v3                                                                  215.7964   60.3790 13.4
  0.808 0258 Alaska-slab2-v3                                                                  215.6890   60.4516 14.1
 10.325 0281 Alaska-slab2-v3                                                                  215.7667   60.0238  8.5
  6.382 0282 Alaska-slab2-v3                                                                  215.6685   60.0957 10.9
  3.636 0283 Alaska-slab2-v3                                                                  215.5633   60.1673 12.6
  1.874 0284 Alaska-slab2-v3                                                                  215.4567   60.2395 13.7
  0.776 0285 Alaska-slab2-v3                                                                  215.3492   60.3119 14.4
 10.523 0311 Alaska-slab2-v3                                                                  215.4642   59.8739  8.3
  7.151 0312 Alaska-slab2-v3                                                                  215.3509   59.9410 10.4
  4.643 0313 Alaska-slab2-v3                                                                  215.2419   60.0111 11.9
  2.720 0314 Alaska-slab2-v3                                                                  215.1347   60.0828 13.1
  1.222 0315 Alaska-slab2-v3                                                                  215.0267   60.1546 14.0
  8.972 0344 Alaska-slab2-v3                                                                  215.1063   59.7707  9.3
  6.067 0345 Alaska-slab2-v3                                                                  214.9901   59.8370 11.1
  3.824 0346 Alaska-slab2-v3                                                                  214.8804   59.9071 12.5
  2.178 0347 Alaska-slab2-v3                                                                  214.7697   59.9775 13.5
  0.952 0348 Alaska-slab2-v3                                                                  214.6583   60.0480 14.3
  8.712 0386 Alaska-slab2-v3                                                                  214.8431   59.6356  9.5
  5.717 0387 Alaska-slab2-v3                                                                  214.7243   59.7004 11.4
  3.543 0388 Alaska-slab2-v3                                                                  214.6103   59.7687 12.7
  2.045 0389 Alaska-slab2-v3                                                                  214.4953   59.8373 13.6
  1.063 0390 Alaska-slab2-v3                                                                  214.3795   59.9059 14.2
  0.435 0391 Alaska-slab2-v3                                                                  214.2631   59.9745 14.6
  8.593 0428 Alaska-slab2-v3                                                                  214.5858   59.4974  9.6
  5.541 0429 Alaska-slab2-v3                                                                  214.4641   59.5605 11.5
  3.341 0430 Alaska-slab2-v3                                                                  214.3463   59.6269 12.9
  1.847 0431 Alaska-slab2-v3                                                                  214.2275   59.6935 13.8
  0.932 0432 Alaska-slab2-v3                                                                  214.1078   59.7602 14.4
  0.418 0433 Alaska-slab2-v3                                                                  213.9875   59.8269 14.7
  0.177 0434 Alaska-slab2-v3                                                                  213.8667   59.8935 14.8
 15.188 0469 Alaska-slab2-v3                                                                  214.3377   59.3548  9.5
  9.928 0470 Alaska-slab2-v3                                                                  214.2120   59.4156 11.4
  6.075 0471 Alaska-slab2-v3                                                                  214.0899   59.4797 12.8
  3.431 0472 Alaska-slab2-v3                                                                  213.9667   59.5441 13.7
  1.800 0473 Alaska-slab2-v3                                                                  213.8427   59.6084 14.3
  0.900 0474 Alaska-slab2-v3                                                                  213.7181   59.6728 14.6
  0.478 0475 Alaska-slab2-v3                                                                  213.5930   59.7370 14.8
  0.253 0476 Alaska-slab2-v3                                                                  213.4673   59.8012 14.9
 22.591 0510 Alaska-slab2-v3                                                                  214.1024   59.2073  9.3
 15.410 0511 Alaska-slab2-v3                                                                  213.9719   59.2655 11.1
 10.045 0512 Alaska-slab2-v3                                                                  213.8453   59.3270 12.4
  6.213 0513 Alaska-slab2-v3                                                                  213.7176   59.3887 13.3
  3.711 0514 Alaska-slab2-v3                                                                  213.5892   59.4504 14.0
  2.138 0515 Alaska-slab2-v3                                                                  213.4601   59.5121 14.4
  1.210 0516 Alaska-slab2-v3                                                                  213.3304   59.5737 14.6
  0.645 0517 Alaska-slab2-v3                                                                  213.2003   59.6352 14.7
 31.308 0551 Alaska-slab2-v3                                                                  213.8813   59.0556  8.9
 22.684 0552 Alaska-slab2-v3                                                                  213.7467   59.1112 10.6
 15.889 0553 Alaska-slab2-v3                                                                  213.6158   59.1701 11.9
 10.819 0554 Alaska-slab2-v3                                                                  213.4846   59.2294 12.9
  7.108 0555 Alaska-slab2-v3                                                                  213.3527   59.2888 13.6
  4.547 0556 Alaska-slab2-v3                                                                  213.2201   59.3481 14.1
  2.718 0557 Alaska-slab2-v3                                                                  213.0869   59.4073 14.4
  1.307 0558 Alaska-slab2-v3                                                                  212.9532   59.4664 14.7
 39.628 0591 Alaska-slab2-v3                                                                  213.6725   58.9003  8.7
 29.477 0592 Alaska-slab2-v3                                                                  213.5347   58.9537 10.2
 21.148 0593 Alaska-slab2-v3                                                                  213.4001   59.0099 11.5
 14.576 0594 Alaska-slab2-v3                                                                  213.2660   59.0671 12.5
  9.435 0595 Alaska-slab2-v3                                                                  213.1312   59.1243 13.3
  5.466 0596 Alaska-slab2-v3                                                                  212.9957   59.1814 13.9
  2.473 0597 Alaska-slab2-v3                                                                  212.8597   59.2385 14.4
 40.535 0629 Alaska-slab2-v3                                                                  213.4727   58.7421  8.6
 30.659 0630 Alaska-slab2-v3                                                                  213.3324   58.7934 10.1
 22.397 0631 Alaska-slab2-v3                                                                  213.1942   58.8468 11.4
 15.685 0632 Alaska-slab2-v3                                                                  213.0564   58.9011 12.4
 10.327 0633 Alaska-slab2-v3                                                                  212.9178   58.9554 13.3
  6.067 0634 Alaska-slab2-v3                                                                  212.7787   59.0096 13.9
  2.711 0635 Alaska-slab2-v3                                                                  212.6390   59.0637 14.5
 40.163 0665 Alaska-slab2-v3                                                                  213.2794   58.5822  8.7
 29.962 0666 Alaska-slab2-v3                                                                  213.1372   58.6314 10.3
 21.557 0667 Alaska-slab2-v3                                                                  212.9951   58.6814 11.6
 14.885 0668 Alaska-slab2-v3                                                                  212.8525   58.7318 12.6
  9.624 0669 Alaska-slab2-v3                                                                  212.7092   58.7822 13.5
  5.582 0670 Alaska-slab2-v3                                                                  212.5653   58.8324 14.1
  2.438 0671 Alaska-slab2-v3                                                                  212.4209   58.8826 14.6
 37.010 0700 Alaska-slab2-v3                                                                  213.0897   58.4261  9.1
 25.868 0701 Alaska-slab2-v3                                                                  212.9473   58.4744 10.8
 17.072 0702 Alaska-slab2-v3                                                                  212.8039   58.5229 12.1
 10.491 0703 Alaska-slab2-v3                                                                  212.6595   58.5714 13.1
  5.669 0704 Alaska-slab2-v3                                                                  212.5144   58.6199 13.9
  2.346 0705 Alaska-slab2-v3                                                                  212.3686   58.6683 14.4
 34.878 0735 Alaska-slab2-v3                                                                  212.8990   58.2742  9.5
 22.929 0736 Alaska-slab2-v3                                                                  212.7582   58.3227 11.3
 14.016 0737 Alaska-slab2-v3                                                                  212.6163   58.3719 12.7
  7.815 0738 Alaska-slab2-v3                                                                  212.4734   58.4212 13.7
  3.746 0739 Alaska-slab2-v3                                                                  212.3297   58.4705 14.3
  1.356 0740 Alaska-slab2-v3                                                                  212.1853   58.5196 14.7
 34.622 0770 Alaska-slab2-v3                                                                  212.7037   58.1232  9.6
 22.504 0771 Alaska-slab2-v3                                                                  212.5640   58.1721 11.5
 13.656 0772 Alaska-slab2-v3                                                                  212.4241   58.2223 12.9
  7.630 0773 Alaska-slab2-v3                                                                  212.2830   58.2726 13.8
  3.847 0774 Alaska-slab2-v3                                                                  212.1411   58.3229 14.4
  1.731 0775 Alaska-slab2-v3                                                                  211.9987   58.3731 14.7
  0.641 0776 Alaska-slab2-v3                                                                  211.8558   58.4231 14.9
 35.928 0804 Alaska-slab2-v3                                                                  212.5018   57.9757  9.3
 24.382 0805 Alaska-slab2-v3                                                                  212.3630   58.0250 11.1
 15.674 0806 Alaska-slab2-v3                                                                  212.2250   58.0764 12.5
  9.482 0807 Alaska-slab2-v3                                                                  212.0860   58.1278 13.4
  5.418 0808 Alaska-slab2-v3                                                                  211.9461   58.1791 14.1
  2.774 0809 Alaska-slab2-v3                                                                  211.8057   58.2304 14.5
  1.226 0810 Alaska-slab2-v3                                                                  211.6649   58.2816 14.7
 37.986 0838 Alaska-slab2-v3                                                                  212.2938   57.8339  8.9
 27.394 0839 Alaska-slab2-v3                                                                  212.1557   57.8839 10.5
 19.026 0840 Alaska-slab2-v3                                                                  212.0188   57.9358 11.8
 12.684 0841 Alaska-slab2-v3                                                                  211.8814   57.9880 12.8
  8.042 0842 Alaska-slab2-v3                                                                  211.7432   58.0402 13.5
  4.642 0843 Alaska-slab2-v3                                                                  211.6045   58.0922 14.0
  2.158 0844 Alaska-slab2-v3                                                                  211.4652   58.1442 14.4
 41.649 0872 Alaska-slab2-v3                                                                  212.0783   57.6978  8.4
 32.379 0873 Alaska-slab2-v3                                                                  211.9416   57.7490  9.9
 24.590 0874 Alaska-slab2-v3                                                                  211.8053   57.8010 11.1
 18.346 0875 Alaska-slab2-v3                                                                  211.6687   57.8535 12.1
 13.389 0876 Alaska-slab2-v3                                                                  211.5314   57.9059 12.8
  9.398 0877 Alaska-slab2-v3                                                                  211.3937   57.9582 13.5
  5.987 0878 Alaska-slab2-v3                                                                  211.2554   58.0104 14.0
  3.026 0879 Alaska-slab2-v3                                                                  211.1167   58.0625 14.4
 43.703 0905 Alaska-slab2-v3                                                                  211.8526   57.5663  8.1
 35.323 0906 Alaska-slab2-v3                                                                  211.7178   57.6189  9.4
 27.975 0907 Alaska-slab2-v3                                                                  211.5824   57.6714 10.6
 21.658 0908 Alaska-slab2-v3                                                                  211.4462   57.7238 11.5
 16.308 0909 Alaska-slab2-v3                                                                  211.3094   57.7761 12.4
 11.732 0910 Alaska-slab2-v3                                                                  211.1721   57.8283 13.1
  7.606 0911 Alaska-slab2-v3                                                                  211.0343   57.8803 13.7
  3.739 0912 Alaska-slab2-v3                                                                  210.8961   57.9322 14.3
 34.980 0939 Alaska-slab2-v3                                                                  211.4814   57.4929  9.1
 27.556 0940 Alaska-slab2-v3                                                                  211.3469   57.5459 10.2
 20.934 0941 Alaska-slab2-v3                                                                  211.2112   57.5983 11.2
 14.982 0942 Alaska-slab2-v3                                                                  211.0747   57.6504 12.1
  9.631 0943 Alaska-slab2-v3                                                                  210.9378   57.7023 12.9
  4.682 0944 Alaska-slab2-v3                                                                  210.8003   57.7542 13.7
 36.190 0972 Alaska-slab2-v3                                                                  211.2308   57.3710  9.0
 28.833 0973 Alaska-slab2-v3                                                                  211.0969   57.4240 10.1
 22.138 0974 Alaska-slab2-v3                                                                  210.9619   57.4765 11.1
 15.974 0975 Alaska-slab2-v3                                                                  210.8263   57.5288 12.1
 10.274 0976 Alaska-slab2-v3                                                                  210.6901   57.5810 12.9
  4.971 0977 Alaska-slab2-v3                                                                  210.5535   57.6331 13.7
 35.203 1004 Alaska-slab2-v3                                                                  210.9669   57.2526  9.2
 27.764 1005 Alaska-slab2-v3                                                                  210.8334   57.3056 10.3
 21.122 1006 Alaska-slab2-v3                                                                  210.7011   57.3598 11.3
 15.210 1007 Alaska-slab2-v3                                                                  210.5684   57.4139 12.2
  9.764 1008 Alaska-slab2-v3                                                                  210.4353   57.4680 13.0
  4.782 1009 Alaska-slab2-v3                                                                  210.3017   57.5220 13.7
 42.960 1035 Alaska-slab2-v3                                                                  210.8281   57.0879  8.2
 34.459 1036 Alaska-slab2-v3                                                                  210.6921   57.1379  9.5
 27.126 1037 Alaska-slab2-v3                                                                  210.5617   57.1925 10.6
 21.026 1038 Alaska-slab2-v3                                                                  210.4359   57.2507 11.6
 15.964 1039 Alaska-slab2-v3                                                                  210.3097   57.3090 12.3
 11.616 1040 Alaska-slab2-v3                                                                  210.1830   57.3673 13.0
  7.658 1041 Alaska-slab2-v3                                                                  210.0559   57.4255 13.6
  3.894 1042 Alaska-slab2-v3                                                                  209.9283   57.4835 14.2
 42.208 1066 Alaska-slab2-v3                                                                  210.5480   56.9808  8.4
 33.278 1067 Alaska-slab2-v3                                                                  210.4119   57.0299  9.8
 26.019 1068 Alaska-slab2-v3                                                                  210.2868   57.0872 10.9
 20.494 1069 Alaska-slab2-v3                                                                  210.1685   57.1498 11.8
 16.189 1070 Alaska-slab2-v3                                                                  210.0496   57.2125 12.4
 12.849 1071 Alaska-slab2-v3                                                                  209.9302   57.2750 12.9
  9.958 1072 Alaska-slab2-v3                                                                  209.8103   57.3375 13.4
  7.131 1073 Alaska-slab2-v3                                                                  209.6901   57.3999 13.8
  3.919 1074 Alaska-slab2-v3                                                                  209.5694   57.4622 14.3
 41.180 1096 Alaska-slab2-v3                                                                  210.2708   56.8864  8.3
 32.389 1097 Alaska-slab2-v3                                                                  210.1362   56.9367  9.6
 25.250 1098 Alaska-slab2-v3                                                                  210.0128   56.9950 10.7
 19.962 1099 Alaska-slab2-v3                                                                  209.8978   57.0594 11.5
 15.996 1100 Alaska-slab2-v3                                                                  209.7823   57.1238 12.1
 12.890 1101 Alaska-slab2-v3                                                                  209.6663   57.1881 12.6
 10.246 1102 Alaska-slab2-v3                                                                  209.5498   57.2524 13.0
  7.535 1103 Alaska-slab2-v3                                                                  209.4329   57.3166 13.4
  4.297 1104 Alaska-slab2-v3                                                                  209.3157   57.3806 13.9
 35.653 1126 Alaska-slab2-v3                                                                  209.8744   56.8602  9.1
 29.104 1127 Alaska-slab2-v3                                                                  209.7519   56.9196 10.1
 23.945 1128 Alaska-slab2-v3                                                                  209.6341   56.9823 10.9
 19.910 1129 Alaska-slab2-v3                                                                  209.5161   57.0452 11.5
 16.470 1130 Alaska-slab2-v3                                                                  209.3976   57.1080 12.0
 13.295 1131 Alaska-slab2-v3                                                                  209.2787   57.1707 12.5
  9.790 1132 Alaska-slab2-v3                                                                  209.1594   57.2333 13.0
  5.490 1133 Alaska-slab2-v3                                                                  209.0398   57.2957 13.7
 37.035 1155 Alaska-slab2-v3                                                                  209.6138   56.7850  8.6
 30.737 1156 Alaska-slab2-v3                                                                  209.4968   56.8478  9.5
 25.192 1157 Alaska-slab2-v3                                                                  209.3777   56.9096 10.4
 20.400 1158 Alaska-slab2-v3                                                                  209.2553   56.9697 11.1
 15.813 1159 Alaska-slab2-v3                                                                  209.1314   57.0291 11.7
 11.227 1160 Alaska-slab2-v3                                                                  209.0072   57.0883 12.4
  6.093 1161 Alaska-slab2-v3                                                                  208.8826   57.1474 13.1
 42.200 1183 Alaska-slab2-v3                                                                  209.3362   56.6985  8.4
 36.282 1184 Alaska-slab2-v3                                                                  209.2227   56.7631  9.3
 30.621 1185 Alaska-slab2-v3                                                                  209.1047   56.8252 10.2
 25.024 1186 Alaska-slab2-v3                                                                  208.9805   56.8838 11.0
 19.427 1187 Alaska-slab2-v3                                                                  208.8540   56.9412 11.9
 13.509 1188 Alaska-slab2-v3                                                                  208.7273   56.9984 12.8
  7.141 1189 Alaska-slab2-v3                                                                  208.6002   57.0555 13.8
 40.126 1210 Alaska-slab2-v3                                                                  209.0493   56.6043  8.6
 33.460 1211 Alaska-slab2-v3                                                                  208.9339   56.6675  9.7
 26.923 1212 Alaska-slab2-v3                                                                  208.8140   56.7282 10.7
 20.451 1213 Alaska-slab2-v3                                                                  208.6901   56.7867 11.7
 13.850 1214 Alaska-slab2-v3                                                                  208.5650   56.8445 12.7
  7.119 1215 Alaska-slab2-v3                                                                  208.4395   56.9022 13.7
 42.810 1236 Alaska-slab2-v3                                                                  208.8802   56.4447  8.1
 34.156 1237 Alaska-slab2-v3                                                                  208.7647   56.5072  9.4
 26.355 1238 Alaska-slab2-v3                                                                  208.6463   56.5684 10.6
 19.274 1239 Alaska-slab2-v3                                                                  208.5248   56.6279 11.7
 12.718 1240 Alaska-slab2-v3                                                                  208.4020   56.6869 12.7
  6.359 1241 Alaska-slab2-v3                                                                  208.2787   56.7458 13.7
 36.780 1262 Alaska-slab2-v3                                                                  208.5983   56.3460  8.8
 26.108 1263 Alaska-slab2-v3                                                                  208.4812   56.4069 10.4
 17.585 1264 Alaska-slab2-v3                                                                  208.3622   56.4673 11.7
 10.806 1265 Alaska-slab2-v3                                                                  208.2418   56.5275 12.7
  5.168 1266 Alaska-slab2-v3                                                                  208.1208   56.5876 13.5
 27.555 1287 Alaska-slab2-v3                                                                  208.3171   56.2446  9.4
 18.083 1288 Alaska-slab2-v3                                                                  208.2000   56.3048 11.1
 11.302 1289 Alaska-slab2-v3                                                                  208.0836   56.3666 12.4
  6.512 1290 Alaska-slab2-v3                                                                  207.9663   56.4286 13.3
  3.014 1291 Alaska-slab2-v3                                                                  207.8484   56.4905 13.9
 21.602 1312 Alaska-slab2-v3                                                                  208.0398   56.1434  9.6
 14.334 1313 Alaska-slab2-v3                                                                  207.9244   56.2042 11.4
  9.275 1314 Alaska-slab2-v3                                                                  207.8116   56.2679 12.6
  5.983 1315 Alaska-slab2-v3                                                                  207.6980   56.3317 13.5
  3.734 1316 Alaska-slab2-v3                                                                  207.5837   56.3957 14.0
  1.967 1317 Alaska-slab2-v3                                                                  207.4690   56.4595 14.5
 15.102 1336 Alaska-slab2-v3                                                                  207.7667   56.0430  9.5
 10.059 1337 Alaska-slab2-v3                                                                  207.6526   56.1043 11.3
  6.517 1338 Alaska-slab2-v3                                                                  207.5425   56.1693 12.5
  4.165 1339 Alaska-slab2-v3                                                                  207.4315   56.2344 13.4
  2.578 1340 Alaska-slab2-v3                                                                  207.3199   56.2996 13.9
  1.360 1341 Alaska-slab2-v3                                                                  207.2079   56.3648 14.4
  8.935 1360 Alaska-slab2-v3                                                                  207.4972   55.9427  9.3
  6.141 1361 Alaska-slab2-v3                                                                  207.3835   56.0042 11.0
  4.126 1362 Alaska-slab2-v3                                                                  207.2747   56.0698 12.2
  2.713 1363 Alaska-slab2-v3                                                                  207.1652   56.1355 13.1
  1.722 1364 Alaska-slab2-v3                                                                  207.0551   56.2013 13.7
  0.894 1365 Alaska-slab2-v3                                                                  206.9445   56.2670 14.2
  9.347 1384 Alaska-slab2-v3                                                                  207.2316   55.8425  9.0
  6.688 1385 Alaska-slab2-v3                                                                  207.1181   55.9043 10.6
  4.681 1386 Alaska-slab2-v3                                                                  207.0097   55.9699 11.9
  3.197 1387 Alaska-slab2-v3                                                                  206.9012   56.0360 12.8
  2.055 1388 Alaska-slab2-v3                                                                  206.7921   56.1021 13.5
  1.044 1389 Alaska-slab2-v3                                                                  206.6826   56.1682 14.1
  9.690 1407 Alaska-slab2-v3                                                                  206.9698   55.7423  8.7
  7.177 1408 Alaska-slab2-v3                                                                  206.8571   55.8047 10.2
  5.192 1409 Alaska-slab2-v3                                                                  206.7489   55.8703 11.4
  3.621 1410 Alaska-slab2-v3                                                                  206.6420   55.9370 12.3
  2.348 1411 Alaska-slab2-v3                                                                  206.5345   56.0037 13.1
  1.191 1412 Alaska-slab2-v3                                                                  206.4266   56.0704 13.8
 10.641 1430 Alaska-slab2-v3                                                                  206.7109   55.6415  8.3
  8.442 1431 Alaska-slab2-v3                                                                  206.5997   55.7049  9.7
  6.581 1432 Alaska-slab2-v3                                                                  206.4925   55.7709 10.9
  5.056 1433 Alaska-slab2-v3                                                                  206.3880   55.8387 11.8
  3.756 1434 Alaska-slab2-v3                                                                  206.2831   55.9065 12.6
  2.568 1435 Alaska-slab2-v3                                                                  206.1777   55.9743 13.4
  1.348 1436 Alaska-slab2-v3                                                                  206.0720   56.0420 14.1
 10.718 1453 Alaska-slab2-v3                                                                  206.4544   55.5398  8.0
  8.690 1454 Alaska-slab2-v3                                                                  206.3461   55.6049  9.2
  6.879 1455 Alaska-slab2-v3                                                                  206.2403   55.6716 10.3
  5.334 1456 Alaska-slab2-v3                                                                  206.1377   55.7402 11.2
  3.955 1457 Alaska-slab2-v3                                                                  206.0354   55.8091 12.1
  2.675 1458 Alaska-slab2-v3                                                                  205.9326   55.8780 12.8
  1.379 1459 Alaska-slab2-v3                                                                  205.8296   55.9468 13.6
  9.875 1477 Alaska-slab2-v3                                                                  206.0955   55.5043  8.8
  8.278 1478 Alaska-slab2-v3                                                                  205.9916   55.5720  9.8
  6.810 1479 Alaska-slab2-v3                                                                  205.8897   55.6408 10.7
  5.454 1480 Alaska-slab2-v3                                                                  205.7890   55.7103 11.5
  4.163 1481 Alaska-slab2-v3                                                                  205.6879   55.7798 12.3
  2.872 1482 Alaska-slab2-v3                                                                  205.5864   55.8492 13.1
  1.501 1483 Alaska-slab2-v3                                                                  205.4847   55.9185 13.9
 10.179 1500 Alaska-slab2-v3                                                                  205.8458   55.4021  8.3
  8.701 1501 Alaska-slab2-v3                                                                  205.7450   55.4712  9.2
  7.256 1502 Alaska-slab2-v3                                                                  205.6444   55.5406 10.1
  5.878 1503 Alaska-slab2-v3                                                                  205.5441   55.6102 10.9
  4.517 1504 Alaska-slab2-v3                                                                  205.4433   55.6797 11.7
  3.105 1505 Alaska-slab2-v3                                                                  205.3421   55.7491 12.6
  1.627 1506 Alaska-slab2-v3                                                                  205.2407   55.8184 13.5
  9.085 1524 Alaska-slab2-v3                                                                  205.4988   55.3689  8.7
  7.736 1525 Alaska-slab2-v3                                                                  205.4008   55.4394  9.5
  6.353 1526 Alaska-slab2-v3                                                                  205.3016   55.5095 10.3
  4.935 1527 Alaska-slab2-v3                                                                  205.2007   55.5787 11.2
  3.415 1528 Alaska-slab2-v3                                                                  205.0989   55.6477 12.1
  1.793 1529 Alaska-slab2-v3                                                                  204.9969   55.7165 13.0
  9.491 1547 Alaska-slab2-v3                                                                  205.2584   55.2577  8.5
  8.175 1548 Alaska-slab2-v3                                                                  205.1624   55.3289  9.3
  6.772 1549 Alaska-slab2-v3                                                                  205.0641   55.3994 10.1
  5.267 1550 Alaska-slab2-v3                                                                  204.9633   55.4688 11.0
  3.643 1551 Alaska-slab2-v3                                                                  204.8619   55.5377 11.9
  1.898 1552 Alaska-slab2-v3                                                                  204.7602   55.6064 12.9
  9.815 1570 Alaska-slab2-v3                                                                  205.0209   55.1392  8.5
  8.477 1571 Alaska-slab2-v3                                                                  204.9251   55.2105  9.3
  6.989 1572 Alaska-slab2-v3                                                                  204.8280   55.2811 10.2
  5.384 1573 Alaska-slab2-v3                                                                  204.7290   55.3509 11.1
  3.662 1574 Alaska-slab2-v3                                                                  204.6291   55.4202 12.2
  1.856 1575 Alaska-slab2-v3                                                                  204.5289   55.4895 13.2
  9.923 1593 Alaska-slab2-v3                                                                  204.7814   55.0242  8.6
  8.528 1594 Alaska-slab2-v3                                                                  204.6865   55.0957  9.4
  6.987 1595 Alaska-slab2-v3                                                                  204.5900   55.1664 10.4
  5.330 1596 Alaska-slab2-v3                                                                  204.4918   55.2363 11.4
  3.575 1597 Alaska-slab2-v3                                                                  204.3930   55.3061 12.5
  1.788 1598 Alaska-slab2-v3                                                                  204.2939   55.3757 13.6
 11.084 1615 Alaska-slab2-v3                                                                  204.6288   54.8438  8.0
  9.711 1616 Alaska-slab2-v3                                                                  204.5354   54.9157  8.9
  8.257 1617 Alaska-slab2-v3                                                                  204.4412   54.9874  9.8
  6.706 1618 Alaska-slab2-v3                                                                  204.3449   55.0581 10.7
  5.074 1619 Alaska-slab2-v3                                                                  204.2470   55.1280 11.7
  3.377 1620 Alaska-slab2-v3                                                                  204.1487   55.1978 12.8
  1.680 1621 Alaska-slab2-v3                                                                  204.0501   55.2676 13.8
  9.816 1638 Alaska-slab2-v3                                                                  204.3707   54.7446  8.3
  8.226 1639 Alaska-slab2-v3                                                                  204.2784   54.8168  9.2
  6.618 1640 Alaska-slab2-v3                                                                  204.1843   54.8883 10.2
  4.994 1641 Alaska-slab2-v3                                                                  204.0877   54.9587 11.1
  3.335 1642 Alaska-slab2-v3                                                                  203.9900   55.0287 12.1
  1.676 1643 Alaska-slab2-v3                                                                  203.8920   55.0987 13.1
  9.432 1661 Alaska-slab2-v3                                                                  204.0996   54.6557  8.6
  7.745 1662 Alaska-slab2-v3                                                                  204.0074   54.7278  9.6
  6.125 1663 Alaska-slab2-v3                                                                  203.9128   54.7990 10.6
  4.556 1664 Alaska-slab2-v3                                                                  203.8162   54.8693 11.5
  3.037 1665 Alaska-slab2-v3                                                                  203.7191   54.9396 12.4
  1.519 1666 Alaska-slab2-v3                                                                  203.6216   55.0097 13.3
  9.206 1683 Alaska-slab2-v3                                                                  203.8178   54.5758  8.9
  7.444 1684 Alaska-slab2-v3                                                                  203.7246   54.6474 10.0
  5.832 1685 Alaska-slab2-v3                                                                  203.6297   54.7183 10.9
  4.354 1686 Alaska-slab2-v3                                                                  203.5336   54.7888 11.8
  2.908 1687 Alaska-slab2-v3                                                                  203.4371   54.8593 12.7
  1.479 1688 Alaska-slab2-v3                                                                  203.3403   54.9297 13.6
  9.226 1705 Alaska-slab2-v3                                                                  203.5301   54.5031  9.1
  7.466 1706 Alaska-slab2-v3                                                                  203.4363   54.5742 10.1
  5.868 1707 Alaska-slab2-v3                                                                  203.3410   54.6449 11.1
  4.417 1708 Alaska-slab2-v3                                                                  203.2450   54.7154 12.0
  2.999 1709 Alaska-slab2-v3                                                                  203.1487   54.7859 12.9
  1.549 1710 Alaska-slab2-v3                                                                  203.0520   54.8563 13.8
  8.329 1726 Alaska-slab2-v3                                                                  203.2397   54.4355  9.2
  6.447 1727 Alaska-slab2-v3                                                                  203.1452   54.5063 10.3
  4.771 1728 Alaska-slab2-v3                                                                  203.0494   54.5766 11.2
  3.198 1729 Alaska-slab2-v3                                                                  202.9530   54.6469 12.2
  1.659 1730 Alaska-slab2-v3                                                                  202.8563   54.7171 13.1
 10.631 1745 Alaska-slab2-v3                                                                  203.0409   54.3010  8.0
  8.548 1746 Alaska-slab2-v3                                                                  202.9467   54.3715  9.3
  6.682 1747 Alaska-slab2-v3                                                                  202.8513   54.4418 10.4
  5.015 1748 Alaska-slab2-v3                                                                  202.7548   54.5117 11.4
  3.449 1749 Alaska-slab2-v3                                                                  202.6578   54.5816 12.3
  1.816 1750 Alaska-slab2-v3                                                                  202.5605   54.6514 13.3
