 23.224 1991 Alaska-slab2-v3                                                                  199.0414   53.4436  7.1
 23.224 1992 Alaska-slab2-v3                                                                  198.9403   53.5080  9.2
 23.224 1993 Alaska-slab2-v3                                                                  198.8460   53.5765 10.9
 23.224 1994 Alaska-slab2-v3                                                                  198.7579   53.6489 12.2
 23.224 1995 Alaska-slab2-v3                                                                  198.6694   53.7215 13.4
 23.224 1996 Alaska-slab2-v3                                                                  198.5814   53.7941 14.6
 23.224 2007 Alaska-slab2-v3                                                                  198.7560   53.3861  7.0
 23.224 2008 Alaska-slab2-v3                                                                  198.6587   53.4528  9.0
 23.224 2009 Alaska-slab2-v3                                                                  198.5659   53.5222 10.6
 23.224 2010 Alaska-slab2-v3                                                                  198.4779   53.5946 12.0
 23.224 2011 Alaska-slab2-v3                                                                  198.3898   53.6672 13.2
 23.224 2012 Alaska-slab2-v3                                                                  198.3020   53.7399 14.5
 23.224 2023 Alaska-slab2-v3                                                                  198.4700   53.3279  7.0
 23.224 2024 Alaska-slab2-v3                                                                  198.3749   53.3958  8.9
 23.224 2025 Alaska-slab2-v3                                                                  198.2830   53.4657 10.6
 23.224 2026 Alaska-slab2-v3                                                                  198.1946   53.5378 11.9
 23.224 2027 Alaska-slab2-v3                                                                  198.1064   53.6102 13.2
 23.224 2028 Alaska-slab2-v3                                                                  198.0189   53.6829 14.6
 23.224 2039 Alaska-slab2-v3                                                                  198.1828   53.2689  7.1
 23.224 2040 Alaska-slab2-v3                                                                  198.0871   53.3362  9.0
 23.224 2041 Alaska-slab2-v3                                                                  197.9952   53.4060 10.7
 23.224 2042 Alaska-slab2-v3                                                                  197.9073   53.4782 12.1
 23.224 2043 Alaska-slab2-v3                                                                  197.8192   53.5506 13.4
 23.224 2044 Alaska-slab2-v3                                                                  197.7333   53.6236 14.9
 23.224 2055 Alaska-slab2-v3                                                                  197.8943   53.2088  7.2
 23.224 2056 Alaska-slab2-v3                                                                  197.7964   53.2740  9.4
 23.224 2057 Alaska-slab2-v3                                                                  197.7048   53.3436 11.2
 23.224 2058 Alaska-slab2-v3                                                                  197.6178   53.4162 12.6
 23.224 2059 Alaska-slab2-v3                                                                  197.5304   53.4887 13.9
 23.224 2070 Alaska-slab2-v3                                                                  197.6050   53.1470  7.5
 23.224 2071 Alaska-slab2-v3                                                                  197.5054   53.2094 10.1
 23.224 2072 Alaska-slab2-v3                                                                  197.4159   53.2794 12.0
 23.224 2073 Alaska-slab2-v3                                                                  197.3297   53.3524 13.3
 23.224 2074 Alaska-slab2-v3                                                                  197.2445   53.4258 14.6
 23.224 2085 Alaska-slab2-v3                                                                  197.3160   53.0831  7.9
 23.224 2086 Alaska-slab2-v3                                                                  197.2162   53.1421 11.0
 23.224 2087 Alaska-slab2-v3                                                                  197.1304   53.2137 12.9
 23.224 2088 Alaska-slab2-v3                                                                  197.0449   53.2870 14.0
 23.224 2100 Alaska-slab2-v3                                                                  197.0307   53.0183  8.2
 23.224 2101 Alaska-slab2-v3                                                                  196.9324   53.0739 11.7
 23.224 2102 Alaska-slab2-v3                                                                  196.8491   53.1466 13.6
 23.224 2103 Alaska-slab2-v3                                                                  196.7645   53.2206 14.6
 23.224 2115 Alaska-slab2-v3                                                                  196.7498   52.9534  8.5
 23.224 2116 Alaska-slab2-v3                                                                  196.6541   53.0059 12.4
 23.224 2117 Alaska-slab2-v3                                                                  196.5720   53.0791 14.1
 23.224 2118 Alaska-slab2-v3                                                                  196.4889   53.1538 14.8
 23.224 2130 Alaska-slab2-v3                                                                  196.4706   52.8875  8.7
 23.224 2131 Alaska-slab2-v3                                                                  196.3781   52.9384 12.8
 23.224 2132 Alaska-slab2-v3                                                                  196.2978   53.0122 14.5
 23.224 2133 Alaska-slab2-v3                                                                  196.2163   53.0876 14.9
 23.224 2145 Alaska-slab2-v3                                                                  196.1928   52.8211  8.8
 23.224 2146 Alaska-slab2-v3                                                                  196.1029   52.8721 13.0
 23.224 2147 Alaska-slab2-v3                                                                  196.0243   52.9465 14.7
 23.224 2148 Alaska-slab2-v3                                                                  195.9443   53.0225 15.0
 23.224 2160 Alaska-slab2-v3                                                                  195.9164   52.7538  8.8
 23.224 2161 Alaska-slab2-v3                                                                  195.8277   52.8066 13.0
 23.224 2162 Alaska-slab2-v3                                                                  195.7503   52.8815 14.6
 23.224 2163 Alaska-slab2-v3                                                                  195.6716   52.9580 15.0
 23.224 2175 Alaska-slab2-v3                                                                  195.6419   52.6846  8.7
 23.224 2176 Alaska-slab2-v3                                                                  195.5535   52.7408 12.7
 23.224 2177 Alaska-slab2-v3                                                                  195.4769   52.8160 14.4
 23.224 2178 Alaska-slab2-v3                                                                  195.3993   52.8928 14.9
 23.224 2190 Alaska-slab2-v3                                                                  195.3701   52.6129  8.4
 23.224 2191 Alaska-slab2-v3                                                                  195.2821   52.6730 12.2
 23.224 2192 Alaska-slab2-v3                                                                  195.2065   52.7485 14.0
 23.224 2193 Alaska-slab2-v3                                                                  195.1300   52.8254 14.8
 23.224 2205 Alaska-slab2-v3                                                                  195.1009   52.5389  8.2
 23.224 2206 Alaska-slab2-v3                                                                  195.0141   52.6025 11.6
 23.224 2207 Alaska-slab2-v3                                                                  194.9402   52.6785 13.5
 23.224 2208 Alaska-slab2-v3                                                                  194.8651   52.7557 14.6
 23.224 2220 Alaska-slab2-v3                                                                  194.8340   52.4634  7.9
 23.224 2221 Alaska-slab2-v3                                                                  194.7491   52.5299 11.1
 23.224 2222 Alaska-slab2-v3                                                                  194.6767   52.6063 13.1
 23.224 2223 Alaska-slab2-v3                                                                  194.6038   52.6841 14.2
 23.224 2235 Alaska-slab2-v3                                                                  194.5680   52.3876  7.8
 23.224 2236 Alaska-slab2-v3                                                                  194.4852   52.4562 10.8
 23.224 2237 Alaska-slab2-v3                                                                  194.4138   52.5328 12.7
 23.224 2238 Alaska-slab2-v3                                                                  194.3434   52.6114 13.9
 23.224 2250 Alaska-slab2-v3                                                                  194.3010   52.3122  7.7
 23.224 2251 Alaska-slab2-v3                                                                  194.2199   52.3821 10.5
 23.224 2252 Alaska-slab2-v3                                                                  194.1497   52.4592 12.4
 23.224 2253 Alaska-slab2-v3                                                                  194.0814   52.5384 13.6
 23.224 2254 Alaska-slab2-v3                                                                  194.0136   52.6179 14.7
 23.224 2265 Alaska-slab2-v3                                                                  194.0320   52.2386  7.6
 23.224 2266 Alaska-slab2-v3                                                                  193.9525   52.3094 10.4
 23.224 2267 Alaska-slab2-v3                                                                  193.8835   52.3869 12.3
 23.224 2268 Alaska-slab2-v3                                                                  193.8169   52.4665 13.5
 23.224 2269 Alaska-slab2-v3                                                                  193.7501   52.5464 14.6
 23.224 2279 Alaska-slab2-v3                                                                  193.7606   52.1681  7.6
 23.224 2280 Alaska-slab2-v3                                                                  193.6826   52.2395 10.4
 23.224 2281 Alaska-slab2-v3                                                                  193.6149   52.3174 12.3
 23.224 2282 Alaska-slab2-v3                                                                  193.5495   52.3974 13.5
 23.224 2283 Alaska-slab2-v3                                                                  193.4838   52.4776 14.5
 17.418 2293 Alaska-slab2-v3                                                                  193.4869   52.1014  7.7
 17.418 2294 Alaska-slab2-v3                                                                  193.4102   52.1732 10.5
 17.418 2295 Alaska-slab2-v3                                                                  193.3439   52.2515 12.4
 17.418 2296 Alaska-slab2-v3                                                                  193.2795   52.3318 13.5
 17.418 2297 Alaska-slab2-v3                                                                  193.2149   52.4124 14.5
 11.612 2307 Alaska-slab2-v3                                                                  193.2114   52.0382  7.7
 11.612 2308 Alaska-slab2-v3                                                                  193.1360   52.1104 10.6
 11.612 2309 Alaska-slab2-v3                                                                  193.0709   52.1890 12.4
 11.612 2310 Alaska-slab2-v3                                                                  193.0074   52.2696 13.6
 11.612 2311 Alaska-slab2-v3                                                                  192.9440   52.3504 14.6
  5.806 2321 Alaska-slab2-v3                                                                  192.9351   51.9779  7.7
  5.806 2322 Alaska-slab2-v3                                                                  192.8611   52.0507 10.5
  5.806 2323 Alaska-slab2-v3                                                                  192.7969   52.1296 12.4
  5.806 2324 Alaska-slab2-v3                                                                  192.7344   52.2105 13.6
  5.806 2325 Alaska-slab2-v3                                                                  192.6722   52.2915 14.6
  5.806 2335 Alaska-slab2-v3                                                                  192.6588   51.9199  7.6
  5.806 2336 Alaska-slab2-v3                                                                  192.5868   51.9938 10.3
  5.806 2337 Alaska-slab2-v3                                                                  192.5234   52.0730 12.2
  5.806 2338 Alaska-slab2-v3                                                                  192.4622   52.1542 13.4
  5.806 2339 Alaska-slab2-v3                                                                  192.4010   52.2355 14.5
  5.806 2349 Alaska-slab2-v3                                                                  192.3835   51.8632  7.4
  5.806 2350 Alaska-slab2-v3                                                                  192.3141   51.9389 10.0
  5.806 2351 Alaska-slab2-v3                                                                  192.2517   52.0185 11.8
  5.806 2352 Alaska-slab2-v3                                                                  192.1922   52.1001 13.0
  5.806 2353 Alaska-slab2-v3                                                                  192.1325   52.1817 14.1
  5.806 2363 Alaska-slab2-v3                                                                  192.1090   51.8066  7.2
  5.806 2364 Alaska-slab2-v3                                                                  192.0433   51.8843  9.5
  5.806 2365 Alaska-slab2-v3                                                                  191.9823   51.9645 11.2
  5.806 2366 Alaska-slab2-v3                                                                  191.9245   52.0465 12.5
  5.806 2367 Alaska-slab2-v3                                                                  191.8665   52.1286 13.7
  5.806 2377 Alaska-slab2-v3                                                                  191.8351   51.7486  7.1
  5.806 2378 Alaska-slab2-v3                                                                  191.7736   51.8283  9.0
  5.806 2379 Alaska-slab2-v3                                                                  191.7145   51.9093 10.6
  5.806 2380 Alaska-slab2-v3                                                                  191.6577   51.9915 12.0
  5.806 2381 Alaska-slab2-v3                                                                  191.6008   52.0738 13.2
  5.806 2382 Alaska-slab2-v3                                                                  191.5442   52.1559 14.6
  5.806 2391 Alaska-slab2-v3                                                                  191.5618   51.6883  6.9
  5.806 2392 Alaska-slab2-v3                                                                  191.5042   51.7695  8.6
  5.806 2393 Alaska-slab2-v3                                                                  191.4470   51.8512 10.1
  5.806 2394 Alaska-slab2-v3                                                                  191.3907   51.9335 11.5
  5.806 2395 Alaska-slab2-v3                                                                  191.3344   52.0158 12.8
  5.806 2396 Alaska-slab2-v3                                                                  191.2780   52.0980 14.1
  5.806 2404 Alaska-slab2-v3                                                                  191.2896   51.6250  6.8
  5.806 2405 Alaska-slab2-v3                                                                  191.2343   51.7071  8.3
  5.806 2406 Alaska-slab2-v3                                                                  191.1788   51.7894  9.8
  5.806 2407 Alaska-slab2-v3                                                                  191.1231   51.8718 11.1
  5.806 2408 Alaska-slab2-v3                                                                  191.0673   51.9542 12.4
  5.806 2409 Alaska-slab2-v3                                                                  191.0114   52.0365 13.9
  5.806 2417 Alaska-slab2-v3                                                                  191.0187   51.5590  6.7
  5.806 2418 Alaska-slab2-v3                                                                  190.9645   51.6415  8.2
  5.806 2419 Alaska-slab2-v3                                                                  190.9099   51.7241  9.6
  5.806 2420 Alaska-slab2-v3                                                                  190.8552   51.8068 10.9
  5.806 2421 Alaska-slab2-v3                                                                  190.8003   51.8894 12.2
  5.806 2422 Alaska-slab2-v3                                                                  190.7453   51.9718 13.7
  5.806 2430 Alaska-slab2-v3                                                                  190.7489   51.4914  6.7
  5.806 2431 Alaska-slab2-v3                                                                  190.6952   51.5741  8.1
  5.806 2432 Alaska-slab2-v3                                                                  190.6413   51.6569  9.5
  5.806 2433 Alaska-slab2-v3                                                                  190.5875   51.7398 10.8
  5.806 2434 Alaska-slab2-v3                                                                  190.5337   51.8227 12.1
  5.806 2435 Alaska-slab2-v3                                                                  190.4798   51.9054 13.5
  5.806 2443 Alaska-slab2-v3                                                                  190.4797   51.4236  6.7
  5.806 2444 Alaska-slab2-v3                                                                  190.4265   51.5064  8.1
  5.806 2445 Alaska-slab2-v3                                                                  190.3732   51.5893  9.5
  5.806 2446 Alaska-slab2-v3                                                                  190.3203   51.6724 10.8
  5.806 2447 Alaska-slab2-v3                                                                  190.2676   51.7556 12.1
  5.806 2448 Alaska-slab2-v3                                                                  190.2149   51.8385 13.5
  5.806 2456 Alaska-slab2-v3                                                                  190.2103   51.3567  6.8
  5.806 2457 Alaska-slab2-v3                                                                  190.1579   51.4396  8.2
  5.806 2458 Alaska-slab2-v3                                                                  190.1055   51.5226  9.6
  5.806 2459 Alaska-slab2-v3                                                                  190.0536   51.6059 10.9
  5.806 2460 Alaska-slab2-v3                                                                  190.0020   51.6893 12.2
  5.806 2461 Alaska-slab2-v3                                                                  189.9504   51.7725 13.7
  5.806 2469 Alaska-slab2-v3                                                                  189.9402   51.2920  6.8
  5.806 2470 Alaska-slab2-v3                                                                  189.8891   51.3750  8.4
  5.806 2471 Alaska-slab2-v3                                                                  189.8380   51.4582  9.9
  5.806 2472 Alaska-slab2-v3                                                                  189.7873   51.5417 11.3
  5.806 2473 Alaska-slab2-v3                                                                  189.7369   51.6254 12.6
  5.806 2474 Alaska-slab2-v3                                                                  189.6864   51.7088 14.1
  5.806 2482 Alaska-slab2-v3                                                                  189.6688   51.2307  6.9
  5.806 2483 Alaska-slab2-v3                                                                  189.6196   51.3137  8.8
  5.806 2484 Alaska-slab2-v3                                                                  189.5703   51.3972 10.4
  5.806 2485 Alaska-slab2-v3                                                                  189.5211   51.4810 11.7
  5.806 2486 Alaska-slab2-v3                                                                  189.4718   51.5649 13.1
  5.806 2487 Alaska-slab2-v3                                                                  189.4233   51.6486 14.6
  5.806 2495 Alaska-slab2-v3                                                                  189.3958   51.1735  7.1
  5.806 2496 Alaska-slab2-v3                                                                  189.3493   51.2566  9.2
  5.806 2497 Alaska-slab2-v3                                                                  189.3020   51.3403 10.9
  5.806 2498 Alaska-slab2-v3                                                                  189.2542   51.4244 12.3
  5.806 2499 Alaska-slab2-v3                                                                  189.2063   51.5085 13.6
  5.806 2508 Alaska-slab2-v3                                                                  189.1215   51.1204  7.4
  5.806 2509 Alaska-slab2-v3                                                                  189.0781   51.2032  9.9
  5.806 2510 Alaska-slab2-v3                                                                  189.0329   51.2871 11.7
  5.806 2511 Alaska-slab2-v3                                                                  188.9866   51.3716 13.0
  5.806 2512 Alaska-slab2-v3                                                                  188.9407   51.4562 14.3
  5.806 2521 Alaska-slab2-v3                                                                  188.8463   51.0704  7.7
  5.806 2522 Alaska-slab2-v3                                                                  188.8060   51.1527 10.6
  5.806 2523 Alaska-slab2-v3                                                                  188.7626   51.2368 12.5
  5.806 2524 Alaska-slab2-v3                                                                  188.7182   51.3218 13.7
  5.806 2534 Alaska-slab2-v3                                                                  188.5701   51.0230  8.1
  5.806 2535 Alaska-slab2-v3                                                                  188.5329   51.1043 11.4
  5.806 2536 Alaska-slab2-v3                                                                  188.4913   51.1887 13.2
  5.806 2537 Alaska-slab2-v3                                                                  188.4488   51.2742 14.3
  5.806 2546 Alaska-slab2-v3                                                                  188.2929   50.9776  8.3
  5.806 2547 Alaska-slab2-v3                                                                  188.2584   51.0580 12.0
  5.806 2548 Alaska-slab2-v3                                                                  188.2186   51.1427 13.8
  5.806 2549 Alaska-slab2-v3                                                                  188.1783   51.2288 14.7
  5.806 2558 Alaska-slab2-v3                                                                  188.0151   50.9341  8.5
  5.806 2559 Alaska-slab2-v3                                                                  187.9829   51.0142 12.3
  5.806 2560 Alaska-slab2-v3                                                                  187.9448   51.0992 14.0
  5.806 2561 Alaska-slab2-v3                                                                  187.9064   51.1856 14.9
  5.806 2570 Alaska-slab2-v3                                                                  187.7371   50.8920  8.4
  5.806 2571 Alaska-slab2-v3                                                                  187.7070   50.9726 12.2
  5.806 2572 Alaska-slab2-v3                                                                  187.6702   51.0578 14.0
  5.806 2573 Alaska-slab2-v3                                                                  187.6335   51.1444 15.0
  5.806 2582 Alaska-slab2-v3                                                                  187.4593   50.8505  8.3
  5.806 2583 Alaska-slab2-v3                                                                  187.4311   50.9322 11.8
  5.806 2584 Alaska-slab2-v3                                                                  187.3957   51.0176 13.7
  5.806 2585 Alaska-slab2-v3                                                                  187.3605   51.1042 14.9
  5.806 2594 Alaska-slab2-v3                                                                  187.1815   50.8091  8.0
  5.806 2595 Alaska-slab2-v3                                                                  187.1553   50.8921 11.3
  5.806 2596 Alaska-slab2-v3                                                                  187.1217   50.9776 13.3
  5.806 2597 Alaska-slab2-v3                                                                  187.0879   51.0642 14.8
  5.806 2606 Alaska-slab2-v3                                                                  186.9034   50.7677  7.8
  5.806 2607 Alaska-slab2-v3                                                                  186.8792   50.8520 10.8
  5.806 2608 Alaska-slab2-v3                                                                  186.8480   50.9377 12.9
  5.806 2609 Alaska-slab2-v3                                                                  186.8157   51.0243 14.5
  5.806 2618 Alaska-slab2-v3                                                                  186.6250   50.7270  7.6
  5.806 2619 Alaska-slab2-v3                                                                  186.6029   50.8123 10.3
  5.806 2620 Alaska-slab2-v3                                                                  186.5747   50.8985 12.4
  5.806 2621 Alaska-slab2-v3                                                                  186.5444   50.9853 14.0
  5.806 2631 Alaska-slab2-v3                                                                  186.3462   50.6875  7.4
  5.806 2632 Alaska-slab2-v3                                                                  186.3261   50.7736  9.9
  5.806 2633 Alaska-slab2-v3                                                                  186.3013   50.8604 11.9
  5.806 2634 Alaska-slab2-v3                                                                  186.2741   50.9477 13.5
  5.806 2635 Alaska-slab2-v3                                                                  186.2478   51.0353 15.0
  5.806 2644 Alaska-slab2-v3                                                                  186.0671   50.6497  7.3
  5.806 2645 Alaska-slab2-v3                                                                  186.0487   50.7365  9.6
  5.806 2646 Alaska-slab2-v3                                                                  186.0271   50.8239 11.5
  5.806 2647 Alaska-slab2-v3                                                                  186.0035   50.9118 12.9
  5.806 2648 Alaska-slab2-v3                                                                  185.9799   50.9999 14.2
  5.806 2657 Alaska-slab2-v3                                                                  185.7873   50.6143  7.2
  5.806 2658 Alaska-slab2-v3                                                                  185.7703   50.7014  9.5
  5.806 2659 Alaska-slab2-v3                                                                  185.7512   50.7892 11.2
  5.806 2660 Alaska-slab2-v3                                                                  185.7307   50.8777 12.5
  5.806 2661 Alaska-slab2-v3                                                                  185.7100   50.9662 13.6
  5.806 2662 Alaska-slab2-v3                                                                  185.6891   51.0545 14.9
  5.806 2671 Alaska-slab2-v3                                                                  185.5072   50.5812  7.2
  5.806 2672 Alaska-slab2-v3                                                                  185.4912   50.6685  9.4
  5.806 2673 Alaska-slab2-v3                                                                  185.4736   50.7566 11.1
  5.806 2674 Alaska-slab2-v3                                                                  185.4549   50.8453 12.3
  5.806 2675 Alaska-slab2-v3                                                                  185.4362   50.9342 13.2
  5.806 2676 Alaska-slab2-v3                                                                  185.4172   51.0229 14.4
  5.806 2685 Alaska-slab2-v3                                                                  185.2267   50.5503  7.2
  5.806 2686 Alaska-slab2-v3                                                                  185.2117   50.6377  9.4
  5.806 2687 Alaska-slab2-v3                                                                  185.1952   50.7258 11.1
  5.806 2688 Alaska-slab2-v3                                                                  185.1776   50.8146 12.3
  5.806 2689 Alaska-slab2-v3                                                                  185.1598   50.9036 13.2
  5.806 2690 Alaska-slab2-v3                                                                  185.1420   50.9925 14.2
  5.806 2700 Alaska-slab2-v3                                                                  184.9459   50.5211  7.2
  5.806 2701 Alaska-slab2-v3                                                                  184.9321   50.6085  9.4
  5.806 2702 Alaska-slab2-v3                                                                  184.9167   50.6967 11.2
  5.806 2703 Alaska-slab2-v3                                                                  184.9002   50.7854 12.4
  5.806 2704 Alaska-slab2-v3                                                                  184.8836   50.8745 13.4
  5.806 2705 Alaska-slab2-v3                                                                  184.8668   50.9635 14.4
  5.806 2715 Alaska-slab2-v3                                                                  184.6650   50.4933  7.2
  5.806 2716 Alaska-slab2-v3                                                                  184.6522   50.5808  9.4
  5.806 2717 Alaska-slab2-v3                                                                  184.6381   50.6690 11.2
  5.806 2718 Alaska-slab2-v3                                                                  184.6230   50.7578 12.5
  5.806 2719 Alaska-slab2-v3                                                                  184.6078   50.8468 13.6
  5.806 2720 Alaska-slab2-v3                                                                  184.5923   50.9359 14.6
  5.806 2730 Alaska-slab2-v3                                                                  184.3837   50.4670  7.2
  5.806 2731 Alaska-slab2-v3                                                                  184.3720   50.5546  9.4
  5.806 2732 Alaska-slab2-v3                                                                  184.3591   50.6428 11.2
  5.806 2733 Alaska-slab2-v3                                                                  184.3452   50.7316 12.6
  5.806 2734 Alaska-slab2-v3                                                                  184.3312   50.8207 13.7
  5.806 2735 Alaska-slab2-v3                                                                  184.3167   50.9099 14.7
  5.806 2745 Alaska-slab2-v3                                                                  184.1023   50.4426  7.2
  5.806 2746 Alaska-slab2-v3                                                                  184.0914   50.5302  9.3
  5.806 2747 Alaska-slab2-v3                                                                  184.0794   50.6186 11.1
  5.806 2748 Alaska-slab2-v3                                                                  184.0666   50.7074 12.5
  5.806 2749 Alaska-slab2-v3                                                                  184.0536   50.7966 13.6
  5.806 2750 Alaska-slab2-v3                                                                  184.0402   50.8858 14.6
  5.806 2760 Alaska-slab2-v3                                                                  183.8205   50.4203  7.2
  5.806 2761 Alaska-slab2-v3                                                                  183.8105   50.5081  9.3
  5.806 2762 Alaska-slab2-v3                                                                  183.7994   50.5965 11.0
  5.806 2763 Alaska-slab2-v3                                                                  183.7875   50.6855 12.3
  5.806 2764 Alaska-slab2-v3                                                                  183.7755   50.7748 13.4
  5.806 2765 Alaska-slab2-v3                                                                  183.7633   50.8640 14.5
  5.806 2775 Alaska-slab2-v3                                                                  183.5384   50.4006  7.1
  5.806 2776 Alaska-slab2-v3                                                                  183.5292   50.4885  9.2
  5.806 2777 Alaska-slab2-v3                                                                  183.5191   50.5771 10.9
  5.806 2778 Alaska-slab2-v3                                                                  183.5081   50.6662 12.2
  5.806 2779 Alaska-slab2-v3                                                                  183.4970   50.7555 13.2
  5.806 2780 Alaska-slab2-v3                                                                  183.4859   50.8448 14.3
  5.806 2790 Alaska-slab2-v3                                                                  183.2559   50.3839  7.1
  5.806 2791 Alaska-slab2-v3                                                                  183.2476   50.4719  9.2
  5.806 2792 Alaska-slab2-v3                                                                  183.2383   50.5605 10.8
  5.806 2793 Alaska-slab2-v3                                                                  183.2282   50.6497 12.1
  5.806 2794 Alaska-slab2-v3                                                                  183.2180   50.7391 13.1
  5.806 2795 Alaska-slab2-v3                                                                  183.2078   50.8284 14.2
  5.806 2805 Alaska-slab2-v3                                                                  182.9730   50.3703  7.1
  5.806 2806 Alaska-slab2-v3                                                                  182.9656   50.4585  9.1
  5.806 2807 Alaska-slab2-v3                                                                  182.9573   50.5472 10.7
  5.806 2808 Alaska-slab2-v3                                                                  182.9481   50.6364 12.0
  5.806 2809 Alaska-slab2-v3                                                                  182.9388   50.7258 13.0
  5.806 2810 Alaska-slab2-v3                                                                  182.9294   50.8151 14.2
